1 2
2 3
3 5
4 6
5 7
6 8
7 10
8 11
9 12
10 13
11 14
12 15
13 17
14 18
15 19
16 20
17 21
18 22
19 23
20 24
21 26
22 27
23 28
24 29
25 30
26 31
27 32
28 33
29 34
30 35
31 37
32 38
33 39
34 40
35 41
36 42
37 43
38 44
39 45
40 46
41 47
42 48
43 50
44 51
45 52
46 53
47 54
48 55
49 56
50 57
51 58
52 59
53 60
54 61
55 62
56 63
57 65
58 66
59 67
60 68
61 69
62 70
63 71
64 72
65 73
66 74
67 75
68 76
69 77
70 78
71 79
72 80
73 82
74 83
75 84
76 85
77 86
78 87
79 88
80 89
81 90
82 91
83 92
84 93
85 94
86 95
87 96
88 97
89 98
90 99
91 101
92 102
93 103
94 104
95 105
96 106
97 107
98 108
99 109
100 110
101 111
102 112
103 113
104 114
105 115
106 116
107 117
108 118
109 119
110 120
111 122
112 123
113 124
114 125
115 126
116 127
117 128
118 129
119 130
120 131
121 132
122 133
123 134
124 135
125 136
126 137
127 138
128 139
129 140
130 141
131 142
132 143
133 145
134 146
135 147
136 148
137 149
138 150
139 151
140 152
141 153
142 154
143 155
144 156
145 157
146 158
147 159
148 160
149 161
150 162
151 163
152 164
153 165
154 166
155 167
156 168
157 170
158 171
159 172
160 173
161 174
162 175
163 176
164 177
165 178
166 179
167 180
168 181
169 182
170 183
171 184
172 185
173 186
174 187
175 188
176 189
177 190
178 191
179 192
180 193
181 194
182 195
183 197
184 198
185 199
186 200
187 201
188 202
189 203
190 204
191 205
192 206
193 207
194 208
195 209
196 210
197 211
198 212
199 213
200 214
201 215
202 216
203 217
204 218
205 219
206 220
207 221
208 222
209 223
210 224
211 226
212 227
213 228
214 229
215 230
216 231
217 232
218 233
219 234
220 235
221 236
222 237
223 238
224 239
225 240
226 241
227 242
228 243
229 244
230 245
231 246
232 247
233 248
234 249
235 250
236 251
237 252
238 253
239 254
240 255
241 257
242 258
243 259
244 260
245 261
246 262
247 263
248 264
249 265
250 266
251 267
252 268
253 269
254 270
255 271
256 272
257 273
258 274
259 275
260 276
261 277
262 278
263 279
264 280
265 281
266 282
267 283
268 284
269 285
270 286
271 287
272 288
273 290
274 291
275 292
276 293
277 294
278 295
279 296
280 297
281 298
282 299
283 300
284 301
285 302
286 303
287 304
288 305
289 306
290 307
291 308
292 309
293 310
294 311
295 312
296 313
297 314
298 315
299 316
300 317
301 318
302 319
303 320
304 321
305 322
306 323
307 325
308 326
309 327
310 328
311 329
312 330
313 331
314 332
315 333
316 334
317 335
318 336
319 337
320 338
321 339
322 340
323 341
324 342
325 343
326 344
327 345
328 346
329 347
330 348
331 349
332 350
333 351
334 352
335 353
336 354
337 355
338 356
339 357
340 358
341 359
342 360
343 362
344 363
345 364
346 365
347 366
348 367
349 368
350 369
351 370
352 371
353 372
354 373
355 374
356 375
357 376
358 377
359 378
360 379
361 380
362 381
363 382
364 383
365 384
366 385
367 386
368 387
369 388
370 389
371 390
372 391
373 392
374 393
375 394
376 395
377 396
378 397
379 398
380 399
381 401
382 402
383 403
384 404
385 405
386 406
387 407
388 408
389 409
390 410
391 411
392 412
393 413
394 414
395 415
396 416
397 417
398 418
399 419
400 420
401 421
402 422
403 423
404 424
405 425
406 426
407 427
408 428
409 429
410 430
411 431
412 432
413 433
414 434
415 435
416 436
417 437
418 438
419 439
420 440
421 442
422 443
423 444
424 445
425 446
426 447
427 448
428 449
429 450
430 451
431 452
432 453
433 454
434 455
435 456
436 457
437 458
438 459
439 460
440 461
441 462
442 463
443 464
444 465
445 466
446 467
447 468
448 469
449 470
450 471
451 472
452 473
453 474
454 475
455 476
456 477
457 478
458 479
459 480
460 481
461 482
462 483
463 485
464 486
465 487
466 488
467 489
468 490
469 491
470 492
471 493
472 494
473 495
474 496
475 497
476 498
477 499
478 500
479 501
480 502
481 503
482 504
483 505
484 506
485 507
486 508
487 509
488 510
489 511
490 512
491 513
492 514
493 515
494 516
495 517
496 518
497 519
498 520
499 521
500 522
501 523
502 524
503 525
504 526
505 527
506 528
507 530
508 531
509 532
510 533
511 534
512 535
513 536
514 537
515 538
516 539
517 540
518 541
519 542
520 543
521 544
522 545
523 546
524 547
525 548
526 549
527 550
528 551
529 552
530 553
531 554
532 555
533 556
534 557
535 558
536 559
537 560
538 561
539 562
540 563
541 564
542 565
543 566
544 567
545 568
546 569
547 570
548 571
549 572
550 573
551 574
552 575
553 577
554 578
555 579
556 580
557 581
558 582
559 583
560 584
561 585
562 586
563 587
564 588
565 589
566 590
567 591
568 592
569 593
570 594
571 595
572 596
573 597
574 598
575 599
576 600
577 601
578 602
579 603
580 604
581 605
582 606
583 607
584 608
585 609
586 610
587 611
588 612
589 613
590 614
591 615
592 616
593 617
594 618
595 619
596 620
597 621
598 622
599 623
600 624
601 626
602 627
603 628
604 629
605 630
606 631
607 632
608 633
609 634
610 635
611 636
612 637
613 638
614 639
615 640
616 641
617 642
618 643
619 644
620 645
621 646
622 647
623 648
624 649
625 650
626 651
627 652
628 653
629 654
630 655
631 656
632 657
633 658
634 659
635 660
636 661
637 662
638 663
639 664
640 665
641 666
642 667
643 668
644 669
645 670
646 671
647 672
648 673
649 674
650 675
651 677
652 678
653 679
654 680
655 681
656 682
657 683
658 684
659 685
660 686
661 687
662 688
663 689
664 690
665 691
666 692
667 693
668 694
669 695
670 696
671 697
672 698
673 699
674 700
675 701
676 702
677 703
678 704
679 705
680 706
681 707
682 708
683 709
684 710
685 711
686 712
687 713
688 714
689 715
690 716
691 717
692 718
693 719
694 720
695 721
696 722
697 723
698 724
699 725
700 726
701 727
702 728
703 730
704 731
705 732
706 733
707 734
708 735
709 736
710 737
711 738
712 739
713 740
714 741
715 742
716 743
717 744
718 745
719 746
720 747
721 748
722 749
723 750
724 751
725 752
726 753
727 754
728 755
729 756
730 757
731 758
732 759
733 760
734 761
735 762
736 763
737 764
738 765
739 766
740 767
741 768
742 769
743 770
744 771
745 772
746 773
747 774
748 775
749 776
750 777
751 778
752 779
753 780
754 781
755 782
756 783
757 785
758 786
759 787
760 788
761 789
762 790
763 791
764 792
765 793
766 794
767 795
768 796
769 797
770 798
771 799
772 800
773 801
774 802
775 803
776 804
777 805
778 806
779 807
780 808
781 809
782 810
783 811
784 812
785 813
786 814
787 815
788 816
789 817
790 818
791 819
792 820
793 821
794 822
795 823
796 824
797 825
798 826
799 827
800 828
801 829
802 830
803 831
804 832
805 833
806 834
807 835
808 836
809 837
810 838
811 839
812 840
813 842
814 843
815 844
816 845
817 846
818 847
819 848
820 849
821 850
822 851
823 852
824 853
825 854
826 855
827 856
828 857
829 858
830 859
831 860
832 861
833 862
834 863
835 864
836 865
837 866
838 867
839 868
840 869
841 870
842 871
843 872
844 873
845 874
846 875
847 876
848 877
849 878
850 879
851 880
852 881
853 882
854 883
855 884
856 885
857 886
858 887
859 888
860 889
861 890
862 891
863 892
864 893
865 894
866 895
867 896
868 897
869 898
870 899
871 901
872 902
873 903
874 904
875 905
876 906
877 907
878 908
879 909
880 910
881 911
882 912
883 913
884 914
885 915
886 916
887 917
888 918
889 919
890 920
891 921
892 922
893 923
894 924
895 925
896 926
897 927
898 928
899 929
900 930
901 931
902 932
903 933
904 934
905 935
906 936
907 937
908 938
909 939
910 940
911 941
912 942
913 943
914 944
915 945
916 946
917 947
918 948
919 949
920 950
921 951
922 952
923 953
924 954
925 955
926 956
927 957
928 958
929 959
930 960
931 962
932 963
933 964
934 965
935 966
936 967
937 968
938 969
939 970
940 971
941 972
942 973
943 974
944 975
945 976
946 977
947 978
948 979
949 980
950 981
951 982
952 983
953 984
954 985
955 986
956 987
957 988
958 989
959 990
960 991
961 992
962 993
963 994
964 995
965 996
966 997
967 998
968 999
969 1000
970 1001
971 1002
972 1003
973 1004
974 1005
975 1006
976 1007
977 1008
978 1009
979 1010
980 1011
981 1012
982 1013
983 1014
984 1015
985 1016
986 1017
987 1018
988 1019
989 1020
990 1021
991 1022
992 1023
993 1025
994 1026
995 1027
996 1028
997 1029
998 1030
999 1031
1000 1032
1001 1033
1002 1034
1003 1035
1004 1036
1005 1037
1006 1038
1007 1039
1008 1040
1009 1041
1010 1042
1011 1043
1012 1044
1013 1045
1014 1046
1015 1047
1016 1048
1017 1049
1018 1050
1019 1051
1020 1052
1021 1053
1022 1054
1023 1055
1024 1056
1025 1057
1026 1058
1027 1059
1028 1060
1029 1061
1030 1062
1031 1063
1032 1064
1033 1065
1034 1066
1035 1067
1036 1068
1037 1069
1038 1070
1039 1071
1040 1072
1041 1073
1042 1074
1043 1075
1044 1076
1045 1077
1046 1078
1047 1079
1048 1080
1049 1081
1050 1082
1051 1083
1052 1084
1053 1085
1054 1086
1055 1087
1056 1088
1057 1090
1058 1091
1059 1092
1060 1093
1061 1094
1062 1095
1063 1096
1064 1097
1065 1098
1066 1099
1067 1100
1068 1101
1069 1102
1070 1103
1071 1104
1072 1105
1073 1106
1074 1107
1075 1108
1076 1109
1077 1110
1078 1111
1079 1112
1080 1113
1081 1114
1082 1115
1083 1116
1084 1117
1085 1118
1086 1119
1087 1120
1088 1121
1089 1122
1090 1123
1091 1124
1092 1125
1093 1126
1094 1127
1095 1128
1096 1129
1097 1130
1098 1131
1099 1132
1100 1133
1101 1134
1102 1135
1103 1136
1104 1137
1105 1138
1106 1139
1107 1140
1108 1141
1109 1142
1110 1143
1111 1144
1112 1145
1113 1146
1114 1147
1115 1148
1116 1149
1117 1150
1118 1151
1119 1152
1120 1153
1121 1154
1122 1155
1123 1157
1124 1158
1125 1159
1126 1160
1127 1161
1128 1162
1129 1163
1130 1164
1131 1165
1132 1166
1133 1167
1134 1168
1135 1169
1136 1170
1137 1171
1138 1172
1139 1173
1140 1174
1141 1175
1142 1176
1143 1177
1144 1178
1145 1179
1146 1180
1147 1181
1148 1182
1149 1183
1150 1184
1151 1185
1152 1186
1153 1187
1154 1188
1155 1189
1156 1190
1157 1191
1158 1192
1159 1193
1160 1194
1161 1195
1162 1196
1163 1197
1164 1198
1165 1199
1166 1200
1167 1201
1168 1202
1169 1203
1170 1204
1171 1205
1172 1206
1173 1207
1174 1208
1175 1209
1176 1210
1177 1211
1178 1212
1179 1213
1180 1214
1181 1215
1182 1216
1183 1217
1184 1218
1185 1219
1186 1220
1187 1221
1188 1222
1189 1223
1190 1224
1191 1226
1192 1227
1193 1228
1194 1229
1195 1230
1196 1231
1197 1232
1198 1233
1199 1234
1200 1235
1201 1236
1202 1237
1203 1238
1204 1239
1205 1240
1206 1241
1207 1242
1208 1243
1209 1244
1210 1245
1211 1246
1212 1247
1213 1248
1214 1249
1215 1250
1216 1251
1217 1252
1218 1253
1219 1254
1220 1255
1221 1256
1222 1257
1223 1258
1224 1259
1225 1260
1226 1261
1227 1262
1228 1263
1229 1264
1230 1265
1231 1266
1232 1267
1233 1268
1234 1269
1235 1270
1236 1271
1237 1272
1238 1273
1239 1274
1240 1275
1241 1276
1242 1277
1243 1278
1244 1279
1245 1280
1246 1281
1247 1282
1248 1283
1249 1284
1250 1285
1251 1286
1252 1287
1253 1288
1254 1289
1255 1290
1256 1291
1257 1292
1258 1293
1259 1294
1260 1295
1261 1297
1262 1298
1263 1299
1264 1300
1265 1301
1266 1302
1267 1303
1268 1304
1269 1305
1270 1306
1271 1307
1272 1308
1273 1309
1274 1310
1275 1311
1276 1312
1277 1313
1278 1314
1279 1315
1280 1316
1281 1317
1282 1318
1283 1319
1284 1320
1285 1321
1286 1322
1287 1323
1288 1324
1289 1325
1290 1326
1291 1327
1292 1328
1293 1329
1294 1330
1295 1331
1296 1332
1297 1333
1298 1334
1299 1335
1300 1336
1301 1337
1302 1338
1303 1339
1304 1340
1305 1341
1306 1342
1307 1343
1308 1344
1309 1345
1310 1346
1311 1347
1312 1348
1313 1349
1314 1350
1315 1351
1316 1352
1317 1353
1318 1354
1319 1355
1320 1356
1321 1357
1322 1358
1323 1359
1324 1360
1325 1361
1326 1362
1327 1363
1328 1364
1329 1365
1330 1366
1331 1367
1332 1368
1333 1370
1334 1371
1335 1372
1336 1373
1337 1374
1338 1375
1339 1376
1340 1377
1341 1378
1342 1379
1343 1380
1344 1381
1345 1382
1346 1383
1347 1384
1348 1385
1349 1386
1350 1387
1351 1388
1352 1389
1353 1390
1354 1391
1355 1392
1356 1393
1357 1394
1358 1395
1359 1396
1360 1397
1361 1398
1362 1399
1363 1400
1364 1401
1365 1402
1366 1403
1367 1404
1368 1405
1369 1406
1370 1407
1371 1408
1372 1409
1373 1410
1374 1411
1375 1412
1376 1413
1377 1414
1378 1415
1379 1416
1380 1417
1381 1418
1382 1419
1383 1420
1384 1421
1385 1422
1386 1423
1387 1424
1388 1425
1389 1426
1390 1427
1391 1428
1392 1429
1393 1430
1394 1431
1395 1432
1396 1433
1397 1434
1398 1435
1399 1436
1400 1437
1401 1438
1402 1439
1403 1440
1404 1441
1405 1442
1406 1443
1407 1445
1408 1446
1409 1447
1410 1448
1411 1449
1412 1450
1413 1451
1414 1452
1415 1453
1416 1454
1417 1455
1418 1456
1419 1457
1420 1458
1421 1459
1422 1460
1423 1461
1424 1462
1425 1463
1426 1464
1427 1465
1428 1466
1429 1467
1430 1468
1431 1469
1432 1470
1433 1471
1434 1472
1435 1473
1436 1474
1437 1475
1438 1476
1439 1477
1440 1478
1441 1479
1442 1480
1443 1481
1444 1482
1445 1483
1446 1484
1447 1485
1448 1486
1449 1487
1450 1488
1451 1489
1452 1490
1453 1491
1454 1492
1455 1493
1456 1494
1457 1495
1458 1496
1459 1497
1460 1498
1461 1499
1462 1500
1463 1501
1464 1502
1465 1503
1466 1504
1467 1505
1468 1506
1469 1507
1470 1508
1471 1509
1472 1510
1473 1511
1474 1512
1475 1513
1476 1514
1477 1515
1478 1516
1479 1517
1480 1518
1481 1519
1482 1520
1483 1522
1484 1523
1485 1524
1486 1525
1487 1526
1488 1527
1489 1528
1490 1529
1491 1530
1492 1531
1493 1532
1494 1533
1495 1534
1496 1535
1497 1536
1498 1537
1499 1538
1500 1539
1501 1540
1502 1541
1503 1542
1504 1543
1505 1544
1506 1545
1507 1546
1508 1547
1509 1548
1510 1549
1511 1550
1512 1551
1513 1552
1514 1553
1515 1554
1516 1555
1517 1556
1518 1557
1519 1558
1520 1559
1521 1560
1522 1561
1523 1562
1524 1563
1525 1564
1526 1565
1527 1566
1528 1567
1529 1568
1530 1569
1531 1570
1532 1571
1533 1572
1534 1573
1535 1574
1536 1575
1537 1576
1538 1577
1539 1578
1540 1579
1541 1580
1542 1581
1543 1582
1544 1583
1545 1584
1546 1585
1547 1586
1548 1587
1549 1588
1550 1589
1551 1590
1552 1591
1553 1592
1554 1593
1555 1594
1556 1595
1557 1596
1558 1597
1559 1598
1560 1599
1561 1601
1562 1602
1563 1603
1564 1604
1565 1605
1566 1606
1567 1607
1568 1608
1569 1609
1570 1610
1571 1611
1572 1612
1573 1613
1574 1614
1575 1615
1576 1616
1577 1617
1578 1618
1579 1619
1580 1620
1581 1621
1582 1622
1583 1623
1584 1624
1585 1625
1586 1626
1587 1627
1588 1628
1589 1629
1590 1630
1591 1631
1592 1632
1593 1633
1594 1634
1595 1635
1596 1636
1597 1637
1598 1638
1599 1639
1600 1640
1601 1641
1602 1642
1603 1643
1604 1644
1605 1645
1606 1646
1607 1647
1608 1648
1609 1649
1610 1650
1611 1651
1612 1652
1613 1653
1614 1654
1615 1655
1616 1656
1617 1657
1618 1658
1619 1659
1620 1660
1621 1661
1622 1662
1623 1663
1624 1664
1625 1665
1626 1666
1627 1667
1628 1668
1629 1669
1630 1670
1631 1671
1632 1672
1633 1673
1634 1674
1635 1675
1636 1676
1637 1677
1638 1678
1639 1679
1640 1680
1641 1682
1642 1683
1643 1684
1644 1685
1645 1686
1646 1687
1647 1688
1648 1689
1649 1690
1650 1691
1651 1692
1652 1693
1653 1694
1654 1695
1655 1696
1656 1697
1657 1698
1658 1699
1659 1700
1660 1701
1661 1702
1662 1703
1663 1704
1664 1705
1665 1706
1666 1707
1667 1708
1668 1709
1669 1710
1670 1711
1671 1712
1672 1713
1673 1714
1674 1715
1675 1716
1676 1717
1677 1718
1678 1719
1679 1720
1680 1721
1681 1722
1682 1723
1683 1724
1684 1725
1685 1726
1686 1727
1687 1728
1688 1729
1689 1730
1690 1731
1691 1732
1692 1733
1693 1734
1694 1735
1695 1736
1696 1737
1697 1738
1698 1739
1699 1740
1700 1741
1701 1742
1702 1743
1703 1744
1704 1745
1705 1746
1706 1747
1707 1748
1708 1749
1709 1750
1710 1751
1711 1752
1712 1753
1713 1754
1714 1755
1715 1756
1716 1757
1717 1758
1718 1759
1719 1760
1720 1761
1721 1762
1722 1763
1723 1765
1724 1766
1725 1767
1726 1768
1727 1769
1728 1770
1729 1771
1730 1772
1731 1773
1732 1774
1733 1775
1734 1776
1735 1777
1736 1778
1737 1779
1738 1780
1739 1781
1740 1782
1741 1783
1742 1784
1743 1785
1744 1786
1745 1787
1746 1788
1747 1789
1748 1790
1749 1791
1750 1792
1751 1793
1752 1794
1753 1795
1754 1796
1755 1797
1756 1798
1757 1799
1758 1800
1759 1801
1760 1802
1761 1803
1762 1804
1763 1805
1764 1806
1765 1807
1766 1808
1767 1809
1768 1810
1769 1811
1770 1812
1771 1813
1772 1814
1773 1815
1774 1816
1775 1817
1776 1818
1777 1819
1778 1820
1779 1821
1780 1822
1781 1823
1782 1824
1783 1825
1784 1826
1785 1827
1786 1828
1787 1829
1788 1830
1789 1831
1790 1832
1791 1833
1792 1834
1793 1835
1794 1836
1795 1837
1796 1838
1797 1839
1798 1840
1799 1841
1800 1842
1801 1843
1802 1844
1803 1845
1804 1846
1805 1847
1806 1848
1807 1850
1808 1851
1809 1852
1810 1853
1811 1854
1812 1855
1813 1856
1814 1857
1815 1858
1816 1859
1817 1860
1818 1861
1819 1862
1820 1863
1821 1864
1822 1865
1823 1866
1824 1867
1825 1868
1826 1869
1827 1870
1828 1871
1829 1872
1830 1873
1831 1874
1832 1875
1833 1876
1834 1877
1835 1878
1836 1879
1837 1880
1838 1881
1839 1882
1840 1883
1841 1884
1842 1885
1843 1886
1844 1887
1845 1888
1846 1889
1847 1890
1848 1891
1849 1892
1850 1893
1851 1894
1852 1895
1853 1896
1854 1897
1855 1898
1856 1899
1857 1900
1858 1901
1859 1902
1860 1903
1861 1904
1862 1905
1863 1906
1864 1907
1865 1908
1866 1909
1867 1910
1868 1911
1869 1912
1870 1913
1871 1914
1872 1915
1873 1916
1874 1917
1875 1918
1876 1919
1877 1920
1878 1921
1879 1922
1880 1923
1881 1924
1882 1925
1883 1926
1884 1927
1885 1928
1886 1929
1887 1930
1888 1931
1889 1932
1890 1933
1891 1934
1892 1935
1893 1937
1894 1938
1895 1939
1896 1940
1897 1941
1898 1942
1899 1943
1900 1944
1901 1945
1902 1946
1903 1947
1904 1948
1905 1949
1906 1950
1907 1951
1908 1952
1909 1953
1910 1954
1911 1955
1912 1956
1913 1957
1914 1958
1915 1959
1916 1960
1917 1961
1918 1962
1919 1963
1920 1964
1921 1965
1922 1966
1923 1967
1924 1968
1925 1969
1926 1970
1927 1971
1928 1972
1929 1973
1930 1974
1931 1975
1932 1976
1933 1977
1934 1978
1935 1979
1936 1980
1937 1981
1938 1982
1939 1983
1940 1984
1941 1985
1942 1986
1943 1987
1944 1988
1945 1989
1946 1990
1947 1991
1948 1992
1949 1993
1950 1994
1951 1995
1952 1996
1953 1997
1954 1998
1955 1999
1956 2000
1957 2001
1958 2002
1959 2003
1960 2004
1961 2005
1962 2006
1963 2007
1964 2008
1965 2009
1966 2010
1967 2011
1968 2012
1969 2013
1970 2014
1971 2015
1972 2016
1973 2017
1974 2018
1975 2019
1976 2020
1977 2021
1978 2022
1979 2023
1980 2024
1981 2026
1982 2027
1983 2028
1984 2029
1985 2030
1986 2031
1987 2032
1988 2033
1989 2034
1990 2035
1991 2036
1992 2037
1993 2038
1994 2039
1995 2040
1996 2041
1997 2042
1998 2043
1999 2044
2000 2045
2001 2046
2002 2047
2003 2048
2004 2049
2005 2050
2006 2051
2007 2052
2008 2053
2009 2054
2010 2055
2011 2056
2012 2057
2013 2058
2014 2059
2015 2060
2016 2061
2017 2062
2018 2063
2019 2064
2020 2065
2021 2066
2022 2067
2023 2068
2024 2069
2025 2070
2026 2071
2027 2072
2028 2073
2029 2074
2030 2075
2031 2076
2032 2077
2033 2078
2034 2079
2035 2080
2036 2081
2037 2082
2038 2083
2039 2084
2040 2085
2041 2086
2042 2087
2043 2088
2044 2089
2045 2090
2046 2091
2047 2092
2048 2093
2049 2094
2050 2095
2051 2096
2052 2097
2053 2098
2054 2099
2055 2100
2056 2101
2057 2102
2058 2103
2059 2104
2060 2105
2061 2106
2062 2107
2063 2108
2064 2109
2065 2110
2066 2111
2067 2112
2068 2113
2069 2114
2070 2115
2071 2117
2072 2118
2073 2119
2074 2120
2075 2121
2076 2122
2077 2123
2078 2124
2079 2125
2080 2126
2081 2127
2082 2128
2083 2129
2084 2130
2085 2131
2086 2132
2087 2133
2088 2134
2089 2135
2090 2136
2091 2137
2092 2138
2093 2139
2094 2140
2095 2141
2096 2142
2097 2143
2098 2144
2099 2145
2100 2146
2101 2147
2102 2148
2103 2149
2104 2150
2105 2151
2106 2152
2107 2153
2108 2154
2109 2155
2110 2156
2111 2157
2112 2158
2113 2159
2114 2160
2115 2161
2116 2162
2117 2163
2118 2164
2119 2165
2120 2166
2121 2167
2122 2168
2123 2169
2124 2170
2125 2171
2126 2172
2127 2173
2128 2174
2129 2175
2130 2176
2131 2177
2132 2178
2133 2179
2134 2180
2135 2181
2136 2182
2137 2183
2138 2184
2139 2185
2140 2186
2141 2187
2142 2188
2143 2189
2144 2190
2145 2191
2146 2192
2147 2193
2148 2194
2149 2195
2150 2196
2151 2197
2152 2198
2153 2199
2154 2200
2155 2201
2156 2202
2157 2203
2158 2204
2159 2205
2160 2206
2161 2207
2162 2208
2163 2210
2164 2211
2165 2212
2166 2213
2167 2214
2168 2215
2169 2216
2170 2217
2171 2218
2172 2219
2173 2220
2174 2221
2175 2222
2176 2223
2177 2224
2178 2225
2179 2226
2180 2227
2181 2228
2182 2229
2183 2230
2184 2231
2185 2232
2186 2233
2187 2234
2188 2235
2189 2236
2190 2237
2191 2238
2192 2239
2193 2240
2194 2241
2195 2242
2196 2243
2197 2244
2198 2245
2199 2246
2200 2247
2201 2248
2202 2249
2203 2250
2204 2251
2205 2252
2206 2253
2207 2254
2208 2255
2209 2256
2210 2257
2211 2258
2212 2259
2213 2260
2214 2261
2215 2262
2216 2263
2217 2264
2218 2265
2219 2266
2220 2267
2221 2268
2222 2269
2223 2270
2224 2271
2225 2272
2226 2273
2227 2274
2228 2275
2229 2276
2230 2277
2231 2278
2232 2279
2233 2280
2234 2281
2235 2282
2236 2283
2237 2284
2238 2285
2239 2286
2240 2287
2241 2288
2242 2289
2243 2290
2244 2291
2245 2292
2246 2293
2247 2294
2248 2295
2249 2296
2250 2297
2251 2298
2252 2299
2253 2300
2254 2301
2255 2302
2256 2303
2257 2305
2258 2306
2259 2307
2260 2308
2261 2309
2262 2310
2263 2311
2264 2312
2265 2313
2266 2314
2267 2315
2268 2316
2269 2317
2270 2318
2271 2319
2272 2320
2273 2321
2274 2322
2275 2323
2276 2324
2277 2325
2278 2326
2279 2327
2280 2328
2281 2329
2282 2330
2283 2331
2284 2332
2285 2333
2286 2334
2287 2335
2288 2336
2289 2337
2290 2338
2291 2339
2292 2340
2293 2341
2294 2342
2295 2343
2296 2344
2297 2345
2298 2346
2299 2347
2300 2348
2301 2349
2302 2350
2303 2351
2304 2352
2305 2353
2306 2354
2307 2355
2308 2356
2309 2357
2310 2358
2311 2359
2312 2360
2313 2361
2314 2362
2315 2363
2316 2364
2317 2365
2318 2366
2319 2367
2320 2368
2321 2369
2322 2370
2323 2371
2324 2372
2325 2373
2326 2374
2327 2375
2328 2376
2329 2377
2330 2378
2331 2379
2332 2380
2333 2381
2334 2382
2335 2383
2336 2384
2337 2385
2338 2386
2339 2387
2340 2388
2341 2389
2342 2390
2343 2391
2344 2392
2345 2393
2346 2394
2347 2395
2348 2396
2349 2397
2350 2398
2351 2399
2352 2400
2353 2402
2354 2403
2355 2404
2356 2405
2357 2406
2358 2407
2359 2408
2360 2409
2361 2410
2362 2411
2363 2412
2364 2413
2365 2414
2366 2415
2367 2416
2368 2417
2369 2418
2370 2419
2371 2420
2372 2421
2373 2422
2374 2423
2375 2424
2376 2425
2377 2426
2378 2427
2379 2428
2380 2429
2381 2430
2382 2431
2383 2432
2384 2433
2385 2434
2386 2435
2387 2436
2388 2437
2389 2438
2390 2439
2391 2440
2392 2441
2393 2442
2394 2443
2395 2444
2396 2445
2397 2446
2398 2447
2399 2448
2400 2449
2401 2450
2402 2451
2403 2452
2404 2453
2405 2454
2406 2455
2407 2456
2408 2457
2409 2458
2410 2459
2411 2460
2412 2461
2413 2462
2414 2463
2415 2464
2416 2465
2417 2466
2418 2467
2419 2468
2420 2469
2421 2470
2422 2471
2423 2472
2424 2473
2425 2474
2426 2475
2427 2476
2428 2477
2429 2478
2430 2479
2431 2480
2432 2481
2433 2482
2434 2483
2435 2484
2436 2485
2437 2486
2438 2487
2439 2488
2440 2489
2441 2490
2442 2491
2443 2492
2444 2493
2445 2494
2446 2495
2447 2496
2448 2497
2449 2498
2450 2499
2451 2501
2452 2502
2453 2503
2454 2504
2455 2505
2456 2506
2457 2507
2458 2508
2459 2509
2460 2510
2461 2511
2462 2512
2463 2513
2464 2514
2465 2515
2466 2516
2467 2517
2468 2518
2469 2519
2470 2520
2471 2521
2472 2522
2473 2523
2474 2524
2475 2525
2476 2526
2477 2527
2478 2528
2479 2529
2480 2530
2481 2531
2482 2532
2483 2533
2484 2534
2485 2535
2486 2536
2487 2537
2488 2538
2489 2539
2490 2540
2491 2541
2492 2542
2493 2543
2494 2544
2495 2545
2496 2546
2497 2547
2498 2548
2499 2549
2500 2550
2501 2551
2502 2552
2503 2553
2504 2554
2505 2555
2506 2556
2507 2557
2508 2558
2509 2559
2510 2560
2511 2561
2512 2562
2513 2563
2514 2564
2515 2565
2516 2566
2517 2567
2518 2568
2519 2569
2520 2570
2521 2571
2522 2572
2523 2573
2524 2574
2525 2575
2526 2576
2527 2577
2528 2578
2529 2579
2530 2580
2531 2581
2532 2582
2533 2583
2534 2584
2535 2585
2536 2586
2537 2587
2538 2588
2539 2589
2540 2590
2541 2591
2542 2592
2543 2593
2544 2594
2545 2595
2546 2596
2547 2597
2548 2598
2549 2599
2550 2600
2551 2602
2552 2603
2553 2604
2554 2605
2555 2606
2556 2607
2557 2608
2558 2609
2559 2610
2560 2611
2561 2612
2562 2613
2563 2614
2564 2615
2565 2616
2566 2617
2567 2618
2568 2619
2569 2620
2570 2621
2571 2622
2572 2623
2573 2624
2574 2625
2575 2626
2576 2627
2577 2628
2578 2629
2579 2630
2580 2631
2581 2632
2582 2633
2583 2634
2584 2635
2585 2636
2586 2637
2587 2638
2588 2639
2589 2640
2590 2641
2591 2642
2592 2643
2593 2644
2594 2645
2595 2646
2596 2647
2597 2648
2598 2649
2599 2650
2600 2651
2601 2652
2602 2653
2603 2654
2604 2655
2605 2656
2606 2657
2607 2658
2608 2659
2609 2660
2610 2661
2611 2662
2612 2663
2613 2664
2614 2665
2615 2666
2616 2667
2617 2668
2618 2669
2619 2670
2620 2671
2621 2672
2622 2673
2623 2674
2624 2675
2625 2676
2626 2677
2627 2678
2628 2679
2629 2680
2630 2681
2631 2682
2632 2683
2633 2684
2634 2685
2635 2686
2636 2687
2637 2688
2638 2689
2639 2690
2640 2691
2641 2692
2642 2693
2643 2694
2644 2695
2645 2696
2646 2697
2647 2698
2648 2699
2649 2700
2650 2701
2651 2702
2652 2703
2653 2705
2654 2706
2655 2707
2656 2708
2657 2709
2658 2710
2659 2711
2660 2712
2661 2713
2662 2714
2663 2715
2664 2716
2665 2717
2666 2718
2667 2719
2668 2720
2669 2721
2670 2722
2671 2723
2672 2724
2673 2725
2674 2726
2675 2727
2676 2728
2677 2729
2678 2730
2679 2731
2680 2732
2681 2733
2682 2734
2683 2735
2684 2736
2685 2737
2686 2738
2687 2739
2688 2740
2689 2741
2690 2742
2691 2743
2692 2744
2693 2745
2694 2746
2695 2747
2696 2748
2697 2749
2698 2750
2699 2751
2700 2752
2701 2753
2702 2754
2703 2755
2704 2756
2705 2757
2706 2758
2707 2759
2708 2760
2709 2761
2710 2762
2711 2763
2712 2764
2713 2765
2714 2766
2715 2767
2716 2768
2717 2769
2718 2770
2719 2771
2720 2772
2721 2773
2722 2774
2723 2775
2724 2776
2725 2777
2726 2778
2727 2779
2728 2780
2729 2781
2730 2782
2731 2783
2732 2784
2733 2785
2734 2786
2735 2787
2736 2788
2737 2789
2738 2790
2739 2791
2740 2792
2741 2793
2742 2794
2743 2795
2744 2796
2745 2797
2746 2798
2747 2799
2748 2800
2749 2801
2750 2802
2751 2803
2752 2804
2753 2805
2754 2806
2755 2807
2756 2808
2757 2810
2758 2811
2759 2812
2760 2813
2761 2814
2762 2815
2763 2816
2764 2817
2765 2818
2766 2819
2767 2820
2768 2821
2769 2822
2770 2823
2771 2824
2772 2825
2773 2826
2774 2827
2775 2828
2776 2829
2777 2830
2778 2831
2779 2832
2780 2833
2781 2834
2782 2835
2783 2836
2784 2837
2785 2838
2786 2839
2787 2840
2788 2841
2789 2842
2790 2843
2791 2844
2792 2845
2793 2846
2794 2847
2795 2848
2796 2849
2797 2850
2798 2851
2799 2852
2800 2853
2801 2854
2802 2855
2803 2856
2804 2857
2805 2858
2806 2859
2807 2860
2808 2861
2809 2862
2810 2863
2811 2864
2812 2865
2813 2866
2814 2867
2815 2868
2816 2869
2817 2870
2818 2871
2819 2872
2820 2873
2821 2874
2822 2875
2823 2876
2824 2877
2825 2878
2826 2879
2827 2880
2828 2881
2829 2882
2830 2883
2831 2884
2832 2885
2833 2886
2834 2887
2835 2888
2836 2889
2837 2890
2838 2891
2839 2892
2840 2893
2841 2894
2842 2895
2843 2896
2844 2897
2845 2898
2846 2899
2847 2900
2848 2901
2849 2902
2850 2903
2851 2904
2852 2905
2853 2906
2854 2907
2855 2908
2856 2909
2857 2910
2858 2911
2859 2912
2860 2913
2861 2914
2862 2915
2863 2917
2864 2918
2865 2919
2866 2920
2867 2921
2868 2922
2869 2923
2870 2924
2871 2925
2872 2926
2873 2927
2874 2928
2875 2929
2876 2930
2877 2931
2878 2932
2879 2933
2880 2934
2881 2935
2882 2936
2883 2937
2884 2938
2885 2939
2886 2940
2887 2941
2888 2942
2889 2943
2890 2944
2891 2945
2892 2946
2893 2947
2894 2948
2895 2949
2896 2950
2897 2951
2898 2952
2899 2953
2900 2954
2901 2955
2902 2956
2903 2957
2904 2958
2905 2959
2906 2960
2907 2961
2908 2962
2909 2963
2910 2964
2911 2965
2912 2966
2913 2967
2914 2968
2915 2969
2916 2970
2917 2971
2918 2972
2919 2973
2920 2974
2921 2975
2922 2976
2923 2977
2924 2978
2925 2979
2926 2980
2927 2981
2928 2982
2929 2983
2930 2984
2931 2985
2932 2986
2933 2987
2934 2988
2935 2989
2936 2990
2937 2991
2938 2992
2939 2993
2940 2994
2941 2995
2942 2996
2943 2997
2944 2998
2945 2999
2946 3000
2947 3001
2948 3002
2949 3003
2950 3004
2951 3005
2952 3006
2953 3007
2954 3008
2955 3009
2956 3010
2957 3011
2958 3012
2959 3013
2960 3014
2961 3015
2962 3016
2963 3017
2964 3018
2965 3019
2966 3020
2967 3021
2968 3022
2969 3023
2970 3024
2971 3026
2972 3027
2973 3028
2974 3029
2975 3030
2976 3031
2977 3032
2978 3033
2979 3034
2980 3035
2981 3036
2982 3037
2983 3038
2984 3039
2985 3040
2986 3041
2987 3042
2988 3043
2989 3044
2990 3045
2991 3046
2992 3047
2993 3048
2994 3049
2995 3050
2996 3051
2997 3052
2998 3053
2999 3054
3000 3055
3001 3056
3002 3057
3003 3058
3004 3059
3005 3060
3006 3061
3007 3062
3008 3063
3009 3064
3010 3065
3011 3066
3012 3067
3013 3068
3014 3069
3015 3070
3016 3071
3017 3072
3018 3073
3019 3074
3020 3075
3021 3076
3022 3077
3023 3078
3024 3079
3025 3080
3026 3081
3027 3082
3028 3083
3029 3084
3030 3085
3031 3086
3032 3087
3033 3088
3034 3089
3035 3090
3036 3091
3037 3092
3038 3093
3039 3094
3040 3095
3041 3096
3042 3097
3043 3098
3044 3099
3045 3100
3046 3101
3047 3102
3048 3103
3049 3104
3050 3105
3051 3106
3052 3107
3053 3108
3054 3109
3055 3110
3056 3111
3057 3112
3058 3113
3059 3114
3060 3115
3061 3116
3062 3117
3063 3118
3064 3119
3065 3120
3066 3121
3067 3122
3068 3123
3069 3124
3070 3125
3071 3126
3072 3127
3073 3128
3074 3129
3075 3130
3076 3131
3077 3132
3078 3133
3079 3134
3080 3135
3081 3137
3082 3138
3083 3139
3084 3140
3085 3141
3086 3142
3087 3143
3088 3144
3089 3145
3090 3146
3091 3147
3092 3148
3093 3149
3094 3150
3095 3151
3096 3152
3097 3153
3098 3154
3099 3155
3100 3156
3101 3157
3102 3158
3103 3159
3104 3160
3105 3161
3106 3162
3107 3163
3108 3164
3109 3165
3110 3166
3111 3167
3112 3168
3113 3169
3114 3170
3115 3171
3116 3172
3117 3173
3118 3174
3119 3175
3120 3176
3121 3177
3122 3178
3123 3179
3124 3180
3125 3181
3126 3182
3127 3183
3128 3184
3129 3185
3130 3186
3131 3187
3132 3188
3133 3189
3134 3190
3135 3191
3136 3192
3137 3193
3138 3194
3139 3195
3140 3196
3141 3197
3142 3198
3143 3199
3144 3200
3145 3201
3146 3202
3147 3203
3148 3204
3149 3205
3150 3206
3151 3207
3152 3208
3153 3209
3154 3210
3155 3211
3156 3212
3157 3213
3158 3214
3159 3215
3160 3216
3161 3217
3162 3218
3163 3219
3164 3220
3165 3221
3166 3222
3167 3223
3168 3224
3169 3225
3170 3226
3171 3227
3172 3228
3173 3229
3174 3230
3175 3231
3176 3232
3177 3233
3178 3234
3179 3235
3180 3236
3181 3237
3182 3238
3183 3239
3184 3240
3185 3241
3186 3242
3187 3243
3188 3244
3189 3245
3190 3246
3191 3247
3192 3248
3193 3250
3194 3251
3195 3252
3196 3253
3197 3254
3198 3255
3199 3256
3200 3257
3201 3258
3202 3259
3203 3260
3204 3261
3205 3262
3206 3263
3207 3264
3208 3265
3209 3266
3210 3267
3211 3268
3212 3269
3213 3270
3214 3271
3215 3272
3216 3273
3217 3274
3218 3275
3219 3276
3220 3277
3221 3278
3222 3279
3223 3280
3224 3281
3225 3282
3226 3283
3227 3284
3228 3285
3229 3286
3230 3287
3231 3288
3232 3289
3233 3290
3234 3291
3235 3292
3236 3293
3237 3294
3238 3295
3239 3296
3240 3297
3241 3298
3242 3299
3243 3300
3244 3301
3245 3302
3246 3303
3247 3304
3248 3305
3249 3306
3250 3307
3251 3308
3252 3309
3253 3310
3254 3311
3255 3312
3256 3313
3257 3314
3258 3315
3259 3316
3260 3317
3261 3318
3262 3319
3263 3320
3264 3321
3265 3322
3266 3323
3267 3324
3268 3325
3269 3326
3270 3327
3271 3328
3272 3329
3273 3330
3274 3331
3275 3332
3276 3333
3277 3334
3278 3335
3279 3336
3280 3337
3281 3338
3282 3339
3283 3340
3284 3341
3285 3342
3286 3343
3287 3344
3288 3345
3289 3346
3290 3347
3291 3348
3292 3349
3293 3350
3294 3351
3295 3352
3296 3353
3297 3354
3298 3355
3299 3356
3300 3357
3301 3358
3302 3359
3303 3360
3304 3361
3305 3362
3306 3363
3307 3365
3308 3366
3309 3367
3310 3368
3311 3369
3312 3370
3313 3371
3314 3372
3315 3373
3316 3374
3317 3375
3318 3376
3319 3377
3320 3378
3321 3379
3322 3380
3323 3381
3324 3382
3325 3383
3326 3384
3327 3385
3328 3386
3329 3387
3330 3388
3331 3389
3332 3390
3333 3391
3334 3392
3335 3393
3336 3394
3337 3395
3338 3396
3339 3397
3340 3398
3341 3399
3342 3400
3343 3401
3344 3402
3345 3403
3346 3404
3347 3405
3348 3406
3349 3407
3350 3408
3351 3409
3352 3410
3353 3411
3354 3412
3355 3413
3356 3414
3357 3415
3358 3416
3359 3417
3360 3418
3361 3419
3362 3420
3363 3421
3364 3422
3365 3423
3366 3424
3367 3425
3368 3426
3369 3427
3370 3428
3371 3429
3372 3430
3373 3431
3374 3432
3375 3433
3376 3434
3377 3435
3378 3436
3379 3437
3380 3438
3381 3439
3382 3440
3383 3441
3384 3442
3385 3443
3386 3444
3387 3445
3388 3446
3389 3447
3390 3448
3391 3449
3392 3450
3393 3451
3394 3452
3395 3453
3396 3454
3397 3455
3398 3456
3399 3457
3400 3458
3401 3459
3402 3460
3403 3461
3404 3462
3405 3463
3406 3464
3407 3465
3408 3466
3409 3467
3410 3468
3411 3469
3412 3470
3413 3471
3414 3472
3415 3473
3416 3474
3417 3475
3418 3476
3419 3477
3420 3478
3421 3479
3422 3480
3423 3482
3424 3483
3425 3484
3426 3485
3427 3486
3428 3487
3429 3488
3430 3489
3431 3490
3432 3491
3433 3492
3434 3493
3435 3494
3436 3495
3437 3496
3438 3497
3439 3498
3440 3499
3441 3500
3442 3501
3443 3502
3444 3503
3445 3504
3446 3505
3447 3506
3448 3507
3449 3508
3450 3509
3451 3510
3452 3511
3453 3512
3454 3513
3455 3514
3456 3515
3457 3516
3458 3517
3459 3518
3460 3519
3461 3520
3462 3521
3463 3522
3464 3523
3465 3524
3466 3525
3467 3526
3468 3527
3469 3528
3470 3529
3471 3530
3472 3531
3473 3532
3474 3533
3475 3534
3476 3535
3477 3536
3478 3537
3479 3538
3480 3539
3481 3540
3482 3541
3483 3542
3484 3543
3485 3544
3486 3545
3487 3546
3488 3547
3489 3548
3490 3549
3491 3550
3492 3551
3493 3552
3494 3553
3495 3554
3496 3555
3497 3556
3498 3557
3499 3558
3500 3559
3501 3560
3502 3561
3503 3562
3504 3563
3505 3564
3506 3565
3507 3566
3508 3567
3509 3568
3510 3569
3511 3570
3512 3571
3513 3572
3514 3573
3515 3574
3516 3575
3517 3576
3518 3577
3519 3578
3520 3579
3521 3580
3522 3581
3523 3582
3524 3583
3525 3584
3526 3585
3527 3586
3528 3587
3529 3588
3530 3589
3531 3590
3532 3591
3533 3592
3534 3593
3535 3594
3536 3595
3537 3596
3538 3597
3539 3598
3540 3599
3541 3601
3542 3602
3543 3603
3544 3604
3545 3605
3546 3606
3547 3607
3548 3608
3549 3609
3550 3610
3551 3611
3552 3612
3553 3613
3554 3614
3555 3615
3556 3616
3557 3617
3558 3618
3559 3619
3560 3620
3561 3621
3562 3622
3563 3623
3564 3624
3565 3625
3566 3626
3567 3627
3568 3628
3569 3629
3570 3630
3571 3631
3572 3632
3573 3633
3574 3634
3575 3635
3576 3636
3577 3637
3578 3638
3579 3639
3580 3640
3581 3641
3582 3642
3583 3643
3584 3644
3585 3645
3586 3646
3587 3647
3588 3648
3589 3649
3590 3650
3591 3651
3592 3652
3593 3653
3594 3654
3595 3655
3596 3656
3597 3657
3598 3658
3599 3659
3600 3660
3601 3661
3602 3662
3603 3663
3604 3664
3605 3665
3606 3666
3607 3667
3608 3668
3609 3669
3610 3670
3611 3671
3612 3672
3613 3673
3614 3674
3615 3675
3616 3676
3617 3677
3618 3678
3619 3679
3620 3680
3621 3681
3622 3682
3623 3683
3624 3684
3625 3685
3626 3686
3627 3687
3628 3688
3629 3689
3630 3690
3631 3691
3632 3692
3633 3693
3634 3694
3635 3695
3636 3696
3637 3697
3638 3698
3639 3699
3640 3700
3641 3701
3642 3702
3643 3703
3644 3704
3645 3705
3646 3706
3647 3707
3648 3708
3649 3709
3650 3710
3651 3711
3652 3712
3653 3713
3654 3714
3655 3715
3656 3716
3657 3717
3658 3718
3659 3719
3660 3720
3661 3722
3662 3723
3663 3724
3664 3725
3665 3726
3666 3727
3667 3728
3668 3729
3669 3730
3670 3731
3671 3732
3672 3733
3673 3734
3674 3735
3675 3736
3676 3737
3677 3738
3678 3739
3679 3740
3680 3741
3681 3742
3682 3743
3683 3744
3684 3745
3685 3746
3686 3747
3687 3748
3688 3749
3689 3750
3690 3751
3691 3752
3692 3753
3693 3754
3694 3755
3695 3756
3696 3757
3697 3758
3698 3759
3699 3760
3700 3761
3701 3762
3702 3763
3703 3764
3704 3765
3705 3766
3706 3767
3707 3768
3708 3769
3709 3770
3710 3771
3711 3772
3712 3773
3713 3774
3714 3775
3715 3776
3716 3777
3717 3778
3718 3779
3719 3780
3720 3781
3721 3782
3722 3783
3723 3784
3724 3785
3725 3786
3726 3787
3727 3788
3728 3789
3729 3790
3730 3791
3731 3792
3732 3793
3733 3794
3734 3795
3735 3796
3736 3797
3737 3798
3738 3799
3739 3800
3740 3801
3741 3802
3742 3803
3743 3804
3744 3805
3745 3806
3746 3807
3747 3808
3748 3809
3749 3810
3750 3811
3751 3812
3752 3813
3753 3814
3754 3815
3755 3816
3756 3817
3757 3818
3758 3819
3759 3820
3760 3821
3761 3822
3762 3823
3763 3824
3764 3825
3765 3826
3766 3827
3767 3828
3768 3829
3769 3830
3770 3831
3771 3832
3772 3833
3773 3834
3774 3835
3775 3836
3776 3837
3777 3838
3778 3839
3779 3840
3780 3841
3781 3842
3782 3843
3783 3845
3784 3846
3785 3847
3786 3848
3787 3849
3788 3850
3789 3851
3790 3852
3791 3853
3792 3854
3793 3855
3794 3856
3795 3857
3796 3858
3797 3859
3798 3860
3799 3861
3800 3862
3801 3863
3802 3864
3803 3865
3804 3866
3805 3867
3806 3868
3807 3869
3808 3870
3809 3871
3810 3872
3811 3873
3812 3874
3813 3875
3814 3876
3815 3877
3816 3878
3817 3879
3818 3880
3819 3881
3820 3882
3821 3883
3822 3884
3823 3885
3824 3886
3825 3887
3826 3888
3827 3889
3828 3890
3829 3891
3830 3892
3831 3893
3832 3894
3833 3895
3834 3896
3835 3897
3836 3898
3837 3899
3838 3900
3839 3901
3840 3902
3841 3903
3842 3904
3843 3905
3844 3906
3845 3907
3846 3908
3847 3909
3848 3910
3849 3911
3850 3912
3851 3913
3852 3914
3853 3915
3854 3916
3855 3917
3856 3918
3857 3919
3858 3920
3859 3921
3860 3922
3861 3923
3862 3924
3863 3925
3864 3926
3865 3927
3866 3928
3867 3929
3868 3930
3869 3931
3870 3932
3871 3933
3872 3934
3873 3935
3874 3936
3875 3937
3876 3938
3877 3939
3878 3940
3879 3941
3880 3942
3881 3943
3882 3944
3883 3945
3884 3946
3885 3947
3886 3948
3887 3949
3888 3950
3889 3951
3890 3952
3891 3953
3892 3954
3893 3955
3894 3956
3895 3957
3896 3958
3897 3959
3898 3960
3899 3961
3900 3962
3901 3963
3902 3964
3903 3965
3904 3966
3905 3967
3906 3968
3907 3970
3908 3971
3909 3972
3910 3973
3911 3974
3912 3975
3913 3976
3914 3977
3915 3978
3916 3979
3917 3980
3918 3981
3919 3982
3920 3983
3921 3984
3922 3985
3923 3986
3924 3987
3925 3988
3926 3989
3927 3990
3928 3991
3929 3992
3930 3993
3931 3994
3932 3995
3933 3996
3934 3997
3935 3998
3936 3999
3937 4000
3938 4001
3939 4002
3940 4003
3941 4004
3942 4005
3943 4006
3944 4007
3945 4008
3946 4009
3947 4010
3948 4011
3949 4012
3950 4013
3951 4014
3952 4015
3953 4016
3954 4017
3955 4018
3956 4019
3957 4020
3958 4021
3959 4022
3960 4023
3961 4024
3962 4025
3963 4026
3964 4027
3965 4028
3966 4029
3967 4030
3968 4031
3969 4032
3970 4033
3971 4034
3972 4035
3973 4036
3974 4037
3975 4038
3976 4039
3977 4040
3978 4041
3979 4042
3980 4043
3981 4044
3982 4045
3983 4046
3984 4047
3985 4048
3986 4049
3987 4050
3988 4051
3989 4052
3990 4053
3991 4054
3992 4055
3993 4056
3994 4057
3995 4058
3996 4059
3997 4060
3998 4061
3999 4062
4000 4063
4001 4064
4002 4065
4003 4066
4004 4067
4005 4068
4006 4069
4007 4070
4008 4071
4009 4072
4010 4073
4011 4074
4012 4075
4013 4076
4014 4077
4015 4078
4016 4079
4017 4080
4018 4081
4019 4082
4020 4083
4021 4084
4022 4085
4023 4086
4024 4087
4025 4088
4026 4089
4027 4090
4028 4091
4029 4092
4030 4093
4031 4094
4032 4095
4033 4097
4034 4098
4035 4099
4036 4100
4037 4101
4038 4102
4039 4103
4040 4104
4041 4105
4042 4106
4043 4107
4044 4108
4045 4109
4046 4110
4047 4111
4048 4112
4049 4113
4050 4114
4051 4115
4052 4116
4053 4117
4054 4118
4055 4119
4056 4120
4057 4121
4058 4122
4059 4123
4060 4124
4061 4125
4062 4126
4063 4127
4064 4128
4065 4129
4066 4130
4067 4131
4068 4132
4069 4133
4070 4134
4071 4135
4072 4136
4073 4137
4074 4138
4075 4139
4076 4140
4077 4141
4078 4142
4079 4143
4080 4144
4081 4145
4082 4146
4083 4147
4084 4148
4085 4149
4086 4150
4087 4151
4088 4152
4089 4153
4090 4154
4091 4155
4092 4156
4093 4157
4094 4158
4095 4159
4096 4160
4097 4161
4098 4162
4099 4163
4100 4164
4101 4165
4102 4166
4103 4167
4104 4168
4105 4169
4106 4170
4107 4171
4108 4172
4109 4173
4110 4174
4111 4175
4112 4176
4113 4177
4114 4178
4115 4179
4116 4180
4117 4181
4118 4182
4119 4183
4120 4184
4121 4185
4122 4186
4123 4187
4124 4188
4125 4189
4126 4190
4127 4191
4128 4192
4129 4193
4130 4194
4131 4195
4132 4196
4133 4197
4134 4198
4135 4199
4136 4200
4137 4201
4138 4202
4139 4203
4140 4204
4141 4205
4142 4206
4143 4207
4144 4208
4145 4209
4146 4210
4147 4211
4148 4212
4149 4213
4150 4214
4151 4215
4152 4216
4153 4217
4154 4218
4155 4219
4156 4220
4157 4221
4158 4222
4159 4223
4160 4224
4161 4226
4162 4227
4163 4228
4164 4229
4165 4230
4166 4231
4167 4232
4168 4233
4169 4234
4170 4235
4171 4236
4172 4237
4173 4238
4174 4239
4175 4240
4176 4241
4177 4242
4178 4243
4179 4244
4180 4245
4181 4246
4182 4247
4183 4248
4184 4249
4185 4250
4186 4251
4187 4252
4188 4253
4189 4254
4190 4255
4191 4256
4192 4257
4193 4258
4194 4259
4195 4260
4196 4261
4197 4262
4198 4263
4199 4264
4200 4265
4201 4266
4202 4267
4203 4268
4204 4269
4205 4270
4206 4271
4207 4272
4208 4273
4209 4274
4210 4275
4211 4276
4212 4277
4213 4278
4214 4279
4215 4280
4216 4281
4217 4282
4218 4283
4219 4284
4220 4285
4221 4286
4222 4287
4223 4288
4224 4289
4225 4290
4226 4291
4227 4292
4228 4293
4229 4294
4230 4295
4231 4296
4232 4297
4233 4298
4234 4299
4235 4300
4236 4301
4237 4302
4238 4303
4239 4304
4240 4305
4241 4306
4242 4307
4243 4308
4244 4309
4245 4310
4246 4311
4247 4312
4248 4313
4249 4314
4250 4315
4251 4316
4252 4317
4253 4318
4254 4319
4255 4320
4256 4321
4257 4322
4258 4323
4259 4324
4260 4325
4261 4326
4262 4327
4263 4328
4264 4329
4265 4330
4266 4331
4267 4332
4268 4333
4269 4334
4270 4335
4271 4336
4272 4337
4273 4338
4274 4339
4275 4340
4276 4341
4277 4342
4278 4343
4279 4344
4280 4345
4281 4346
4282 4347
4283 4348
4284 4349
4285 4350
4286 4351
4287 4352
4288 4353
4289 4354
4290 4355
4291 4357
4292 4358
4293 4359
4294 4360
4295 4361
4296 4362
4297 4363
4298 4364
4299 4365
4300 4366
4301 4367
4302 4368
4303 4369
4304 4370
4305 4371
4306 4372
4307 4373
4308 4374
4309 4375
4310 4376
4311 4377
4312 4378
4313 4379
4314 4380
4315 4381
4316 4382
4317 4383
4318 4384
4319 4385
4320 4386
4321 4387
4322 4388
4323 4389
4324 4390
4325 4391
4326 4392
4327 4393
4328 4394
4329 4395
4330 4396
4331 4397
4332 4398
4333 4399
4334 4400
4335 4401
4336 4402
4337 4403
4338 4404
4339 4405
4340 4406
4341 4407
4342 4408
4343 4409
4344 4410
4345 4411
4346 4412
4347 4413
4348 4414
4349 4415
4350 4416
4351 4417
4352 4418
4353 4419
4354 4420
4355 4421
4356 4422
4357 4423
4358 4424
4359 4425
4360 4426
4361 4427
4362 4428
4363 4429
4364 4430
4365 4431
4366 4432
4367 4433
4368 4434
4369 4435
4370 4436
4371 4437
4372 4438
4373 4439
4374 4440
4375 4441
4376 4442
4377 4443
4378 4444
4379 4445
4380 4446
4381 4447
4382 4448
4383 4449
4384 4450
4385 4451
4386 4452
4387 4453
4388 4454
4389 4455
4390 4456
4391 4457
4392 4458
4393 4459
4394 4460
4395 4461
4396 4462
4397 4463
4398 4464
4399 4465
4400 4466
4401 4467
4402 4468
4403 4469
4404 4470
4405 4471
4406 4472
4407 4473
4408 4474
4409 4475
4410 4476
4411 4477
4412 4478
4413 4479
4414 4480
4415 4481
4416 4482
4417 4483
4418 4484
4419 4485
4420 4486
4421 4487
4422 4488
4423 4490
4424 4491
4425 4492
4426 4493
4427 4494
4428 4495
4429 4496
4430 4497
4431 4498
4432 4499
4433 4500
4434 4501
4435 4502
4436 4503
4437 4504
4438 4505
4439 4506
4440 4507
4441 4508
4442 4509
4443 4510
4444 4511
4445 4512
4446 4513
4447 4514
4448 4515
4449 4516
4450 4517
4451 4518
4452 4519
4453 4520
4454 4521
4455 4522
4456 4523
4457 4524
4458 4525
4459 4526
4460 4527
4461 4528
4462 4529
4463 4530
4464 4531
4465 4532
4466 4533
4467 4534
4468 4535
4469 4536
4470 4537
4471 4538
4472 4539
4473 4540
4474 4541
4475 4542
4476 4543
4477 4544
4478 4545
4479 4546
4480 4547
4481 4548
4482 4549
4483 4550
4484 4551
4485 4552
4486 4553
4487 4554
4488 4555
4489 4556
4490 4557
4491 4558
4492 4559
4493 4560
4494 4561
4495 4562
4496 4563
4497 4564
4498 4565
4499 4566
4500 4567
4501 4568
4502 4569
4503 4570
4504 4571
4505 4572
4506 4573
4507 4574
4508 4575
4509 4576
4510 4577
4511 4578
4512 4579
4513 4580
4514 4581
4515 4582
4516 4583
4517 4584
4518 4585
4519 4586
4520 4587
4521 4588
4522 4589
4523 4590
4524 4591
4525 4592
4526 4593
4527 4594
4528 4595
4529 4596
4530 4597
4531 4598
4532 4599
4533 4600
4534 4601
4535 4602
4536 4603
4537 4604
4538 4605
4539 4606
4540 4607
4541 4608
4542 4609
4543 4610
4544 4611
4545 4612
4546 4613
4547 4614
4548 4615
4549 4616
4550 4617
4551 4618
4552 4619
4553 4620
4554 4621
4555 4622
4556 4623
4557 4625
4558 4626
4559 4627
4560 4628
4561 4629
4562 4630
4563 4631
4564 4632
4565 4633
4566 4634
4567 4635
4568 4636
4569 4637
4570 4638
4571 4639
4572 4640
4573 4641
4574 4642
4575 4643
4576 4644
4577 4645
4578 4646
4579 4647
4580 4648
4581 4649
4582 4650
4583 4651
4584 4652
4585 4653
4586 4654
4587 4655
4588 4656
4589 4657
4590 4658
4591 4659
4592 4660
4593 4661
4594 4662
4595 4663
4596 4664
4597 4665
4598 4666
4599 4667
4600 4668
4601 4669
4602 4670
4603 4671
4604 4672
4605 4673
4606 4674
4607 4675
4608 4676
4609 4677
4610 4678
4611 4679
4612 4680
4613 4681
4614 4682
4615 4683
4616 4684
4617 4685
4618 4686
4619 4687
4620 4688
4621 4689
4622 4690
4623 4691
4624 4692
4625 4693
4626 4694
4627 4695
4628 4696
4629 4697
4630 4698
4631 4699
4632 4700
4633 4701
4634 4702
4635 4703
4636 4704
4637 4705
4638 4706
4639 4707
4640 4708
4641 4709
4642 4710
4643 4711
4644 4712
4645 4713
4646 4714
4647 4715
4648 4716
4649 4717
4650 4718
4651 4719
4652 4720
4653 4721
4654 4722
4655 4723
4656 4724
4657 4725
4658 4726
4659 4727
4660 4728
4661 4729
4662 4730
4663 4731
4664 4732
4665 4733
4666 4734
4667 4735
4668 4736
4669 4737
4670 4738
4671 4739
4672 4740
4673 4741
4674 4742
4675 4743
4676 4744
4677 4745
4678 4746
4679 4747
4680 4748
4681 4749
4682 4750
4683 4751
4684 4752
4685 4753
4686 4754
4687 4755
4688 4756
4689 4757
4690 4758
4691 4759
4692 4760
4693 4762
4694 4763
4695 4764
4696 4765
4697 4766
4698 4767
4699 4768
4700 4769
4701 4770
4702 4771
4703 4772
4704 4773
4705 4774
4706 4775
4707 4776
4708 4777
4709 4778
4710 4779
4711 4780
4712 4781
4713 4782
4714 4783
4715 4784
4716 4785
4717 4786
4718 4787
4719 4788
4720 4789
4721 4790
4722 4791
4723 4792
4724 4793
4725 4794
4726 4795
4727 4796
4728 4797
4729 4798
4730 4799
4731 4800
4732 4801
4733 4802
4734 4803
4735 4804
4736 4805
4737 4806
4738 4807
4739 4808
4740 4809
4741 4810
4742 4811
4743 4812
4744 4813
4745 4814
4746 4815
4747 4816
4748 4817
4749 4818
4750 4819
4751 4820
4752 4821
4753 4822
4754 4823
4755 4824
4756 4825
4757 4826
4758 4827
4759 4828
4760 4829
4761 4830
4762 4831
4763 4832
4764 4833
4765 4834
4766 4835
4767 4836
4768 4837
4769 4838
4770 4839
4771 4840
4772 4841
4773 4842
4774 4843
4775 4844
4776 4845
4777 4846
4778 4847
4779 4848
4780 4849
4781 4850
4782 4851
4783 4852
4784 4853
4785 4854
4786 4855
4787 4856
4788 4857
4789 4858
4790 4859
4791 4860
4792 4861
4793 4862
4794 4863
4795 4864
4796 4865
4797 4866
4798 4867
4799 4868
4800 4869
4801 4870
4802 4871
4803 4872
4804 4873
4805 4874
4806 4875
4807 4876
4808 4877
4809 4878
4810 4879
4811 4880
4812 4881
4813 4882
4814 4883
4815 4884
4816 4885
4817 4886
4818 4887
4819 4888
4820 4889
4821 4890
4822 4891
4823 4892
4824 4893
4825 4894
4826 4895
4827 4896
4828 4897
4829 4898
4830 4899
4831 4901
4832 4902
4833 4903
4834 4904
4835 4905
4836 4906
4837 4907
4838 4908
4839 4909
4840 4910
4841 4911
4842 4912
4843 4913
4844 4914
4845 4915
4846 4916
4847 4917
4848 4918
4849 4919
4850 4920
4851 4921
4852 4922
4853 4923
4854 4924
4855 4925
4856 4926
4857 4927
4858 4928
4859 4929
4860 4930
4861 4931
4862 4932
4863 4933
4864 4934
4865 4935
4866 4936
4867 4937
4868 4938
4869 4939
4870 4940
4871 4941
4872 4942
4873 4943
4874 4944
4875 4945
4876 4946
4877 4947
4878 4948
4879 4949
4880 4950
4881 4951
4882 4952
4883 4953
4884 4954
4885 4955
4886 4956
4887 4957
4888 4958
4889 4959
4890 4960
4891 4961
4892 4962
4893 4963
4894 4964
4895 4965
4896 4966
4897 4967
4898 4968
4899 4969
4900 4970
4901 4971
4902 4972
4903 4973
4904 4974
4905 4975
4906 4976
4907 4977
4908 4978
4909 4979
4910 4980
4911 4981
4912 4982
4913 4983
4914 4984
4915 4985
4916 4986
4917 4987
4918 4988
4919 4989
4920 4990
4921 4991
4922 4992
4923 4993
4924 4994
4925 4995
4926 4996
4927 4997
4928 4998
4929 4999
4930 5000
4931 5001
4932 5002
4933 5003
4934 5004
4935 5005
4936 5006
4937 5007
4938 5008
4939 5009
4940 5010
4941 5011
4942 5012
4943 5013
4944 5014
4945 5015
4946 5016
4947 5017
4948 5018
4949 5019
4950 5020
4951 5021
4952 5022
4953 5023
4954 5024
4955 5025
4956 5026
4957 5027
4958 5028
4959 5029
4960 5030
4961 5031
4962 5032
4963 5033
4964 5034
4965 5035
4966 5036
4967 5037
4968 5038
4969 5039
4970 5040
4971 5042
4972 5043
4973 5044
4974 5045
4975 5046
4976 5047
4977 5048
4978 5049
4979 5050
4980 5051
4981 5052
4982 5053
4983 5054
4984 5055
4985 5056
4986 5057
4987 5058
4988 5059
4989 5060
4990 5061
4991 5062
4992 5063
4993 5064
4994 5065
4995 5066
4996 5067
4997 5068
4998 5069
4999 5070
5000 5071
5001 5072
5002 5073
5003 5074
5004 5075
5005 5076
5006 5077
5007 5078
5008 5079
5009 5080
5010 5081
5011 5082
5012 5083
5013 5084
5014 5085
5015 5086
5016 5087
5017 5088
5018 5089
5019 5090
5020 5091
5021 5092
5022 5093
5023 5094
5024 5095
5025 5096
5026 5097
5027 5098
5028 5099
5029 5100
5030 5101
5031 5102
5032 5103
5033 5104
5034 5105
5035 5106
5036 5107
5037 5108
5038 5109
5039 5110
5040 5111
5041 5112
5042 5113
5043 5114
5044 5115
5045 5116
5046 5117
5047 5118
5048 5119
5049 5120
5050 5121
5051 5122
5052 5123
5053 5124
5054 5125
5055 5126
5056 5127
5057 5128
5058 5129
5059 5130
5060 5131
5061 5132
5062 5133
5063 5134
5064 5135
5065 5136
5066 5137
5067 5138
5068 5139
5069 5140
5070 5141
5071 5142
5072 5143
5073 5144
5074 5145
5075 5146
5076 5147
5077 5148
5078 5149
5079 5150
5080 5151
5081 5152
5082 5153
5083 5154
5084 5155
5085 5156
5086 5157
5087 5158
5088 5159
5089 5160
5090 5161
5091 5162
5092 5163
5093 5164
5094 5165
5095 5166
5096 5167
5097 5168
5098 5169
5099 5170
5100 5171
5101 5172
5102 5173
5103 5174
5104 5175
5105 5176
5106 5177
5107 5178
5108 5179
5109 5180
5110 5181
5111 5182
5112 5183
5113 5185
5114 5186
5115 5187
5116 5188
5117 5189
5118 5190
5119 5191
5120 5192
5121 5193
5122 5194
5123 5195
5124 5196
5125 5197
5126 5198
5127 5199
5128 5200
5129 5201
5130 5202
5131 5203
5132 5204
5133 5205
5134 5206
5135 5207
5136 5208
5137 5209
5138 5210
5139 5211
5140 5212
5141 5213
5142 5214
5143 5215
5144 5216
5145 5217
5146 5218
5147 5219
5148 5220
5149 5221
5150 5222
5151 5223
5152 5224
5153 5225
5154 5226
5155 5227
5156 5228
5157 5229
5158 5230
5159 5231
5160 5232
5161 5233
5162 5234
5163 5235
5164 5236
5165 5237
5166 5238
5167 5239
5168 5240
5169 5241
5170 5242
5171 5243
5172 5244
5173 5245
5174 5246
5175 5247
5176 5248
5177 5249
5178 5250
5179 5251
5180 5252
5181 5253
5182 5254
5183 5255
5184 5256
5185 5257
5186 5258
5187 5259
5188 5260
5189 5261
5190 5262
5191 5263
5192 5264
5193 5265
5194 5266
5195 5267
5196 5268
5197 5269
5198 5270
5199 5271
5200 5272
5201 5273
5202 5274
5203 5275
5204 5276
5205 5277
5206 5278
5207 5279
5208 5280
5209 5281
5210 5282
5211 5283
5212 5284
5213 5285
5214 5286
5215 5287
5216 5288
5217 5289
5218 5290
5219 5291
5220 5292
5221 5293
5222 5294
5223 5295
5224 5296
5225 5297
5226 5298
5227 5299
5228 5300
5229 5301
5230 5302
5231 5303
5232 5304
5233 5305
5234 5306
5235 5307
5236 5308
5237 5309
5238 5310
5239 5311
5240 5312
5241 5313
5242 5314
5243 5315
5244 5316
5245 5317
5246 5318
5247 5319
5248 5320
5249 5321
5250 5322
5251 5323
5252 5324
5253 5325
5254 5326
5255 5327
5256 5328
5257 5330
5258 5331
5259 5332
5260 5333
5261 5334
5262 5335
5263 5336
5264 5337
5265 5338
5266 5339
5267 5340
5268 5341
5269 5342
5270 5343
5271 5344
5272 5345
5273 5346
5274 5347
5275 5348
5276 5349
5277 5350
5278 5351
5279 5352
5280 5353
5281 5354
5282 5355
5283 5356
5284 5357
5285 5358
5286 5359
5287 5360
5288 5361
5289 5362
5290 5363
5291 5364
5292 5365
5293 5366
5294 5367
5295 5368
5296 5369
5297 5370
5298 5371
5299 5372
5300 5373
5301 5374
5302 5375
5303 5376
5304 5377
5305 5378
5306 5379
5307 5380
5308 5381
5309 5382
5310 5383
5311 5384
5312 5385
5313 5386
5314 5387
5315 5388
5316 5389
5317 5390
5318 5391
5319 5392
5320 5393
5321 5394
5322 5395
5323 5396
5324 5397
5325 5398
5326 5399
5327 5400
5328 5401
5329 5402
5330 5403
5331 5404
5332 5405
5333 5406
5334 5407
5335 5408
5336 5409
5337 5410
5338 5411
5339 5412
5340 5413
5341 5414
5342 5415
5343 5416
5344 5417
5345 5418
5346 5419
5347 5420
5348 5421
5349 5422
5350 5423
5351 5424
5352 5425
5353 5426
5354 5427
5355 5428
5356 5429
5357 5430
5358 5431
5359 5432
5360 5433
5361 5434
5362 5435
5363 5436
5364 5437
5365 5438
5366 5439
5367 5440
5368 5441
5369 5442
5370 5443
5371 5444
5372 5445
5373 5446
5374 5447
5375 5448
5376 5449
5377 5450
5378 5451
5379 5452
5380 5453
5381 5454
5382 5455
5383 5456
5384 5457
5385 5458
5386 5459
5387 5460
5388 5461
5389 5462
5390 5463
5391 5464
5392 5465
5393 5466
5394 5467
5395 5468
5396 5469
5397 5470
5398 5471
5399 5472
5400 5473
5401 5474
5402 5475
5403 5477
5404 5478
5405 5479
5406 5480
5407 5481
5408 5482
5409 5483
5410 5484
5411 5485
5412 5486
5413 5487
5414 5488
5415 5489
5416 5490
5417 5491
5418 5492
5419 5493
5420 5494
5421 5495
5422 5496
5423 5497
5424 5498
5425 5499
5426 5500
5427 5501
5428 5502
5429 5503
5430 5504
5431 5505
5432 5506
5433 5507
5434 5508
5435 5509
5436 5510
5437 5511
5438 5512
5439 5513
5440 5514
5441 5515
5442 5516
5443 5517
5444 5518
5445 5519
5446 5520
5447 5521
5448 5522
5449 5523
5450 5524
5451 5525
5452 5526
5453 5527
5454 5528
5455 5529
5456 5530
5457 5531
5458 5532
5459 5533
5460 5534
5461 5535
5462 5536
5463 5537
5464 5538
5465 5539
5466 5540
5467 5541
5468 5542
5469 5543
5470 5544
5471 5545
5472 5546
5473 5547
5474 5548
5475 5549
5476 5550
5477 5551
5478 5552
5479 5553
5480 5554
5481 5555
5482 5556
5483 5557
5484 5558
5485 5559
5486 5560
5487 5561
5488 5562
5489 5563
5490 5564
5491 5565
5492 5566
5493 5567
5494 5568
5495 5569
5496 5570
5497 5571
5498 5572
5499 5573
5500 5574
5501 5575
5502 5576
5503 5577
5504 5578
5505 5579
5506 5580
5507 5581
5508 5582
5509 5583
5510 5584
5511 5585
5512 5586
5513 5587
5514 5588
5515 5589
5516 5590
5517 5591
5518 5592
5519 5593
5520 5594
5521 5595
5522 5596
5523 5597
5524 5598
5525 5599
5526 5600
5527 5601
5528 5602
5529 5603
5530 5604
5531 5605
5532 5606
5533 5607
5534 5608
5535 5609
5536 5610
5537 5611
5538 5612
5539 5613
5540 5614
5541 5615
5542 5616
5543 5617
5544 5618
5545 5619
5546 5620
5547 5621
5548 5622
5549 5623
5550 5624
5551 5626
5552 5627
5553 5628
5554 5629
5555 5630
5556 5631
5557 5632
5558 5633
5559 5634
5560 5635
5561 5636
5562 5637
5563 5638
5564 5639
5565 5640
5566 5641
5567 5642
5568 5643
5569 5644
5570 5645
5571 5646
5572 5647
5573 5648
5574 5649
5575 5650
5576 5651
5577 5652
5578 5653
5579 5654
5580 5655
5581 5656
5582 5657
5583 5658
5584 5659
5585 5660
5586 5661
5587 5662
5588 5663
5589 5664
5590 5665
5591 5666
5592 5667
5593 5668
5594 5669
5595 5670
5596 5671
5597 5672
5598 5673
5599 5674
5600 5675
5601 5676
5602 5677
5603 5678
5604 5679
5605 5680
5606 5681
5607 5682
5608 5683
5609 5684
5610 5685
5611 5686
5612 5687
5613 5688
5614 5689
5615 5690
5616 5691
5617 5692
5618 5693
5619 5694
5620 5695
5621 5696
5622 5697
5623 5698
5624 5699
5625 5700
5626 5701
5627 5702
5628 5703
5629 5704
5630 5705
5631 5706
5632 5707
5633 5708
5634 5709
5635 5710
5636 5711
5637 5712
5638 5713
5639 5714
5640 5715
5641 5716
5642 5717
5643 5718
5644 5719
5645 5720
5646 5721
5647 5722
5648 5723
5649 5724
5650 5725
5651 5726
5652 5727
5653 5728
5654 5729
5655 5730
5656 5731
5657 5732
5658 5733
5659 5734
5660 5735
5661 5736
5662 5737
5663 5738
5664 5739
5665 5740
5666 5741
5667 5742
5668 5743
5669 5744
5670 5745
5671 5746
5672 5747
5673 5748
5674 5749
5675 5750
5676 5751
5677 5752
5678 5753
5679 5754
5680 5755
5681 5756
5682 5757
5683 5758
5684 5759
5685 5760
5686 5761
5687 5762
5688 5763
5689 5764
5690 5765
5691 5766
5692 5767
5693 5768
5694 5769
5695 5770
5696 5771
5697 5772
5698 5773
5699 5774
5700 5775
5701 5777
5702 5778
5703 5779
5704 5780
5705 5781
5706 5782
5707 5783
5708 5784
5709 5785
5710 5786
5711 5787
5712 5788
5713 5789
5714 5790
5715 5791
5716 5792
5717 5793
5718 5794
5719 5795
5720 5796
5721 5797
5722 5798
5723 5799
5724 5800
5725 5801
5726 5802
5727 5803
5728 5804
5729 5805
5730 5806
5731 5807
5732 5808
5733 5809
5734 5810
5735 5811
5736 5812
5737 5813
5738 5814
5739 5815
5740 5816
5741 5817
5742 5818
5743 5819
5744 5820
5745 5821
5746 5822
5747 5823
5748 5824
5749 5825
5750 5826
5751 5827
5752 5828
5753 5829
5754 5830
5755 5831
5756 5832
5757 5833
5758 5834
5759 5835
5760 5836
5761 5837
5762 5838
5763 5839
5764 5840
5765 5841
5766 5842
5767 5843
5768 5844
5769 5845
5770 5846
5771 5847
5772 5848
5773 5849
5774 5850
5775 5851
5776 5852
5777 5853
5778 5854
5779 5855
5780 5856
5781 5857
5782 5858
5783 5859
5784 5860
5785 5861
5786 5862
5787 5863
5788 5864
5789 5865
5790 5866
5791 5867
5792 5868
5793 5869
5794 5870
5795 5871
5796 5872
5797 5873
5798 5874
5799 5875
5800 5876
5801 5877
5802 5878
5803 5879
5804 5880
5805 5881
5806 5882
5807 5883
5808 5884
5809 5885
5810 5886
5811 5887
5812 5888
5813 5889
5814 5890
5815 5891
5816 5892
5817 5893
5818 5894
5819 5895
5820 5896
5821 5897
5822 5898
5823 5899
5824 5900
5825 5901
5826 5902
5827 5903
5828 5904
5829 5905
5830 5906
5831 5907
5832 5908
5833 5909
5834 5910
5835 5911
5836 5912
5837 5913
5838 5914
5839 5915
5840 5916
5841 5917
5842 5918
5843 5919
5844 5920
5845 5921
5846 5922
5847 5923
5848 5924
5849 5925
5850 5926
5851 5927
5852 5928
5853 5930
5854 5931
5855 5932
5856 5933
5857 5934
5858 5935
5859 5936
5860 5937
5861 5938
5862 5939
5863 5940
5864 5941
5865 5942
5866 5943
5867 5944
5868 5945
5869 5946
5870 5947
5871 5948
5872 5949
5873 5950
5874 5951
5875 5952
5876 5953
5877 5954
5878 5955
5879 5956
5880 5957
5881 5958
5882 5959
5883 5960
5884 5961
5885 5962
5886 5963
5887 5964
5888 5965
5889 5966
5890 5967
5891 5968
5892 5969
5893 5970
5894 5971
5895 5972
5896 5973
5897 5974
5898 5975
5899 5976
5900 5977
5901 5978
5902 5979
5903 5980
5904 5981
5905 5982
5906 5983
5907 5984
5908 5985
5909 5986
5910 5987
5911 5988
5912 5989
5913 5990
5914 5991
5915 5992
5916 5993
5917 5994
5918 5995
5919 5996
5920 5997
5921 5998
5922 5999
5923 6000
5924 6001
5925 6002
5926 6003
5927 6004
5928 6005
5929 6006
5930 6007
5931 6008
5932 6009
5933 6010
5934 6011
5935 6012
5936 6013
5937 6014
5938 6015
5939 6016
5940 6017
5941 6018
5942 6019
5943 6020
5944 6021
5945 6022
5946 6023
5947 6024
5948 6025
5949 6026
5950 6027
5951 6028
5952 6029
5953 6030
5954 6031
5955 6032
5956 6033
5957 6034
5958 6035
5959 6036
5960 6037
5961 6038
5962 6039
5963 6040
5964 6041
5965 6042
5966 6043
5967 6044
5968 6045
5969 6046
5970 6047
5971 6048
5972 6049
5973 6050
5974 6051
5975 6052
5976 6053
5977 6054
5978 6055
5979 6056
5980 6057
5981 6058
5982 6059
5983 6060
5984 6061
5985 6062
5986 6063
5987 6064
5988 6065
5989 6066
5990 6067
5991 6068
5992 6069
5993 6070
5994 6071
5995 6072
5996 6073
5997 6074
5998 6075
5999 6076
6000 6077
6001 6078
6002 6079
6003 6080
6004 6081
6005 6082
6006 6083
6007 6085
6008 6086
6009 6087
6010 6088
6011 6089
6012 6090
6013 6091
6014 6092
6015 6093
6016 6094
6017 6095
6018 6096
6019 6097
6020 6098
6021 6099
6022 6100
6023 6101
6024 6102
6025 6103
6026 6104
6027 6105
6028 6106
6029 6107
6030 6108
6031 6109
6032 6110
6033 6111
6034 6112
6035 6113
6036 6114
6037 6115
6038 6116
6039 6117
6040 6118
6041 6119
6042 6120
6043 6121
6044 6122
6045 6123
6046 6124
6047 6125
6048 6126
6049 6127
6050 6128
6051 6129
6052 6130
6053 6131
6054 6132
6055 6133
6056 6134
6057 6135
6058 6136
6059 6137
6060 6138
6061 6139
6062 6140
6063 6141
6064 6142
6065 6143
6066 6144
6067 6145
6068 6146
6069 6147
6070 6148
6071 6149
6072 6150
6073 6151
6074 6152
6075 6153
6076 6154
6077 6155
6078 6156
6079 6157
6080 6158
6081 6159
6082 6160
6083 6161
6084 6162
6085 6163
6086 6164
6087 6165
6088 6166
6089 6167
6090 6168
6091 6169
6092 6170
6093 6171
6094 6172
6095 6173
6096 6174
6097 6175
6098 6176
6099 6177
6100 6178
6101 6179
6102 6180
6103 6181
6104 6182
6105 6183
6106 6184
6107 6185
6108 6186
6109 6187
6110 6188
6111 6189
6112 6190
6113 6191
6114 6192
6115 6193
6116 6194
6117 6195
6118 6196
6119 6197
6120 6198
6121 6199
6122 6200
6123 6201
6124 6202
6125 6203
6126 6204
6127 6205
6128 6206
6129 6207
6130 6208
6131 6209
6132 6210
6133 6211
6134 6212
6135 6213
6136 6214
6137 6215
6138 6216
6139 6217
6140 6218
6141 6219
6142 6220
6143 6221
6144 6222
6145 6223
6146 6224
6147 6225
6148 6226
6149 6227
6150 6228
6151 6229
6152 6230
6153 6231
6154 6232
6155 6233
6156 6234
6157 6235
6158 6236
6159 6237
6160 6238
6161 6239
6162 6240
6163 6242
6164 6243
6165 6244
6166 6245
6167 6246
6168 6247
6169 6248
6170 6249
6171 6250
6172 6251
6173 6252
6174 6253
6175 6254
6176 6255
6177 6256
6178 6257
6179 6258
6180 6259
6181 6260
6182 6261
6183 6262
6184 6263
6185 6264
6186 6265
6187 6266
6188 6267
6189 6268
6190 6269
6191 6270
6192 6271
6193 6272
6194 6273
6195 6274
6196 6275
6197 6276
6198 6277
6199 6278
6200 6279
6201 6280
6202 6281
6203 6282
6204 6283
6205 6284
6206 6285
6207 6286
6208 6287
6209 6288
6210 6289
6211 6290
6212 6291
6213 6292
6214 6293
6215 6294
6216 6295
6217 6296
6218 6297
6219 6298
6220 6299
6221 6300
6222 6301
6223 6302
6224 6303
6225 6304
6226 6305
6227 6306
6228 6307
6229 6308
6230 6309
6231 6310
6232 6311
6233 6312
6234 6313
6235 6314
6236 6315
6237 6316
6238 6317
6239 6318
6240 6319
6241 6320
6242 6321
6243 6322
6244 6323
6245 6324
6246 6325
6247 6326
6248 6327
6249 6328
6250 6329
6251 6330
6252 6331
6253 6332
6254 6333
6255 6334
6256 6335
6257 6336
6258 6337
6259 6338
6260 6339
6261 6340
6262 6341
6263 6342
6264 6343
6265 6344
6266 6345
6267 6346
6268 6347
6269 6348
6270 6349
6271 6350
6272 6351
6273 6352
6274 6353
6275 6354
6276 6355
6277 6356
6278 6357
6279 6358
6280 6359
6281 6360
6282 6361
6283 6362
6284 6363
6285 6364
6286 6365
6287 6366
6288 6367
6289 6368
6290 6369
6291 6370
6292 6371
6293 6372
6294 6373
6295 6374
6296 6375
6297 6376
6298 6377
6299 6378
6300 6379
6301 6380
6302 6381
6303 6382
6304 6383
6305 6384
6306 6385
6307 6386
6308 6387
6309 6388
6310 6389
6311 6390
6312 6391
6313 6392
6314 6393
6315 6394
6316 6395
6317 6396
6318 6397
6319 6398
6320 6399
6321 6401
6322 6402
6323 6403
6324 6404
6325 6405
6326 6406
6327 6407
6328 6408
6329 6409
6330 6410
6331 6411
6332 6412
6333 6413
6334 6414
6335 6415
6336 6416
6337 6417
6338 6418
6339 6419
6340 6420
6341 6421
6342 6422
6343 6423
6344 6424
6345 6425
6346 6426
6347 6427
6348 6428
6349 6429
6350 6430
6351 6431
6352 6432
6353 6433
6354 6434
6355 6435
6356 6436
6357 6437
6358 6438
6359 6439
6360 6440
6361 6441
6362 6442
6363 6443
6364 6444
6365 6445
6366 6446
6367 6447
6368 6448
6369 6449
6370 6450
6371 6451
6372 6452
6373 6453
6374 6454
6375 6455
6376 6456
6377 6457
6378 6458
6379 6459
6380 6460
6381 6461
6382 6462
6383 6463
6384 6464
6385 6465
6386 6466
6387 6467
6388 6468
6389 6469
6390 6470
6391 6471
6392 6472
6393 6473
6394 6474
6395 6475
6396 6476
6397 6477
6398 6478
6399 6479
6400 6480
6401 6481
6402 6482
6403 6483
6404 6484
6405 6485
6406 6486
6407 6487
6408 6488
6409 6489
6410 6490
6411 6491
6412 6492
6413 6493
6414 6494
6415 6495
6416 6496
6417 6497
6418 6498
6419 6499
6420 6500
6421 6501
6422 6502
6423 6503
6424 6504
6425 6505
6426 6506
6427 6507
6428 6508
6429 6509
6430 6510
6431 6511
6432 6512
6433 6513
6434 6514
6435 6515
6436 6516
6437 6517
6438 6518
6439 6519
6440 6520
6441 6521
6442 6522
6443 6523
6444 6524
6445 6525
6446 6526
6447 6527
6448 6528
6449 6529
6450 6530
6451 6531
6452 6532
6453 6533
6454 6534
6455 6535
6456 6536
6457 6537
6458 6538
6459 6539
6460 6540
6461 6541
6462 6542
6463 6543
6464 6544
6465 6545
6466 6546
6467 6547
6468 6548
6469 6549
6470 6550
6471 6551
6472 6552
6473 6553
6474 6554
6475 6555
6476 6556
6477 6557
6478 6558
6479 6559
6480 6560
6481 6562
6482 6563
6483 6564
6484 6565
6485 6566
6486 6567
6487 6568
6488 6569
6489 6570
6490 6571
6491 6572
6492 6573
6493 6574
6494 6575
6495 6576
6496 6577
6497 6578
6498 6579
6499 6580
6500 6581
6501 6582
6502 6583
6503 6584
6504 6585
6505 6586
6506 6587
6507 6588
6508 6589
6509 6590
6510 6591
6511 6592
6512 6593
6513 6594
6514 6595
6515 6596
6516 6597
6517 6598
6518 6599
6519 6600
6520 6601
6521 6602
6522 6603
6523 6604
6524 6605
6525 6606
6526 6607
6527 6608
6528 6609
6529 6610
6530 6611
6531 6612
6532 6613
6533 6614
6534 6615
6535 6616
6536 6617
6537 6618
6538 6619
6539 6620
6540 6621
6541 6622
6542 6623
6543 6624
6544 6625
6545 6626
6546 6627
6547 6628
6548 6629
6549 6630
6550 6631
6551 6632
6552 6633
6553 6634
6554 6635
6555 6636
6556 6637
6557 6638
6558 6639
6559 6640
6560 6641
6561 6642
6562 6643
6563 6644
6564 6645
6565 6646
6566 6647
6567 6648
6568 6649
6569 6650
6570 6651
6571 6652
6572 6653
6573 6654
6574 6655
6575 6656
6576 6657
6577 6658
6578 6659
6579 6660
6580 6661
6581 6662
6582 6663
6583 6664
6584 6665
6585 6666
6586 6667
6587 6668
6588 6669
6589 6670
6590 6671
6591 6672
6592 6673
6593 6674
6594 6675
6595 6676
6596 6677
6597 6678
6598 6679
6599 6680
6600 6681
6601 6682
6602 6683
6603 6684
6604 6685
6605 6686
6606 6687
6607 6688
6608 6689
6609 6690
6610 6691
6611 6692
6612 6693
6613 6694
6614 6695
6615 6696
6616 6697
6617 6698
6618 6699
6619 6700
6620 6701
6621 6702
6622 6703
6623 6704
6624 6705
6625 6706
6626 6707
6627 6708
6628 6709
6629 6710
6630 6711
6631 6712
6632 6713
6633 6714
6634 6715
6635 6716
6636 6717
6637 6718
6638 6719
6639 6720
6640 6721
6641 6722
6642 6723
6643 6725
6644 6726
6645 6727
6646 6728
6647 6729
6648 6730
6649 6731
6650 6732
6651 6733
6652 6734
6653 6735
6654 6736
6655 6737
6656 6738
6657 6739
6658 6740
6659 6741
6660 6742
6661 6743
6662 6744
6663 6745
6664 6746
6665 6747
6666 6748
6667 6749
6668 6750
6669 6751
6670 6752
6671 6753
6672 6754
6673 6755
6674 6756
6675 6757
6676 6758
6677 6759
6678 6760
6679 6761
6680 6762
6681 6763
6682 6764
6683 6765
6684 6766
6685 6767
6686 6768
6687 6769
6688 6770
6689 6771
6690 6772
6691 6773
6692 6774
6693 6775
6694 6776
6695 6777
6696 6778
6697 6779
6698 6780
6699 6781
6700 6782
6701 6783
6702 6784
6703 6785
6704 6786
6705 6787
6706 6788
6707 6789
6708 6790
6709 6791
6710 6792
6711 6793
6712 6794
6713 6795
6714 6796
6715 6797
6716 6798
6717 6799
6718 6800
6719 6801
6720 6802
6721 6803
6722 6804
6723 6805
6724 6806
6725 6807
6726 6808
6727 6809
6728 6810
6729 6811
6730 6812
6731 6813
6732 6814
6733 6815
6734 6816
6735 6817
6736 6818
6737 6819
6738 6820
6739 6821
6740 6822
6741 6823
6742 6824
6743 6825
6744 6826
6745 6827
6746 6828
6747 6829
6748 6830
6749 6831
6750 6832
6751 6833
6752 6834
6753 6835
6754 6836
6755 6837
6756 6838
6757 6839
6758 6840
6759 6841
6760 6842
6761 6843
6762 6844
6763 6845
6764 6846
6765 6847
6766 6848
6767 6849
6768 6850
6769 6851
6770 6852
6771 6853
6772 6854
6773 6855
6774 6856
6775 6857
6776 6858
6777 6859
6778 6860
6779 6861
6780 6862
6781 6863
6782 6864
6783 6865
6784 6866
6785 6867
6786 6868
6787 6869
6788 6870
6789 6871
6790 6872
6791 6873
6792 6874
6793 6875
6794 6876
6795 6877
6796 6878
6797 6879
6798 6880
6799 6881
6800 6882
6801 6883
6802 6884
6803 6885
6804 6886
6805 6887
6806 6888
6807 6890
6808 6891
6809 6892
6810 6893
6811 6894
6812 6895
6813 6896
6814 6897
6815 6898
6816 6899
6817 6900
6818 6901
6819 6902
6820 6903
6821 6904
6822 6905
6823 6906
6824 6907
6825 6908
6826 6909
6827 6910
6828 6911
6829 6912
6830 6913
6831 6914
6832 6915
6833 6916
6834 6917
6835 6918
6836 6919
6837 6920
6838 6921
6839 6922
6840 6923
6841 6924
6842 6925
6843 6926
6844 6927
6845 6928
6846 6929
6847 6930
6848 6931
6849 6932
6850 6933
6851 6934
6852 6935
6853 6936
6854 6937
6855 6938
6856 6939
6857 6940
6858 6941
6859 6942
6860 6943
6861 6944
6862 6945
6863 6946
6864 6947
6865 6948
6866 6949
6867 6950
6868 6951
6869 6952
6870 6953
6871 6954
6872 6955
6873 6956
6874 6957
6875 6958
6876 6959
6877 6960
6878 6961
6879 6962
6880 6963
6881 6964
6882 6965
6883 6966
6884 6967
6885 6968
6886 6969
6887 6970
6888 6971
6889 6972
6890 6973
6891 6974
6892 6975
6893 6976
6894 6977
6895 6978
6896 6979
6897 6980
6898 6981
6899 6982
6900 6983
6901 6984
6902 6985
6903 6986
6904 6987
6905 6988
6906 6989
6907 6990
6908 6991
6909 6992
6910 6993
6911 6994
6912 6995
6913 6996
6914 6997
6915 6998
6916 6999
6917 7000
6918 7001
6919 7002
6920 7003
6921 7004
6922 7005
6923 7006
6924 7007
6925 7008
6926 7009
6927 7010
6928 7011
6929 7012
6930 7013
6931 7014
6932 7015
6933 7016
6934 7017
6935 7018
6936 7019
6937 7020
6938 7021
6939 7022
6940 7023
6941 7024
6942 7025
6943 7026
6944 7027
6945 7028
6946 7029
6947 7030
6948 7031
6949 7032
6950 7033
6951 7034
6952 7035
6953 7036
6954 7037
6955 7038
6956 7039
6957 7040
6958 7041
6959 7042
6960 7043
6961 7044
6962 7045
6963 7046
6964 7047
6965 7048
6966 7049
6967 7050
6968 7051
6969 7052
6970 7053
6971 7054
6972 7055
6973 7057
6974 7058
6975 7059
6976 7060
6977 7061
6978 7062
6979 7063
6980 7064
6981 7065
6982 7066
6983 7067
6984 7068
6985 7069
6986 7070
6987 7071
6988 7072
6989 7073
6990 7074
6991 7075
6992 7076
6993 7077
6994 7078
6995 7079
6996 7080
6997 7081
6998 7082
6999 7083
7000 7084
7001 7085
7002 7086
7003 7087
7004 7088
7005 7089
7006 7090
7007 7091
7008 7092
7009 7093
7010 7094
7011 7095
7012 7096
7013 7097
7014 7098
7015 7099
7016 7100
7017 7101
7018 7102
7019 7103
7020 7104
7021 7105
7022 7106
7023 7107
7024 7108
7025 7109
7026 7110
7027 7111
7028 7112
7029 7113
7030 7114
7031 7115
7032 7116
7033 7117
7034 7118
7035 7119
7036 7120
7037 7121
7038 7122
7039 7123
7040 7124
7041 7125
7042 7126
7043 7127
7044 7128
7045 7129
7046 7130
7047 7131
7048 7132
7049 7133
7050 7134
7051 7135
7052 7136
7053 7137
7054 7138
7055 7139
7056 7140
7057 7141
7058 7142
7059 7143
7060 7144
7061 7145
7062 7146
7063 7147
7064 7148
7065 7149
7066 7150
7067 7151
7068 7152
7069 7153
7070 7154
7071 7155
7072 7156
7073 7157
7074 7158
7075 7159
7076 7160
7077 7161
7078 7162
7079 7163
7080 7164
7081 7165
7082 7166
7083 7167
7084 7168
7085 7169
7086 7170
7087 7171
7088 7172
7089 7173
7090 7174
7091 7175
7092 7176
7093 7177
7094 7178
7095 7179
7096 7180
7097 7181
7098 7182
7099 7183
7100 7184
7101 7185
7102 7186
7103 7187
7104 7188
7105 7189
7106 7190
7107 7191
7108 7192
7109 7193
7110 7194
7111 7195
7112 7196
7113 7197
7114 7198
7115 7199
7116 7200
7117 7201
7118 7202
7119 7203
7120 7204
7121 7205
7122 7206
7123 7207
7124 7208
7125 7209
7126 7210
7127 7211
7128 7212
7129 7213
7130 7214
7131 7215
7132 7216
7133 7217
7134 7218
7135 7219
7136 7220
7137 7221
7138 7222
7139 7223
7140 7224
7141 7226
7142 7227
7143 7228
7144 7229
7145 7230
7146 7231
7147 7232
7148 7233
7149 7234
7150 7235
7151 7236
7152 7237
7153 7238
7154 7239
7155 7240
7156 7241
7157 7242
7158 7243
7159 7244
7160 7245
7161 7246
7162 7247
7163 7248
7164 7249
7165 7250
7166 7251
7167 7252
7168 7253
7169 7254
7170 7255
7171 7256
7172 7257
7173 7258
7174 7259
7175 7260
7176 7261
7177 7262
7178 7263
7179 7264
7180 7265
7181 7266
7182 7267
7183 7268
7184 7269
7185 7270
7186 7271
7187 7272
7188 7273
7189 7274
7190 7275
7191 7276
7192 7277
7193 7278
7194 7279
7195 7280
7196 7281
7197 7282
7198 7283
7199 7284
7200 7285
7201 7286
7202 7287
7203 7288
7204 7289
7205 7290
7206 7291
7207 7292
7208 7293
7209 7294
7210 7295
7211 7296
7212 7297
7213 7298
7214 7299
7215 7300
7216 7301
7217 7302
7218 7303
7219 7304
7220 7305
7221 7306
7222 7307
7223 7308
7224 7309
7225 7310
7226 7311
7227 7312
7228 7313
7229 7314
7230 7315
7231 7316
7232 7317
7233 7318
7234 7319
7235 7320
7236 7321
7237 7322
7238 7323
7239 7324
7240 7325
7241 7326
7242 7327
7243 7328
7244 7329
7245 7330
7246 7331
7247 7332
7248 7333
7249 7334
7250 7335
7251 7336
7252 7337
7253 7338
7254 7339
7255 7340
7256 7341
7257 7342
7258 7343
7259 7344
7260 7345
7261 7346
7262 7347
7263 7348
7264 7349
7265 7350
7266 7351
7267 7352
7268 7353
7269 7354
7270 7355
7271 7356
7272 7357
7273 7358
7274 7359
7275 7360
7276 7361
7277 7362
7278 7363
7279 7364
7280 7365
7281 7366
7282 7367
7283 7368
7284 7369
7285 7370
7286 7371
7287 7372
7288 7373
7289 7374
7290 7375
7291 7376
7292 7377
7293 7378
7294 7379
7295 7380
7296 7381
7297 7382
7298 7383
7299 7384
7300 7385
7301 7386
7302 7387
7303 7388
7304 7389
7305 7390
7306 7391
7307 7392
7308 7393
7309 7394
7310 7395
7311 7397
7312 7398
7313 7399
7314 7400
7315 7401
7316 7402
7317 7403
7318 7404
7319 7405
7320 7406
7321 7407
7322 7408
7323 7409
7324 7410
7325 7411
7326 7412
7327 7413
7328 7414
7329 7415
7330 7416
7331 7417
7332 7418
7333 7419
7334 7420
7335 7421
7336 7422
7337 7423
7338 7424
7339 7425
7340 7426
7341 7427
7342 7428
7343 7429
7344 7430
7345 7431
7346 7432
7347 7433
7348 7434
7349 7435
7350 7436
7351 7437
7352 7438
7353 7439
7354 7440
7355 7441
7356 7442
7357 7443
7358 7444
7359 7445
7360 7446
7361 7447
7362 7448
7363 7449
7364 7450
7365 7451
7366 7452
7367 7453
7368 7454
7369 7455
7370 7456
7371 7457
7372 7458
7373 7459
7374 7460
7375 7461
7376 7462
7377 7463
7378 7464
7379 7465
7380 7466
7381 7467
7382 7468
7383 7469
7384 7470
7385 7471
7386 7472
7387 7473
7388 7474
7389 7475
7390 7476
7391 7477
7392 7478
7393 7479
7394 7480
7395 7481
7396 7482
7397 7483
7398 7484
7399 7485
7400 7486
7401 7487
7402 7488
7403 7489
7404 7490
7405 7491
7406 7492
7407 7493
7408 7494
7409 7495
7410 7496
7411 7497
7412 7498
7413 7499
7414 7500
7415 7501
7416 7502
7417 7503
7418 7504
7419 7505
7420 7506
7421 7507
7422 7508
7423 7509
7424 7510
7425 7511
7426 7512
7427 7513
7428 7514
7429 7515
7430 7516
7431 7517
7432 7518
7433 7519
7434 7520
7435 7521
7436 7522
7437 7523
7438 7524
7439 7525
7440 7526
7441 7527
7442 7528
7443 7529
7444 7530
7445 7531
7446 7532
7447 7533
7448 7534
7449 7535
7450 7536
7451 7537
7452 7538
7453 7539
7454 7540
7455 7541
7456 7542
7457 7543
7458 7544
7459 7545
7460 7546
7461 7547
7462 7548
7463 7549
7464 7550
7465 7551
7466 7552
7467 7553
7468 7554
7469 7555
7470 7556
7471 7557
7472 7558
7473 7559
7474 7560
7475 7561
7476 7562
7477 7563
7478 7564
7479 7565
7480 7566
7481 7567
7482 7568
7483 7570
7484 7571
7485 7572
7486 7573
7487 7574
7488 7575
7489 7576
7490 7577
7491 7578
7492 7579
7493 7580
7494 7581
7495 7582
7496 7583
7497 7584
7498 7585
7499 7586
7500 7587
7501 7588
7502 7589
7503 7590
7504 7591
7505 7592
7506 7593
7507 7594
7508 7595
7509 7596
7510 7597
7511 7598
7512 7599
7513 7600
7514 7601
7515 7602
7516 7603
7517 7604
7518 7605
7519 7606
7520 7607
7521 7608
7522 7609
7523 7610
7524 7611
7525 7612
7526 7613
7527 7614
7528 7615
7529 7616
7530 7617
7531 7618
7532 7619
7533 7620
7534 7621
7535 7622
7536 7623
7537 7624
7538 7625
7539 7626
7540 7627
7541 7628
7542 7629
7543 7630
7544 7631
7545 7632
7546 7633
7547 7634
7548 7635
7549 7636
7550 7637
7551 7638
7552 7639
7553 7640
7554 7641
7555 7642
7556 7643
7557 7644
7558 7645
7559 7646
7560 7647
7561 7648
7562 7649
7563 7650
7564 7651
7565 7652
7566 7653
7567 7654
7568 7655
7569 7656
7570 7657
7571 7658
7572 7659
7573 7660
7574 7661
7575 7662
7576 7663
7577 7664
7578 7665
7579 7666
7580 7667
7581 7668
7582 7669
7583 7670
7584 7671
7585 7672
7586 7673
7587 7674
7588 7675
7589 7676
7590 7677
7591 7678
7592 7679
7593 7680
7594 7681
7595 7682
7596 7683
7597 7684
7598 7685
7599 7686
7600 7687
7601 7688
7602 7689
7603 7690
7604 7691
7605 7692
7606 7693
7607 7694
7608 7695
7609 7696
7610 7697
7611 7698
7612 7699
7613 7700
7614 7701
7615 7702
7616 7703
7617 7704
7618 7705
7619 7706
7620 7707
7621 7708
7622 7709
7623 7710
7624 7711
7625 7712
7626 7713
7627 7714
7628 7715
7629 7716
7630 7717
7631 7718
7632 7719
7633 7720
7634 7721
7635 7722
7636 7723
7637 7724
7638 7725
7639 7726
7640 7727
7641 7728
7642 7729
7643 7730
7644 7731
7645 7732
7646 7733
7647 7734
7648 7735
7649 7736
7650 7737
7651 7738
7652 7739
7653 7740
7654 7741
7655 7742
7656 7743
7657 7745
7658 7746
7659 7747
7660 7748
7661 7749
7662 7750
7663 7751
7664 7752
7665 7753
7666 7754
7667 7755
7668 7756
7669 7757
7670 7758
7671 7759
7672 7760
7673 7761
7674 7762
7675 7763
7676 7764
7677 7765
7678 7766
7679 7767
7680 7768
7681 7769
7682 7770
7683 7771
7684 7772
7685 7773
7686 7774
7687 7775
7688 7776
7689 7777
7690 7778
7691 7779
7692 7780
7693 7781
7694 7782
7695 7783
7696 7784
7697 7785
7698 7786
7699 7787
7700 7788
7701 7789
7702 7790
7703 7791
7704 7792
7705 7793
7706 7794
7707 7795
7708 7796
7709 7797
7710 7798
7711 7799
7712 7800
7713 7801
7714 7802
7715 7803
7716 7804
7717 7805
7718 7806
7719 7807
7720 7808
7721 7809
7722 7810
7723 7811
7724 7812
7725 7813
7726 7814
7727 7815
7728 7816
7729 7817
7730 7818
7731 7819
7732 7820
7733 7821
7734 7822
7735 7823
7736 7824
7737 7825
7738 7826
7739 7827
7740 7828
7741 7829
7742 7830
7743 7831
7744 7832
7745 7833
7746 7834
7747 7835
7748 7836
7749 7837
7750 7838
7751 7839
7752 7840
7753 7841
7754 7842
7755 7843
7756 7844
7757 7845
7758 7846
7759 7847
7760 7848
7761 7849
7762 7850
7763 7851
7764 7852
7765 7853
7766 7854
7767 7855
7768 7856
7769 7857
7770 7858
7771 7859
7772 7860
7773 7861
7774 7862
7775 7863
7776 7864
7777 7865
7778 7866
7779 7867
7780 7868
7781 7869
7782 7870
7783 7871
7784 7872
7785 7873
7786 7874
7787 7875
7788 7876
7789 7877
7790 7878
7791 7879
7792 7880
7793 7881
7794 7882
7795 7883
7796 7884
7797 7885
7798 7886
7799 7887
7800 7888
7801 7889
7802 7890
7803 7891
7804 7892
7805 7893
7806 7894
7807 7895
7808 7896
7809 7897
7810 7898
7811 7899
7812 7900
7813 7901
7814 7902
7815 7903
7816 7904
7817 7905
7818 7906
7819 7907
7820 7908
7821 7909
7822 7910
7823 7911
7824 7912
7825 7913
7826 7914
7827 7915
7828 7916
7829 7917
7830 7918
7831 7919
7832 7920
7833 7922
7834 7923
7835 7924
7836 7925
7837 7926
7838 7927
7839 7928
7840 7929
7841 7930
7842 7931
7843 7932
7844 7933
7845 7934
7846 7935
7847 7936
7848 7937
7849 7938
7850 7939
7851 7940
7852 7941
7853 7942
7854 7943
7855 7944
7856 7945
7857 7946
7858 7947
7859 7948
7860 7949
7861 7950
7862 7951
7863 7952
7864 7953
7865 7954
7866 7955
7867 7956
7868 7957
7869 7958
7870 7959
7871 7960
7872 7961
7873 7962
7874 7963
7875 7964
7876 7965
7877 7966
7878 7967
7879 7968
7880 7969
7881 7970
7882 7971
7883 7972
7884 7973
7885 7974
7886 7975
7887 7976
7888 7977
7889 7978
7890 7979
7891 7980
7892 7981
7893 7982
7894 7983
7895 7984
7896 7985
7897 7986
7898 7987
7899 7988
7900 7989
7901 7990
7902 7991
7903 7992
7904 7993
7905 7994
7906 7995
7907 7996
7908 7997
7909 7998
7910 7999
7911 8000
7912 8001
7913 8002
7914 8003
7915 8004
7916 8005
7917 8006
7918 8007
7919 8008
7920 8009
7921 8010
7922 8011
7923 8012
7924 8013
7925 8014
7926 8015
7927 8016
7928 8017
7929 8018
7930 8019
7931 8020
7932 8021
7933 8022
7934 8023
7935 8024
7936 8025
7937 8026
7938 8027
7939 8028
7940 8029
7941 8030
7942 8031
7943 8032
7944 8033
7945 8034
7946 8035
7947 8036
7948 8037
7949 8038
7950 8039
7951 8040
7952 8041
7953 8042
7954 8043
7955 8044
7956 8045
7957 8046
7958 8047
7959 8048
7960 8049
7961 8050
7962 8051
7963 8052
7964 8053
7965 8054
7966 8055
7967 8056
7968 8057
7969 8058
7970 8059
7971 8060
7972 8061
7973 8062
7974 8063
7975 8064
7976 8065
7977 8066
7978 8067
7979 8068
7980 8069
7981 8070
7982 8071
7983 8072
7984 8073
7985 8074
7986 8075
7987 8076
7988 8077
7989 8078
7990 8079
7991 8080
7992 8081
7993 8082
7994 8083
7995 8084
7996 8085
7997 8086
7998 8087
7999 8088
8000 8089
8001 8090
8002 8091
8003 8092
8004 8093
8005 8094
8006 8095
8007 8096
8008 8097
8009 8098
8010 8099
8011 8101
8012 8102
8013 8103
8014 8104
8015 8105
8016 8106
8017 8107
8018 8108
8019 8109
8020 8110
8021 8111
8022 8112
8023 8113
8024 8114
8025 8115
8026 8116
8027 8117
8028 8118
8029 8119
8030 8120
8031 8121
8032 8122
8033 8123
8034 8124
8035 8125
8036 8126
8037 8127
8038 8128
8039 8129
8040 8130
8041 8131
8042 8132
8043 8133
8044 8134
8045 8135
8046 8136
8047 8137
8048 8138
8049 8139
8050 8140
8051 8141
8052 8142
8053 8143
8054 8144
8055 8145
8056 8146
8057 8147
8058 8148
8059 8149
8060 8150
8061 8151
8062 8152
8063 8153
8064 8154
8065 8155
8066 8156
8067 8157
8068 8158
8069 8159
8070 8160
8071 8161
8072 8162
8073 8163
8074 8164
8075 8165
8076 8166
8077 8167
8078 8168
8079 8169
8080 8170
8081 8171
8082 8172
8083 8173
8084 8174
8085 8175
8086 8176
8087 8177
8088 8178
8089 8179
8090 8180
8091 8181
8092 8182
8093 8183
8094 8184
8095 8185
8096 8186
8097 8187
8098 8188
8099 8189
8100 8190
8101 8191
8102 8192
8103 8193
8104 8194
8105 8195
8106 8196
8107 8197
8108 8198
8109 8199
8110 8200
8111 8201
8112 8202
8113 8203
8114 8204
8115 8205
8116 8206
8117 8207
8118 8208
8119 8209
8120 8210
8121 8211
8122 8212
8123 8213
8124 8214
8125 8215
8126 8216
8127 8217
8128 8218
8129 8219
8130 8220
8131 8221
8132 8222
8133 8223
8134 8224
8135 8225
8136 8226
8137 8227
8138 8228
8139 8229
8140 8230
8141 8231
8142 8232
8143 8233
8144 8234
8145 8235
8146 8236
8147 8237
8148 8238
8149 8239
8150 8240
8151 8241
8152 8242
8153 8243
8154 8244
8155 8245
8156 8246
8157 8247
8158 8248
8159 8249
8160 8250
8161 8251
8162 8252
8163 8253
8164 8254
8165 8255
8166 8256
8167 8257
8168 8258
8169 8259
8170 8260
8171 8261
8172 8262
8173 8263
8174 8264
8175 8265
8176 8266
8177 8267
8178 8268
8179 8269
8180 8270
8181 8271
8182 8272
8183 8273
8184 8274
8185 8275
8186 8276
8187 8277
8188 8278
8189 8279
8190 8280
8191 8282
8192 8283
8193 8284
8194 8285
8195 8286
8196 8287
8197 8288
8198 8289
8199 8290
8200 8291
8201 8292
8202 8293
8203 8294
8204 8295
8205 8296
8206 8297
8207 8298
8208 8299
8209 8300
8210 8301
8211 8302
8212 8303
8213 8304
8214 8305
8215 8306
8216 8307
8217 8308
8218 8309
8219 8310
8220 8311
8221 8312
8222 8313
8223 8314
8224 8315
8225 8316
8226 8317
8227 8318
8228 8319
8229 8320
8230 8321
8231 8322
8232 8323
8233 8324
8234 8325
8235 8326
8236 8327
8237 8328
8238 8329
8239 8330
8240 8331
8241 8332
8242 8333
8243 8334
8244 8335
8245 8336
8246 8337
8247 8338
8248 8339
8249 8340
8250 8341
8251 8342
8252 8343
8253 8344
8254 8345
8255 8346
8256 8347
8257 8348
8258 8349
8259 8350
8260 8351
8261 8352
8262 8353
8263 8354
8264 8355
8265 8356
8266 8357
8267 8358
8268 8359
8269 8360
8270 8361
8271 8362
8272 8363
8273 8364
8274 8365
8275 8366
8276 8367
8277 8368
8278 8369
8279 8370
8280 8371
8281 8372
8282 8373
8283 8374
8284 8375
8285 8376
8286 8377
8287 8378
8288 8379
8289 8380
8290 8381
8291 8382
8292 8383
8293 8384
8294 8385
8295 8386
8296 8387
8297 8388
8298 8389
8299 8390
8300 8391
8301 8392
8302 8393
8303 8394
8304 8395
8305 8396
8306 8397
8307 8398
8308 8399
8309 8400
8310 8401
8311 8402
8312 8403
8313 8404
8314 8405
8315 8406
8316 8407
8317 8408
8318 8409
8319 8410
8320 8411
8321 8412
8322 8413
8323 8414
8324 8415
8325 8416
8326 8417
8327 8418
8328 8419
8329 8420
8330 8421
8331 8422
8332 8423
8333 8424
8334 8425
8335 8426
8336 8427
8337 8428
8338 8429
8339 8430
8340 8431
8341 8432
8342 8433
8343 8434
8344 8435
8345 8436
8346 8437
8347 8438
8348 8439
8349 8440
8350 8441
8351 8442
8352 8443
8353 8444
8354 8445
8355 8446
8356 8447
8357 8448
8358 8449
8359 8450
8360 8451
8361 8452
8362 8453
8363 8454
8364 8455
8365 8456
8366 8457
8367 8458
8368 8459
8369 8460
8370 8461
8371 8462
8372 8463
8373 8465
8374 8466
8375 8467
8376 8468
8377 8469
8378 8470
8379 8471
8380 8472
8381 8473
8382 8474
8383 8475
8384 8476
8385 8477
8386 8478
8387 8479
8388 8480
8389 8481
8390 8482
8391 8483
8392 8484
8393 8485
8394 8486
8395 8487
8396 8488
8397 8489
8398 8490
8399 8491
8400 8492
8401 8493
8402 8494
8403 8495
8404 8496
8405 8497
8406 8498
8407 8499
8408 8500
8409 8501
8410 8502
8411 8503
8412 8504
8413 8505
8414 8506
8415 8507
8416 8508
8417 8509
8418 8510
8419 8511
8420 8512
8421 8513
8422 8514
8423 8515
8424 8516
8425 8517
8426 8518
8427 8519
8428 8520
8429 8521
8430 8522
8431 8523
8432 8524
8433 8525
8434 8526
8435 8527
8436 8528
8437 8529
8438 8530
8439 8531
8440 8532
8441 8533
8442 8534
8443 8535
8444 8536
8445 8537
8446 8538
8447 8539
8448 8540
8449 8541
8450 8542
8451 8543
8452 8544
8453 8545
8454 8546
8455 8547
8456 8548
8457 8549
8458 8550
8459 8551
8460 8552
8461 8553
8462 8554
8463 8555
8464 8556
8465 8557
8466 8558
8467 8559
8468 8560
8469 8561
8470 8562
8471 8563
8472 8564
8473 8565
8474 8566
8475 8567
8476 8568
8477 8569
8478 8570
8479 8571
8480 8572
8481 8573
8482 8574
8483 8575
8484 8576
8485 8577
8486 8578
8487 8579
8488 8580
8489 8581
8490 8582
8491 8583
8492 8584
8493 8585
8494 8586
8495 8587
8496 8588
8497 8589
8498 8590
8499 8591
8500 8592
8501 8593
8502 8594
8503 8595
8504 8596
8505 8597
8506 8598
8507 8599
8508 8600
8509 8601
8510 8602
8511 8603
8512 8604
8513 8605
8514 8606
8515 8607
8516 8608
8517 8609
8518 8610
8519 8611
8520 8612
8521 8613
8522 8614
8523 8615
8524 8616
8525 8617
8526 8618
8527 8619
8528 8620
8529 8621
8530 8622
8531 8623
8532 8624
8533 8625
8534 8626
8535 8627
8536 8628
8537 8629
8538 8630
8539 8631
8540 8632
8541 8633
8542 8634
8543 8635
8544 8636
8545 8637
8546 8638
8547 8639
8548 8640
8549 8641
8550 8642
8551 8643
8552 8644
8553 8645
8554 8646
8555 8647
8556 8648
8557 8650
8558 8651
8559 8652
8560 8653
8561 8654
8562 8655
8563 8656
8564 8657
8565 8658
8566 8659
8567 8660
8568 8661
8569 8662
8570 8663
8571 8664
8572 8665
8573 8666
8574 8667
8575 8668
8576 8669
8577 8670
8578 8671
8579 8672
8580 8673
8581 8674
8582 8675
8583 8676
8584 8677
8585 8678
8586 8679
8587 8680
8588 8681
8589 8682
8590 8683
8591 8684
8592 8685
8593 8686
8594 8687
8595 8688
8596 8689
8597 8690
8598 8691
8599 8692
8600 8693
8601 8694
8602 8695
8603 8696
8604 8697
8605 8698
8606 8699
8607 8700
8608 8701
8609 8702
8610 8703
8611 8704
8612 8705
8613 8706
8614 8707
8615 8708
8616 8709
8617 8710
8618 8711
8619 8712
8620 8713
8621 8714
8622 8715
8623 8716
8624 8717
8625 8718
8626 8719
8627 8720
8628 8721
8629 8722
8630 8723
8631 8724
8632 8725
8633 8726
8634 8727
8635 8728
8636 8729
8637 8730
8638 8731
8639 8732
8640 8733
8641 8734
8642 8735
8643 8736
8644 8737
8645 8738
8646 8739
8647 8740
8648 8741
8649 8742
8650 8743
8651 8744
8652 8745
8653 8746
8654 8747
8655 8748
8656 8749
8657 8750
8658 8751
8659 8752
8660 8753
8661 8754
8662 8755
8663 8756
8664 8757
8665 8758
8666 8759
8667 8760
8668 8761
8669 8762
8670 8763
8671 8764
8672 8765
8673 8766
8674 8767
8675 8768
8676 8769
8677 8770
8678 8771
8679 8772
8680 8773
8681 8774
8682 8775
8683 8776
8684 8777
8685 8778
8686 8779
8687 8780
8688 8781
8689 8782
8690 8783
8691 8784
8692 8785
8693 8786
8694 8787
8695 8788
8696 8789
8697 8790
8698 8791
8699 8792
8700 8793
8701 8794
8702 8795
8703 8796
8704 8797
8705 8798
8706 8799
8707 8800
8708 8801
8709 8802
8710 8803
8711 8804
8712 8805
8713 8806
8714 8807
8715 8808
8716 8809
8717 8810
8718 8811
8719 8812
8720 8813
8721 8814
8722 8815
8723 8816
8724 8817
8725 8818
8726 8819
8727 8820
8728 8821
8729 8822
8730 8823
8731 8824
8732 8825
8733 8826
8734 8827
8735 8828
8736 8829
8737 8830
8738 8831
8739 8832
8740 8833
8741 8834
8742 8835
8743 8837
8744 8838
8745 8839
8746 8840
8747 8841
8748 8842
8749 8843
8750 8844
8751 8845
8752 8846
8753 8847
8754 8848
8755 8849
8756 8850
8757 8851
8758 8852
8759 8853
8760 8854
8761 8855
8762 8856
8763 8857
8764 8858
8765 8859
8766 8860
8767 8861
8768 8862
8769 8863
8770 8864
8771 8865
8772 8866
8773 8867
8774 8868
8775 8869
8776 8870
8777 8871
8778 8872
8779 8873
8780 8874
8781 8875
8782 8876
8783 8877
8784 8878
8785 8879
8786 8880
8787 8881
8788 8882
8789 8883
8790 8884
8791 8885
8792 8886
8793 8887
8794 8888
8795 8889
8796 8890
8797 8891
8798 8892
8799 8893
8800 8894
8801 8895
8802 8896
8803 8897
8804 8898
8805 8899
8806 8900
8807 8901
8808 8902
8809 8903
8810 8904
8811 8905
8812 8906
8813 8907
8814 8908
8815 8909
8816 8910
8817 8911
8818 8912
8819 8913
8820 8914
8821 8915
8822 8916
8823 8917
8824 8918
8825 8919
8826 8920
8827 8921
8828 8922
8829 8923
8830 8924
8831 8925
8832 8926
8833 8927
8834 8928
8835 8929
8836 8930
8837 8931
8838 8932
8839 8933
8840 8934
8841 8935
8842 8936
8843 8937
8844 8938
8845 8939
8846 8940
8847 8941
8848 8942
8849 8943
8850 8944
8851 8945
8852 8946
8853 8947
8854 8948
8855 8949
8856 8950
8857 8951
8858 8952
8859 8953
8860 8954
8861 8955
8862 8956
8863 8957
8864 8958
8865 8959
8866 8960
8867 8961
8868 8962
8869 8963
8870 8964
8871 8965
8872 8966
8873 8967
8874 8968
8875 8969
8876 8970
8877 8971
8878 8972
8879 8973
8880 8974
8881 8975
8882 8976
8883 8977
8884 8978
8885 8979
8886 8980
8887 8981
8888 8982
8889 8983
8890 8984
8891 8985
8892 8986
8893 8987
8894 8988
8895 8989
8896 8990
8897 8991
8898 8992
8899 8993
8900 8994
8901 8995
8902 8996
8903 8997
8904 8998
8905 8999
8906 9000
8907 9001
8908 9002
8909 9003
8910 9004
8911 9005
8912 9006
8913 9007
8914 9008
8915 9009
8916 9010
8917 9011
8918 9012
8919 9013
8920 9014
8921 9015
8922 9016
8923 9017
8924 9018
8925 9019
8926 9020
8927 9021
8928 9022
8929 9023
8930 9024
8931 9026
8932 9027
8933 9028
8934 9029
8935 9030
8936 9031
8937 9032
8938 9033
8939 9034
8940 9035
8941 9036
8942 9037
8943 9038
8944 9039
8945 9040
8946 9041
8947 9042
8948 9043
8949 9044
8950 9045
8951 9046
8952 9047
8953 9048
8954 9049
8955 9050
8956 9051
8957 9052
8958 9053
8959 9054
8960 9055
8961 9056
8962 9057
8963 9058
8964 9059
8965 9060
8966 9061
8967 9062
8968 9063
8969 9064
8970 9065
8971 9066
8972 9067
8973 9068
8974 9069
8975 9070
8976 9071
8977 9072
8978 9073
8979 9074
8980 9075
8981 9076
8982 9077
8983 9078
8984 9079
8985 9080
8986 9081
8987 9082
8988 9083
8989 9084
8990 9085
8991 9086
8992 9087
8993 9088
8994 9089
8995 9090
8996 9091
8997 9092
8998 9093
8999 9094
9000 9095
9001 9096
9002 9097
9003 9098
9004 9099
9005 9100
9006 9101
9007 9102
9008 9103
9009 9104
9010 9105
9011 9106
9012 9107
9013 9108
9014 9109
9015 9110
9016 9111
9017 9112
9018 9113
9019 9114
9020 9115
9021 9116
9022 9117
9023 9118
9024 9119
9025 9120
9026 9121
9027 9122
9028 9123
9029 9124
9030 9125
9031 9126
9032 9127
9033 9128
9034 9129
9035 9130
9036 9131
9037 9132
9038 9133
9039 9134
9040 9135
9041 9136
9042 9137
9043 9138
9044 9139
9045 9140
9046 9141
9047 9142
9048 9143
9049 9144
9050 9145
9051 9146
9052 9147
9053 9148
9054 9149
9055 9150
9056 9151
9057 9152
9058 9153
9059 9154
9060 9155
9061 9156
9062 9157
9063 9158
9064 9159
9065 9160
9066 9161
9067 9162
9068 9163
9069 9164
9070 9165
9071 9166
9072 9167
9073 9168
9074 9169
9075 9170
9076 9171
9077 9172
9078 9173
9079 9174
9080 9175
9081 9176
9082 9177
9083 9178
9084 9179
9085 9180
9086 9181
9087 9182
9088 9183
9089 9184
9090 9185
9091 9186
9092 9187
9093 9188
9094 9189
9095 9190
9096 9191
9097 9192
9098 9193
9099 9194
9100 9195
9101 9196
9102 9197
9103 9198
9104 9199
9105 9200
9106 9201
9107 9202
9108 9203
9109 9204
9110 9205
9111 9206
9112 9207
9113 9208
9114 9209
9115 9210
9116 9211
9117 9212
9118 9213
9119 9214
9120 9215
9121 9217
9122 9218
9123 9219
9124 9220
9125 9221
9126 9222
9127 9223
9128 9224
9129 9225
9130 9226
9131 9227
9132 9228
9133 9229
9134 9230
9135 9231
9136 9232
9137 9233
9138 9234
9139 9235
9140 9236
9141 9237
9142 9238
9143 9239
9144 9240
9145 9241
9146 9242
9147 9243
9148 9244
9149 9245
9150 9246
9151 9247
9152 9248
9153 9249
9154 9250
9155 9251
9156 9252
9157 9253
9158 9254
9159 9255
9160 9256
9161 9257
9162 9258
9163 9259
9164 9260
9165 9261
9166 9262
9167 9263
9168 9264
9169 9265
9170 9266
9171 9267
9172 9268
9173 9269
9174 9270
9175 9271
9176 9272
9177 9273
9178 9274
9179 9275
9180 9276
9181 9277
9182 9278
9183 9279
9184 9280
9185 9281
9186 9282
9187 9283
9188 9284
9189 9285
9190 9286
9191 9287
9192 9288
9193 9289
9194 9290
9195 9291
9196 9292
9197 9293
9198 9294
9199 9295
9200 9296
9201 9297
9202 9298
9203 9299
9204 9300
9205 9301
9206 9302
9207 9303
9208 9304
9209 9305
9210 9306
9211 9307
9212 9308
9213 9309
9214 9310
9215 9311
9216 9312
9217 9313
9218 9314
9219 9315
9220 9316
9221 9317
9222 9318
9223 9319
9224 9320
9225 9321
9226 9322
9227 9323
9228 9324
9229 9325
9230 9326
9231 9327
9232 9328
9233 9329
9234 9330
9235 9331
9236 9332
9237 9333
9238 9334
9239 9335
9240 9336
9241 9337
9242 9338
9243 9339
9244 9340
9245 9341
9246 9342
9247 9343
9248 9344
9249 9345
9250 9346
9251 9347
9252 9348
9253 9349
9254 9350
9255 9351
9256 9352
9257 9353
9258 9354
9259 9355
9260 9356
9261 9357
9262 9358
9263 9359
9264 9360
9265 9361
9266 9362
9267 9363
9268 9364
9269 9365
9270 9366
9271 9367
9272 9368
9273 9369
9274 9370
9275 9371
9276 9372
9277 9373
9278 9374
9279 9375
9280 9376
9281 9377
9282 9378
9283 9379
9284 9380
9285 9381
9286 9382
9287 9383
9288 9384
9289 9385
9290 9386
9291 9387
9292 9388
9293 9389
9294 9390
9295 9391
9296 9392
9297 9393
9298 9394
9299 9395
9300 9396
9301 9397
9302 9398
9303 9399
9304 9400
9305 9401
9306 9402
9307 9403
9308 9404
9309 9405
9310 9406
9311 9407
9312 9408
9313 9410
9314 9411
9315 9412
9316 9413
9317 9414
9318 9415
9319 9416
9320 9417
9321 9418
9322 9419
9323 9420
9324 9421
9325 9422
9326 9423
9327 9424
9328 9425
9329 9426
9330 9427
9331 9428
9332 9429
9333 9430
9334 9431
9335 9432
9336 9433
9337 9434
9338 9435
9339 9436
9340 9437
9341 9438
9342 9439
9343 9440
9344 9441
9345 9442
9346 9443
9347 9444
9348 9445
9349 9446
9350 9447
9351 9448
9352 9449
9353 9450
9354 9451
9355 9452
9356 9453
9357 9454
9358 9455
9359 9456
9360 9457
9361 9458
9362 9459
9363 9460
9364 9461
9365 9462
9366 9463
9367 9464
9368 9465
9369 9466
9370 9467
9371 9468
9372 9469
9373 9470
9374 9471
9375 9472
9376 9473
9377 9474
9378 9475
9379 9476
9380 9477
9381 9478
9382 9479
9383 9480
9384 9481
9385 9482
9386 9483
9387 9484
9388 9485
9389 9486
9390 9487
9391 9488
9392 9489
9393 9490
9394 9491
9395 9492
9396 9493
9397 9494
9398 9495
9399 9496
9400 9497
9401 9498
9402 9499
9403 9500
9404 9501
9405 9502
9406 9503
9407 9504
9408 9505
9409 9506
9410 9507
9411 9508
9412 9509
9413 9510
9414 9511
9415 9512
9416 9513
9417 9514
9418 9515
9419 9516
9420 9517
9421 9518
9422 9519
9423 9520
9424 9521
9425 9522
9426 9523
9427 9524
9428 9525
9429 9526
9430 9527
9431 9528
9432 9529
9433 9530
9434 9531
9435 9532
9436 9533
9437 9534
9438 9535
9439 9536
9440 9537
9441 9538
9442 9539
9443 9540
9444 9541
9445 9542
9446 9543
9447 9544
9448 9545
9449 9546
9450 9547
9451 9548
9452 9549
9453 9550
9454 9551
9455 9552
9456 9553
9457 9554
9458 9555
9459 9556
9460 9557
9461 9558
9462 9559
9463 9560
9464 9561
9465 9562
9466 9563
9467 9564
9468 9565
9469 9566
9470 9567
9471 9568
9472 9569
9473 9570
9474 9571
9475 9572
9476 9573
9477 9574
9478 9575
9479 9576
9480 9577
9481 9578
9482 9579
9483 9580
9484 9581
9485 9582
9486 9583
9487 9584
9488 9585
9489 9586
9490 9587
9491 9588
9492 9589
9493 9590
9494 9591
9495 9592
9496 9593
9497 9594
9498 9595
9499 9596
9500 9597
9501 9598
9502 9599
9503 9600
9504 9601
9505 9602
9506 9603
9507 9605
9508 9606
9509 9607
9510 9608
9511 9609
9512 9610
9513 9611
9514 9612
9515 9613
9516 9614
9517 9615
9518 9616
9519 9617
9520 9618
9521 9619
9522 9620
9523 9621
9524 9622
9525 9623
9526 9624
9527 9625
9528 9626
9529 9627
9530 9628
9531 9629
9532 9630
9533 9631
9534 9632
9535 9633
9536 9634
9537 9635
9538 9636
9539 9637
9540 9638
9541 9639
9542 9640
9543 9641
9544 9642
9545 9643
9546 9644
9547 9645
9548 9646
9549 9647
9550 9648
9551 9649
9552 9650
9553 9651
9554 9652
9555 9653
9556 9654
9557 9655
9558 9656
9559 9657
9560 9658
9561 9659
9562 9660
9563 9661
9564 9662
9565 9663
9566 9664
9567 9665
9568 9666
9569 9667
9570 9668
9571 9669
9572 9670
9573 9671
9574 9672
9575 9673
9576 9674
9577 9675
9578 9676
9579 9677
9580 9678
9581 9679
9582 9680
9583 9681
9584 9682
9585 9683
9586 9684
9587 9685
9588 9686
9589 9687
9590 9688
9591 9689
9592 9690
9593 9691
9594 9692
9595 9693
9596 9694
9597 9695
9598 9696
9599 9697
9600 9698
9601 9699
9602 9700
9603 9701
9604 9702
9605 9703
9606 9704
9607 9705
9608 9706
9609 9707
9610 9708
9611 9709
9612 9710
9613 9711
9614 9712
9615 9713
9616 9714
9617 9715
9618 9716
9619 9717
9620 9718
9621 9719
9622 9720
9623 9721
9624 9722
9625 9723
9626 9724
9627 9725
9628 9726
9629 9727
9630 9728
9631 9729
9632 9730
9633 9731
9634 9732
9635 9733
9636 9734
9637 9735
9638 9736
9639 9737
9640 9738
9641 9739
9642 9740
9643 9741
9644 9742
9645 9743
9646 9744
9647 9745
9648 9746
9649 9747
9650 9748
9651 9749
9652 9750
9653 9751
9654 9752
9655 9753
9656 9754
9657 9755
9658 9756
9659 9757
9660 9758
9661 9759
9662 9760
9663 9761
9664 9762
9665 9763
9666 9764
9667 9765
9668 9766
9669 9767
9670 9768
9671 9769
9672 9770
9673 9771
9674 9772
9675 9773
9676 9774
9677 9775
9678 9776
9679 9777
9680 9778
9681 9779
9682 9780
9683 9781
9684 9782
9685 9783
9686 9784
9687 9785
9688 9786
9689 9787
9690 9788
9691 9789
9692 9790
9693 9791
9694 9792
9695 9793
9696 9794
9697 9795
9698 9796
9699 9797
9700 9798
9701 9799
9702 9800
9703 9802
9704 9803
9705 9804
9706 9805
9707 9806
9708 9807
9709 9808
9710 9809
9711 9810
9712 9811
9713 9812
9714 9813
9715 9814
9716 9815
9717 9816
9718 9817
9719 9818
9720 9819
9721 9820
9722 9821
9723 9822
9724 9823
9725 9824
9726 9825
9727 9826
9728 9827
9729 9828
9730 9829
9731 9830
9732 9831
9733 9832
9734 9833
9735 9834
9736 9835
9737 9836
9738 9837
9739 9838
9740 9839
9741 9840
9742 9841
9743 9842
9744 9843
9745 9844
9746 9845
9747 9846
9748 9847
9749 9848
9750 9849
9751 9850
9752 9851
9753 9852
9754 9853
9755 9854
9756 9855
9757 9856
9758 9857
9759 9858
9760 9859
9761 9860
9762 9861
9763 9862
9764 9863
9765 9864
9766 9865
9767 9866
9768 9867
9769 9868
9770 9869
9771 9870
9772 9871
9773 9872
9774 9873
9775 9874
9776 9875
9777 9876
9778 9877
9779 9878
9780 9879
9781 9880
9782 9881
9783 9882
9784 9883
9785 9884
9786 9885
9787 9886
9788 9887
9789 9888
9790 9889
9791 9890
9792 9891
9793 9892
9794 9893
9795 9894
9796 9895
9797 9896
9798 9897
9799 9898
9800 9899
9801 9900
9802 9901
9803 9902
9804 9903
9805 9904
9806 9905
9807 9906
9808 9907
9809 9908
9810 9909
9811 9910
9812 9911
9813 9912
9814 9913
9815 9914
9816 9915
9817 9916
9818 9917
9819 9918
9820 9919
9821 9920
9822 9921
9823 9922
9824 9923
9825 9924
9826 9925
9827 9926
9828 9927
9829 9928
9830 9929
9831 9930
9832 9931
9833 9932
9834 9933
9835 9934
9836 9935
9837 9936
9838 9937
9839 9938
9840 9939
9841 9940
9842 9941
9843 9942
9844 9943
9845 9944
9846 9945
9847 9946
9848 9947
9849 9948
9850 9949
9851 9950
9852 9951
9853 9952
9854 9953
9855 9954
9856 9955
9857 9956
9858 9957
9859 9958
9860 9959
9861 9960
9862 9961
9863 9962
9864 9963
9865 9964
9866 9965
9867 9966
9868 9967
9869 9968
9870 9969
9871 9970
9872 9971
9873 9972
9874 9973
9875 9974
9876 9975
9877 9976
9878 9977
9879 9978
9880 9979
9881 9980
9882 9981
9883 9982
9884 9983
9885 9984
9886 9985
9887 9986
9888 9987
9889 9988
9890 9989
9891 9990
9892 9991
9893 9992
9894 9993
9895 9994
9896 9995
9897 9996
9898 9997
9899 9998
9900 9999
9901 10001
9902 10002
9903 10003
9904 10004
9905 10005
9906 10006
9907 10007
9908 10008
9909 10009
9910 10010
9911 10011
9912 10012
9913 10013
9914 10014
9915 10015
9916 10016
9917 10017
9918 10018
9919 10019
9920 10020
9921 10021
9922 10022
9923 10023
9924 10024
9925 10025
9926 10026
9927 10027
9928 10028
9929 10029
9930 10030
9931 10031
9932 10032
9933 10033
9934 10034
9935 10035
9936 10036
9937 10037
9938 10038
9939 10039
9940 10040
9941 10041
9942 10042
9943 10043
9944 10044
9945 10045
9946 10046
9947 10047
9948 10048
9949 10049
9950 10050
9951 10051
9952 10052
9953 10053
9954 10054
9955 10055
9956 10056
9957 10057
9958 10058
9959 10059
9960 10060
9961 10061
9962 10062
9963 10063
9964 10064
9965 10065
9966 10066
9967 10067
9968 10068
9969 10069
9970 10070
9971 10071
9972 10072
9973 10073
9974 10074
9975 10075
9976 10076
9977 10077
9978 10078
9979 10079
9980 10080
9981 10081
9982 10082
9983 10083
9984 10084
9985 10085
9986 10086
9987 10087
9988 10088
9989 10089
9990 10090
9991 10091
9992 10092
9993 10093
9994 10094
9995 10095
9996 10096
9997 10097
9998 10098
9999 10099
10000 10100
