0 1
1 -4
2 2
3 8
4 -5
5 -4
6 -10
7 8
8 9
9 0
10 14
11 -16
12 -10
13 -4
14 0
15 -8
16 14
17 20
18 2
19 0
20 -11
21 20
22 -32
23 -16
24 0
25 -4
26 14
27 8
28 -9
29 20
30 26
31 0
32 2
33 -28
34 0
35 -16
36 16
37 -28
38 -22
39 0
40 14
41 16
42 0
43 40
44 0
45 -28
46 26
47 32
48 -17
49 0
50 -32
51 -16
52 -22
53 0
54 -10
55 32
56 -34
57 -8
58 14
59 0
60 45
61 -4
62 38
63 8
64 0
65 0
66 -34
67 -8
68 38
69 0
70 -22
71 -56
72 2
73 -28
74 0
75 0
76 -10
77 20
78 64
79 -40
80 -20
81 44
82 0
83 32
84 0
85 40
86 0
87 8
88 -23
89 0
90 -46
91 -40
92 16
93 16
94 0
95 -16
96 -46
97 0
98 -32
99 0
100 26
101 20
102 -10
103 32
104 25
105 44
106 18
107 -40
108 0
109 0
110 38
111 0
112 50
113 -56
114 0
115 8
116 0
117 -80
118 -22
119 0
120 -80
121 44
122 50
123 -16
124 0
125 -52
126 26
127 -8
128 2
129 20
130 0
131 56
132 28
133 0
134 0
135 56
136 64
137 -52
138 -46
139 0
140 -29
141 44
142 -58
143 56
144 0
145 -32
146 -34
147 8
148 -80
149 0
150 0
151 -40
152 0
153 -52
154 50
155 72
156 26
157 0
158 -20
159 0
160 -15
161 20
162 64
163 0
164 0
165 44
166 -10
167 0
168 62
169 0
170 14
171 -8
172 -58
173 -52
174 0
175 -64
176 16
177 -28
178 62
179 -40
180 0
181 -4
182 -22
183 -56
184 0
185 0
186 -46
187 32
188 38
189 0
190 -32
191 40
192 62
193 112
194 0
195 -64
196 0
197 36
198 0
199 0
200 2
201 0
202 50
203 0
204 -45
205 68
206 -70
207 0
208 14
209 0
210 28
211 -104
212 -128
213 -28
214 0
215 56
216 -46
217 68
218 0
219 0
220 -22
221 -4
222 -32
223 40
224 0
225 -8
226 0
227 0
228 63
229 0
230 74
231 -80
232 112
233 68
234 0
235 0
236 4
237 20
238 -58
239 0
240 0
241 -76
242 2
243 56
244 0
245 -76
246 64
247 -40
248 -34
249 0
250 -32
251 0
252 0
253 -36
254 -70
255 -64
256 0
257 -52
258 62
259 0
260 112
261 44
262 -22
263 32
264 0
265 -80
266 50
267 88
268 -58
269 0
270 26
271 80
272 0
273 0
274 0
275 40
276 -70
277 68
278 74
279 80
280 -41
281 -56
282 -82
283 -64
284 0
285 0
286 0
287 -40
288 -64
289 0
290 -34
291 80
292 -10
293 -52
294 0
295 0
296 14
297 -28
298 -82
299 0
300 74
301 -32
302 -90
303 0
304 50
305 68
306 0
307 112
308 21
309 0
310 86
311 56
312 -82
313 -4
314 0
315 -56
316 112
317 0
318 0
319 0
320 0
321 0
322 62
323 -104
324 0
325 -76
326 160
327 -8
328 0
329 20
330 -128
331 -40
332 -70
333 -52
334 0
335 -88
336 -34
337 68
338 2
339 0
340 28
341 0
342 -10
343 0
344 0
345 16
346 64
347 -88
348 38
349 0
350 0
351 72
352 -82
353 16
354 0
355 32
356 74
357 92
358 64
359 0
360 62
361 0
362 0
363 -88
364 0
365 88
366 -44
367 8
368 -47
369 0
370 -94
371 0
372 0
373 68
374 0
375 -16
376 -140
377 40
378 -82
379 40
380 86
381 20
382 -58
383 -88
384 0
385 -76
386 -128
387 0
388 0
389 0
390 74
391 -64
392 52
393 136
394 0
395 56
396 -10
397 -28
398 38
399 0
400 -31
401 0
402 160
403 0
404 -70
405 0
406 86
407 -56
408 16
409 0
410 0
411 80
412 -22
413 160
414 0
415 0
416 0
417 -100
418 4
419 0
420 26
421 -180
422 0
423 8
424 0
425 -52
426 -46
427 0
428 16
429 -100
430 0
431 -56
432 98
433 0
434 0
435 -152
436 86
437 112
438 0
439 0
440 -128
441 -100
442 -32
443 56
444 0
445 44
446 -70
447 80
448 62
449 0
450 100
451 104
452 38
453 -28
454 -10
455 104
456 0
457 -32
458 14
459 0
460 0
461 -76
462 0
463 136
464 0
465 92
466 -94
467 -88
468 -53
469 0
470 32
471 0
472 98
473 0
474 0
475 104
476 -106
477 -152
478 -32
479 0
480 -128
481 -4
482 0
483 -56
484 0
485 0
486 -106
487 40
488 0
489 0
490 0
491 88
492 -70
493 0
494 0
495 56
496 -44
497 112
498 126
499 0
500 -106
501 -56
502 0
503 -88
504 55
505 -8
506 110
507 0
508 86
509 0
510 38
511 104
512 112
513 -28
514 0
515 0
516 64
517 0
518 -106
519 0
520 14
521 0
522 28
523 -80
524 0
525 0
526 0
527 -112
528 98
529 -100
530 -94
531 80
532 -80
533 40
534 0
535 -72
536 110
537 0
538 -46
539 0
540 -80
541 0
542 -70
543 -88
544 0
545 -4
546 0
547 -144
548 0
549 0
550 86
551 56
552 62
553 -76
554 160
555 -16
556 0
557 68
558 0
559 0
560 -34
561 80
562 98
563 -8
564 0
565 116
566 -32
567 0
568 -176
569 0
570 0
571 0
572 38
573 208
574 0
575 0
576 110
577 -28
578 2
579 80
580 -59
581 0
582 -128
583 -112
584 0
585 116
586 14
587 -56
588 -118
589 0
590 -58
591 -64
592 0
593 -52
594 0
595 104
596 -90
597 -100
598 -140
599 0
600 52
601 116
602 110
603 0
604 0
605 -76
606 26
607 -112
608 0
609 0
610 -32
611 16
612 -118
613 64
614 0
615 8
616 50
617 92
618 -82
619 0
620 135
621 116
622 122
623 -16
624 0
625 44
626 -34
627 0
628 122
629 20
630 -224
631 184
632 110
633 0
634 0
635 -200
636 0
637 -100
638 160
639 0
640 0
641 -124
642 98
643 0
644 0
645 -36
646 86
647 0
648 2
649 0
650 0
651 -64
652 -64
653 -124
654 -70
655 32
656 -80
657 -52
658 0
659 0
660 0
661 -76
662 0
663 0
664 0
665 -32
666 64
667 -112
668 -128
669 0
670 122
671 104
672 -20
673 184
674 0
675 56
676 26
677 0
678 -44
679 -40
680 0
681 -224
682 50
683 128
684 0
685 -4
686 0
687 128
688 98
689 0
690 0
691 0
692 122
693 44
694 0
695 112
696 -34
697 0
698 0
699 0
700 86
701 -104
702 0
703 -112
704 45
705 116
706 -224
707 128
708 -80
709 0
710 -106
711 0
712 -130
713 0
714 0
715 40
716 -70
717 64
718 64
719 0
720 0
721 -76
722 -128
723 128
724 0
725 -176
726 -10
727 32
728 0
729 -100
730 -68
731 0
732 0
733 0
734 0
735 0
736 -176
737 68
738 160
739 0
740 74
741 116
742 -140
743 -16
744 0
745 0
746 110
747 80
748 189
749 0
750 160
751 -40
752 50
753 -124
754 -130
755 0
756 28
757 0
758 86
759 0
760 -94
761 -4
762 0
763 112
764 0
765 44
766 134
767 128
768 0
769 0
770 -34
771 -152
772 0
773 92
774 0
775 -136
776 -130
777 20
778 0
779 0
780 16
781 16
782 90
783 -200
784 0
785 -200
786 0
787 -112
788 -58
789 0
790 0
791 0
792 126
793 -28
794 0
795 -8
796 0
797 -52
798 134
799 0
800 2
801 0
802 -130
803 -56
804 -10
805 68
806 -32
807 0
808 76
809 0
810 -46
811 -56
812 0
813 0
814 0
815 160
816 0
817 140
818 -94
819 0
820 320
821 16
822 -118
823 0
824 0
825 116
826 50
827 88
828 26
829 140
830 0
831 -136
832 -130
833 92
834 0
835 -112
836 0
837 -100
838 0
839 0
840 -71
841 180
842 -32
843 8
844 0
845 0
846 134
847 0
848 -176
849 0
850 98
851 -16
852 -70
853 -76
854 0
855 -200
856 0
857 160
858 -224
859 0
860 -68
861 -124
862 64
863 128
864 0
865 0
866 -130
867 -88
868 -118
869 0
870 0
871 104
872 -142
873 36
874 0
875 0
876 208
877 208
878 0
879 80
880 -94
881 0
882 64
883 -104
884 0
885 0
886 76
887 -112
888 27
889 0
890 18
891 56
892 0
893 0
894 0
895 0
896 256
897 -8
898 0
899 0
900 0
901 140
902 -22
903 128
904 -80
905 -124
906 146
907 -40
908 122
909 0
910 160
911 0
912 -44
913 -148
914 0
915 -136
916 0
917 -148
918 -224
919 0
920 146
921 44
922 0
923 0
924 0
925 -112
926 -70
927 8
928 -82
929 140
930 -34
931 40
932 0
933 0
934 0
935 -104
936 0
937 -148
938 4
939 0
940 -58
941 20
942 38
943 -112
944 0
945 0
946 -224
947 128
948 134
949 0
950 74
951 -56
952 0
953 -256
954 110
955 0
956 86
957 -28
958 122
959 0
960 208
961 40
962 0
963 152
964 0
965 92
966 0
967 184
968 -140
969 0
970 -46
971 56
972 -128
973 -148
974 0
975 152
976 14
977 0
978 98
979 0
980 -106
981 116
982 0
983 0
984 0
985 0
986 196
987 152
988 -99
989 0
990 -20
991 -176
992 -130
993 0
994 0
995 232
996 -128
997 -8
998 0
999 0
1000 0
1001 -76
1002 -224
1003 40
1004 -70
1005 -80
1006 -154
1007 -88
1008 0
1009 0
1010 0
1011 -64
1012 122
1013 -4
1014 0
1015 8
1016 128
1017 0
1018 0
1019 0
1020 -154
1021 0
1022 -58
1023 136
1024 0
1025 -148
1026 0
1027 80
1028 112
1029 -80
1030 -32
1031 0
1032 0
1033 68
1034 0
1035 -136
1036 134
1037 180
1038 -154
1039 0
1040 -63
1041 116
1042 90
1043 0
1044 0
1045 -28
1046 -106
1047 280
1048 256
1049 0
1050 146
1051 0
1052 0
1053 0
1054 0
1055 88
1056 -46
1057 -148
1058 160
1059 0
1060 -154
1061 -124
1062 -10
1063 104
1064 0
1065 0
1066 14
1067 -272
1068 0
1069 0
1070 122
1071 -160
1072 208
1073 0
1074 0
1075 152
1076 0
1077 0
1078 -22
1079 -200
1080 -82
1081 64
1082 -32
1083 -224
1084 0
1085 0
1086 -64
1087 0
1088 146
1089 0
1090 64
1091 -160
1092 -118
1093 -104
1094 0
1095 -64
1096 -130
1097 0
1098 0
1099 0
1100 0
1101 -100
1102 0
1103 128
1104 0
1105 112
1106 -34
1107 80
1108 28
1109 0
1110 74
1111 0
1112 158
1113 92
1114 0
1115 -16
1116 -260
1117 68
1118 38
1119 0
1120 0
1121 60
1122 98
1123 0
1124 0
1125 112
1126 0
1127 -160
1128 -80
1129 140
1130 146
1131 0
1132 122
1133 16
1134 0
1135 -144
1136 0
1137 -28
1138 158
1139 0
1140 134
1141 0
1142 0
1143 208
1144 0
1145 164
1146 -46
1147 32
1148 -83
1149 0
1150 -320
1151 -160
1152 112
1153 0
1154 -130
1155 0
1156 -176
1157 0
1158 -118
1159 0
1160 14
1161 164
1162 -32
1163 40
1164 0
1165 -76
1166 -166
1167 0
1168 64
1169 0
1170 0
1171 -40
1172 -92
1173 116
1174 0
1175 0
1176 146
1177 -248
1178 -142
1179 -160
1180 -140
1181 304
1182 0
1183 88
1184 0
1185 -80
1186 0
1187 0
1188 -154
1189 0
1190 -20
1191 -56
1192 0
1193 92
1194 0
1195 0
1196 74
1197 0
1198 32
1199 0
1200 64
1201 -4
1202 158
1203 8
1204 85
1205 232
1206 170
1207 -112
1208 0
1209 0
1210 0
1211 -72
1212 208
1213 0
1214 0
1215 0
1216 -130
1217 -32
1218 62
1219 0
1220 -166
1221 0
1222 170
1223 0
1224 0
1225 -148
1226 256
1227 280
1228 -118
1229 0
1230 -154
1231 0
1232 -142
1233 -36
1234 0
1235 56
1236 170
1237 -32
1238 0
1239 0
1240 112
1241 0
1242 0
1243 32
1244 0
1245 -56
1246 -166
1247 -248
1248 -82
1249 0
1250 -92
1251 -136
1252 0
1253 -200
1254 160
1255 0
1256 50
1257 -272
1258 14
1259 0
1260 134
1261 0
1262 -70
1263 0
1264 0
1265 164
1266 0
1267 -40
1268 16
1269 0
1270 -22
1271 0
1272 0
1273 -172
1274 0
1275 88
1276 -64
1277 -56
1278 26
1279 80
1280 146
1281 44
1282 126
1283 -112
1284 0
1285 0
1286 74
1287 -160
1288 0
1289 0
1290 -142
1291 280
1292 -58
1293 -172
1294 0
1295 304
1296 0
1297 208
1298 -34
1299 0
1300 0
1301 160
1302 52
1303 184
1304 110
1305 0
1306 0
1307 0
1308 0
1309 0
1310 -128
1311 -16
1312 62
1313 -52
1314 0
1315 40
1316 0
1317 -152
1318 0
1319 0
1320 -89
1321 116
1322 -178
1323 0
1324 0
1325 -124
1326 -20
1327 152
1328 -20
1329 0
1330 0
1331 72
1332 170
1333 -176
1334 0
1335 -88
1336 -94
1337 0
1338 -160
1339 0
1340 0
1341 64
1342 122
1343 32
1344 0
1345 -248
1346 0
1347 0
1348 -166
1349 0
1350 -106
1351 176
1352 -448
1353 0
1354 50
1355 0
1356 -80
1357 0
1358 0
1359 0
1360 14
1361 140
1362 0
1363 -112
1364 0
1365 92
1366 256
1367 88
1368 98
1369 0
1370 -178
1371 16
1372 -22
1373 0
1374 0
1375 280
1376 0
1377 -172
1378 158
1379 -160
1380 -81
1381 44
1382 182
1383 16
1384 0
1385 164
1386 110
1387 0
1388 182
1389 0
1390 -224
1391 0
1392 -178
1393 -80
1394 0
1395 0
1396 134
1397 0
1398 182
1399 0
1400 112
1401 -8
1402 0
1403 176
1404 170
1405 -4
1406 0
1407 8
1408 0
1409 0
1410 62
1411 -184
1412 220
1413 -224
1414 0
1415 -200
1416 0
1417 0
1418 -320
1419 0
1420 122
1421 20
1422 0
1423 -184
1424 0
1425 0
1426 -224
1427 -88
1428 0
1429 40
1430 182
1431 -104
1432 76
1433 164
1434 0
1435 -8
1436 -272
1437 -28
1438 -154
1439 0
1440 -46
1441 -76
1442 0
1443 280
1444 0
1445 0
1446 170
1447 -80
1448 -178
1449 0
1450 0
1451 -184
1452 182
1453 -172
1454 -70
1455 -136
1456 50
1457 -56
1458 100
1459 0
1460 86
1461 0
1462 -128
1463 104
1464 0
1465 0
1466 160
1467 80
1468 0
1469 0
1470 134
1471 -112
1472 110
1473 188
1474 0
1475 0
1476 0
1477 188
1478 234
1479 0
1480 0
1481 -124
1482 -178
1483 0
1484 0
1485 512
1486 -140
1487 -160
1488 -142
1489 0
1490 158
1491 0
1492 112
1493 68
1494 0
1495 -184
1496 0
1497 16
1498 0
1499 0
1500 -154
1501 140
1502 122
1503 0
1504 -225
1505 0
1506 -224
1507 152
1508 182
1509 0
1510 0
1511 176
1512 -128
1513 184
1514 0
1515 8
1516 0
1517 -52
1518 38
1519 0
1520 -272
1521 -100
1522 -190
1523 -160
1524 0
1525 -148
1526 -106
1527 0
1528 0
1529 20
1530 -82
1531 -136
1532 0
1533 188
1534 0
1535 -56
1536 -44
1537 0
1538 0
1539 0
1540 -166
1541 88
1542 352
1543 0
1544 0
1545 -200
1546 -46
1547 -160
1548 16
1549 0
1550 0
1551 0
1552 256
1553 92
1554 -190
1555 128
1556 -70
1557 188
1558 86
1559 0
1560 0
1561 0
1562 -160
1563 0
1564 0
1565 -124
1566 -154
1567 80
1568 99
1569 0
1570 194
1571 0
1572 -10
1573 116
1574 0
1575 88
1576 18
1577 140
1578 0
1579 -40
1580 256
1581 0
1582 0
1583 0
1584 0
1585 188
1586 64
1587 0
1588 100
1589 0
1590 0
1591 -184
1592 0
1593 44
1594 0
1595 0
1596 196
1597 -252
1598 -224
1599 0
1600 194
1601 -32
1602 -190
1603 176
1604 0
1605 -196
1606 0
1607 128
1608 -178
1609 0
1610 146
1611 -296
1612 0
1613 -196
1614 0
1615 0
1616 -34
1617 88
1618 320
1619 0
1620 -106
1621 0
1622 182
1623 -88
1624 0
1625 -252
1626 0
1627 -104
1628 38
1629 0
1630 134
1631 -184
1632 -272
1633 0
1634 0
1635 -16
1636 -154
1637 0
1638 -118
1639 0
1640 52
1641 -176
1642 0
1643 56
1644 0
1645 -76
1646 0
1647 152
1648 0
1649 0
1650 98
1651 104
1652 0
1653 -16
1654 170
1655 176
1656 64
1657 112
1658 -178
1659 0
1660 -80
1661 -196
1662 -70
1663 0
1664 0
1665 280
1666 4
1667 232
1668 182
1669 0
1670 0
1671 280
1672 -80
1673 -148
1674 0
1675 -184
1676 0
1677 0
1678 122
1679 40
1680 0
1681 0
1682 2
1683 -64
1684 0
1685 -196
1686 64
1687 0
1688 304
1689 0
1690 14
1691 160
1692 0
1693 188
1694 0
1695 -8
1696 194
1697 0
1698 0
1699 0
1700 -101
1701 0
1702 -224
1703 0
1704 -190
1705 112
1706 0
1707 200
1708 -260
1709 0
1710 -128
1711 176
1712 -178
1713 -368
1714 0
1715 0
1716 304
1717 -100
1718 -126
1719 0
1720 -94
1721 0
1722 -142
1723 -144
1724 0
1725 0
1726 -166
1727 112
1728 62
1729 0
1730 160
1731 0
1732 -320
1733 164
1734 0
1735 0
1736 0
1737 136
1738 -82
1739 0
1740 0
1741 136
1742 38
1743 8
1744 0
1745 -320
1746 -190
1747 0
1748 0
1749 0
1750 -202
1751 128
1752 98
1753 -224
1754 110
1755 56
1756 0
1757 112
1758 0
1759 0
1760 0
1761 116
1762 28
1763 0
1764 0
1765 0
1766 86
1767 0
1768 297
1769 0
1770 128
1771 176
1772 32
1773 -28
1774 0
1775 -184
1776 206
1777 -172
1778 0
1779 280
1780 0
1781 -196
1782 170
1783 -104
1784 0
1785 188
1786 256
1787 128
1788 -154
1789 0
1790 0
1791 0
1792 -190
1793 0
1794 0
1795 -64
1796 -92
1797 0
1798 -202
1799 0
1800 208
1801 0
1802 0
1803 -56
1804 -10
1805 164
1806 134
1807 -248
1808 -128
1809 0
1810 194
1811 200
1812 0
1813 0
1814 0
1815 -208
1816 0
1817 68
1818 206
1819 0
1820 -128
1821 -252
1822 -58
1823 -112
1824 0
1825 0
1826 -94
1827 -368
1828 -176
1829 140
1830 64
1831 -184
1832 -178
1833 0
1834 0
1835 88
1836 0
1837 40
1838 0
1839 0
1840 364
1841 -124
1842 -128
1843 -208
1844 0
1845 -172
1846 0
1847 200
1848 -116
1849 0
1850 0
1851 0
1852 170
1853 -52
1854 0
1855 104
1856 320
1857 0
1858 98
1859 0
1860 38
1861 112
1862 -202
1863 -200
1864 0
1865 -180
1866 206
1867 0
1868 0
1869 0
1870 -198
1871 40
1872 0
1873 212
1874 0
1875 -136
1876 86
1877 232
1878 0
1879 0
1880 0
1881 164
1882 0
1883 128
1884 0
1885 212
1886 -70
1887 144
1888 -46
1889 0
1890 0
1891 -104
1892 182
1893 160
1894 0
1895 0
1896 16
1897 212
1898 -320
1899 0
1900 -68
1901 0
1902 0
1903 208
1904 50
1905 0
1906 194
1907 -160
1908 -107
1909 0
1910 -140
1911 -64
1912 0
1913 16
1914 0
1915 -208
1916 -214
1917 -172
1918 0
1919 0
1920 0
1921 140
1922 160
1923 0
1924 0
1925 -148
1926 -160
1927 -152
1928 0
1929 -100
1930 220
1931 200
1932 -118
1933 280
1934 0
1935 0
1936 -94
1937 0
1938 0
1939 0
1940 -272
1941 -80
1942 -224
1943 0
1944 0
1945 0
1946 146
1947 -296
1948 -166
1949 0
1950 26
1951 0
1952 0
1953 188
1954 -320
1955 -184
1956 -154
1957 212
1958 -32
1959 0
1960 256
1961 164
1962 28
1963 104
1964 0
1965 -80
1966 0
1967 0
1968 126
1969 0
1970 -34
1971 -136
1972 122
1973 -52
1974 0
1975 328
1976 0
1977 92
1978 0
1979 200
1980 -105
1981 -76
1982 256
1983 -80
1984 0
1985 208
1986 0
1987 8
1988 16
1989 0
1990 86
1991 -104
1992 -142
1993 -172
1994 0
1995 -16
1996 0
1997 0
1998 352
1999 0
2000 0
2001 20
2002 0
2003 0
2004 100
2005 0
2006 -214
2007 80
2008 158
2009 0
2010 160
2011 0
2012 218
2013 0
2014 0
2015 0
2016 -190
2017 144
2018 194
2019 0
2020 0
2021 -416
2022 0
2023 -392
2024 0
2025 0
2026 50
2027 32
2028 256
2029 -220
2030 52
2031 136
2032 0
2033 0
2034 0
2035 -112
2036 -320
2037 0
2038 -320
2039 0
2040 146
2041 -320
2042 -178
2043 0
2044 0
2045 40
2046 -154
2047 0
2048 2
2049 0
2050 -94
2051 136
2052 208
2053 280
2054 0
2055 0
2056 90
2057 -220
2058 0
2059 0
2060 0
2061 0
2062 -58
2063 -88
2064 0
2065 44
2066 0
2067 -56
2068 -22
2069 0
2070 -214
2071 -136
2072 110
2073 -56
2074 0
2075 104
2076 26
2077 -220
2078 340
2079 -160
2080 112
2081 -196
2082 -30
2083 0
2084 0
2085 188
2086 170
2087 328
2088 0
2089 0
2090 -142
2091 224
2092 -202
2093 304
2094 0
2095 40
2096 -34
2097 -52
2098 158
2099 0
2100 134
2101 -296
2102 182
2103 224
2104 0
2105 0
2106 206
2107 0
2108 128
2109 0
2110 0
2111 0
2112 0
2113 -152
2114 0
2115 80
2116 -166
2117 140
2118 0
2119 0
2120 -178
2121 0
2122 0
2123 -16
2124 0
2125 0
2126 -70
2127 80
2128 -113
2129 -200
2130 -226
2131 400
2132 0
2133 164
2134 0
2135 0
2136 -272
2137 212
2138 146
2139 0
2140 -154
2141 0
2142 218
2143 0
2144 0
2145 -224
2146 -32
2147 88
2148 -118
2149 0
2150 -448
2151 224
2152 -140
2153 -124
2154 0
2155 -32
2156 0
2157 -84
2158 0
2159 0
2160 -20
2161 -220
2162 -130
2163 152
2164 0
2165 0
2166 0
2167 -208
2168 -94
2169 0
2170 0
2171 -344
2172 170
2173 0
2174 0
2175 88
2176 0
2177 68
2178 -224
2179 -40
2180 400
2181 0
2182 -10
2183 -88
2184 0
2185 328
2186 124
2187 0
2188 64
2189 0
2190 0
2191 104
2192 16
2193 44
2194 0
2195 128
2196 -214
2197 -220
2198 -22
2199 0
2200 -128
2201 0
2202 -260
2203 224
2204 115
2205 0
2206 224
2207 0
2208 62
2209 0
2210 0
2211 200
2212 28
2213 -252
2214 0
2215 176
2216 194
2217 0
2218 206
2219 0
2220 0
2221 140
2222 448
2223 -208
2224 0
2225 36
2226 -450
2227 0
2228 0
2229 0
2230 86
2231 0
2232 0
2233 188
2234 0
2235 224
2236 230
2237 -8
2238 -116
2239 0
2240 146
2241 0
2242 0
2243 -176
2244 0
2245 -176
2246 -214
2247 -224
2248 0
2249 0
2250 0
2251 -104
2252 -70
2253 0
2254 230
2255 -248
2256 -226
2257 0
2258 0
2259 0
2260 0
2261 20
2262 234
2263 40
2264 0
2265 -124
2266 -46
2267 -392
2268 112
2269 0
2270 0
2271 224
2272 -130
2273 0
2274 0
2275 0
2276 304
2277 -128
2278 -202
2279 200
2280 206
2281 -220
2282 50
2283 -640
2284 0
2285 -196
2286 0
2287 32
2288 -178
2289 0
2290 32
2291 0
2292 0
2293 212
2294 0
2295 0
2296 0
2297 0
2298 -142
2299 0
2300 -380
2301 116
2302 352
2303 -56
2304 -80
2305 68
2306 0
2307 40
2308 0
2309 0
2310 0
2311 288
2312 2
2313 188
2314 0
2315 0
2316 124
2317 -148
2318 160
2319 0
2320 14
2321 400
2322 98
2323 0
2324 0
2325 280
2326 0
2327 -232
2328 -308
2329 -80
2330 0
2331 0
2332 208
2333 236
2334 0
2335 -184
2336 0
2337 -80
2338 62
2339 0
2340 -128
2341 0
2342 0
2343 0
2344 0
2345 236
2346 352
2347 -208
2348 -20
2349 0
2350 0
2351 200
2352 0
2353 136
2354 0
2355 -8
2356 256
2357 -52
2358 -214
2359 0
2360 -153
2361 40
2362 -238
2363 0
2364 0
2365 0
2366 230
2367 -8
2368 -44
2369 0
2370 -226
2371 0
2372 256
2373 0
2374 0
2375 56
2376 0
2377 0
2378 -416
2379 80
2380 -118
2381 -112
2382 -70
2383 -104
2384 0
2385 0
2386 -320
2387 -232
2388 0
2389 0
2390 -106
2391 -16
2392 -80
2393 0
2394 0
2395 40
2396 0
2397 208
2398 -166
2399 0
2400 -46
2401 -100
2402 0
2403 224
2404 230
2405 236
2406 74
2407 0
2408 -142
2409 0
2410 -238
2411 0
2412 0
2413 -28
2414 0
2415 -272
2416 -64
2417 212
2418 0
2419 0
2420 -92
2421 280
2422 -202
2423 -256
2424 0
2425 -148
2426 110
2427 200
2428 0
2429 0
2430 352
2431 0
2432 -238
2433 64
2434 0
2435 16
2436 0
2437 -152
2438 182
2439 0
2440 121
2441 -56
2442 242
2443 0
2444 0
2445 0
2446 76
2447 -40
2448 340
2449 0
2450 196
2451 0
2452 -58
2453 0
2454 160
2455 224
2456 146
2457 0
2458 -64
2459 0
2460 0
2461 44
2462 0
2463 -232
2464 0
2465 328
2466 -226
2467 0
2468 0
2469 0
2470 -22
2471 -160
2472 -64
2473 0
2474 0
2475 152
2476 0
2477 0
2478 26
2479 0
2480 0
2481 -244
2482 0
2483 0
2484 0
2485 80
2486 -128
2487 -208
2488 -238
2489 0
2490 448
2491 176
2492 448
2493 -296
2494 0
2495 0
2496 0
2497 -220
2498 124
2499 0
2500 -368
2501 112
2502 -118
2503 0
2504 -130
2505 -244
2506 0
2507 -144
2508 0
2509 0
2510 38
2511 224
2512 242
2513 0
2514 0
2515 -184
2516 -176
2517 0
2518 0
2519 0
2520 -226
2521 -248
2522 -380
2523 8
2524 0
2525 -32
2526 0
2527 0
2528 0
2529 -100
2530 0
2531 -16
2532 182
2533 -172
2534 0
2535 0
2536 194
2537 -128
2538 196
2539 0
2540 74
2541 -8
2542 352
2543 128
2544 0
2545 116
2546 -94
2547 0
2548 134
2549 0
2550 0
2551 -64
2552 110
2553 -28
2554 50
2555 -232
2556 -198
2557 352
2558 218
2559 0
2560 -238
2561 -220
2562 -190
2563 176
2564 0
2565 -244
2566 0
2567 160
2568 448
2569 0
2570 -32
2571 224
2572 0
2573 68
2574 0
2575 248
2576 0
2577 188
2578 -128
2579 -160
2580 0
2581 0
2582 -202
2583 0
2584 0
2585 236
2586 0
2587 360
2588 0
2589 0
2590 -58
2591 376
2592 -80
2593 -244
2594 0
2595 0
2596 220
2597 92
2598 0
2599 0
2600 14
2601 44
2602 4
2603 248
2604 -125
2605 0
2606 -416
2607 -232
2608 158
2609 0
2610 62
2611 -184
2612 -272
2613 -196
2614 0
2615 0
2616 0
2617 0
2618 0
2619 0
2620 112
2621 -76
2622 -250
2623 248
2624 0
2625 -368
2626 64
2627 0
2628 100
2629 -220
2630 -32
2631 -136
2632 0
2633 560
2634 0
2635 112
2636 -250
2637 -172
2638 0
2639 0
2640 -160
2641 0
2642 0
2643 -208
2644 0
2645 0
2646 -106
2647 328
2648 -238
2649 0
2650 206
2651 56
2652 38
2653 -148
2654 -90
2655 0
2656 -190
2657 0
2658 0
2659 0
2660 0
2661 -344
2662 170
2663 -232
2664 0
2665 -4
2666 0
2667 136
2668 -80
2669 0
2670 -20
2671 0
2672 -178
2673 304
2674 0
2675 232
2676 -250
2677 140
2678 74
2679 200
2680 -140
2681 20
2682 352
2683 0
2684 0
2685 236
2686 0
2687 0
2688 273
2689 0
2690 254
2691 -224
2692 0
2693 0
2694 0
2695 280
2696 304
2697 -28
2698 -238
2699 0
2700 0
2701 -464
2702 -32
2703 288
2704 0
2705 -196
2706 28
2707 280
2708 -214
2709 0
2710 0
2711 -184
2712 98
2713 280
2714 0
2715 0
2716 64
2717 0
2718 0
2719 0
2720 448
2721 0
2722 158
2723 -232
2724 0
2725 0
2726 0
2727 -208
2728 242
2729 0
2730 -82
2731 -296
2732 -126
2733 92
2734 0
2735 -256
2736 206
2737 0
2738 256
2739 0
2740 0
2741 236
2742 -10
2743 -8
2744 0
2745 -208
2746 14
2747 0
2748 0
2749 0
2750 0
2751 0
2752 -306
2753 -124
2754 -190
2755 -392
2756 0
2757 0
2758 -256
2759 0
2760 254
2761 -76
2762 -142
2763 0
2764 0
2765 0
2766 -224
2767 -112
2768 0
2769 0
2770 0
2771 -56
2772 170
2773 40
2774 0
2775 224
2776 -226
2777 -272
2778 64
2779 0
2780 112
2781 0
2782 230
2783 248
2784 0
2785 0
2786 220
2787 -152
2788 -154
2789 0
2790 -214
2791 -256
2792 0
2793 -244
2794 0
2795 184
2796 64
2797 112
2798 160
2799 0
2800 0
2801 180
2802 0
2803 176
2804 -250
2805 116
2806 0
2807 -160
2808 0
2809 0
2810 -92
2811 0
2812 0
2813 -4
2814 0
2815 -640
2816 364
2817 260
2818 100
2819 0
2820 74
2821 260
2822 0
2823 136
2824 0
2825 0
2826 160
2827 248
2828 0
2829 280
2830 -166
2831 104
2832 242
2833 0
2834 0
2835 -64
2836 0
2837 0
2838 182
2839 0
2840 158
2841 260
2842 50
2843 -344
2844 0
2845 -272
2846 -250
2847 0
2848 0
2849 0
2850 126
2851 224
2852 28
2853 0
2854 0
2855 -200
2856 -190
2857 -64
2858 0
2859 0
2860 -131
2861 164
2862 -44
2863 0
2864 0
2865 236
2866 0
2867 200
2868 -262
2869 0
2870 0
2871 0
2872 -320
2873 92
2874 0
2875 -8
2876 -214
2877 448
2878 -320
2879 -40
2880 0
2881 0
2882 -130
2883 -136
2884 0
2885 88
2886 170
2887 0
2888 -64
2889 0
2890 242
2891 0
2892 -640
2893 44
2894 0
2895 0
2896 14
2897 -148
2898 62
2899 0
2900 86
2901 -180
2902 0
2903 -112
2904 0
2905 -76
2906 0
2907 -208
2908 -22
2909 0
2910 -416
2911 -256
2912 0
2913 0
2914 0
2915 176
2916 26
2917 0
2918 -106
2919 0
2920 400
2921 0
2922 0
2923 -184
2924 0
2925 -52
2926 364
2927 -16
2928 -226
2929 400
2930 254
2931 304
2932 -140
2933 236
2934 0
2935 0
2936 112
2937 -100
2938 -238
2939 0
2940 0
2941 -104
2942 -320
2943 56
2944 0
2945 0
2946 0
2947 152
2948 405
2949 0
2950 64
2951 -256
2952 242
2953 0
2954 110
2955 0
2956 266
2957 0
2958 -262
2959 0
2960 -94
2961 16
2962 -32
2963 0
2964 0
2965 -4
2966 126
2967 208
2968 0
2969 0
2970 0
2971 104
2972 0
2973 -172
2974 0
2975 -16
2976 208
2977 212
2978 0
2979 0
2980 266
2981 184
2982 0
2983 184
2984 0
2985 188
2986 0
2987 -88
2988 -262
2989 0
2990 0
2991 0
2992 148
2993 -268
2994 0
2995 -256
2996 -250
2997 -36
2998 266
2999 0
3000 0
3001 0
3002 -178
3003 -440
3004 400
3005 -160
3006 0
3007 32
3008 -238
3009 0
3010 -226
3011 0
3012 0
3013 0
3014 0
3015 88
3016 -130
3017 -176
3018 224
3019 0
3020 266
3021 -124
3022 -262
3023 0
3024 0
3025 -392
3026 448
3027 0
3028 -58
3029 -220
3030 -118
3031 136
3032 0
3033 -268
3034 0
3035 -184
3036 -154
3037 260
3038 218
3039 0
3040 0
3041 0
3042 2
3043 -120
3044 0
3045 44
3046 342
3047 0
3048 62
3049 0
3050 14
3051 -160
3052 -202
3053 -344
3054 -250
3055 0
3056 0
3057 0
3058 0
3059 0
3060 -448
3061 140
3062 160
3063 128
3064 0
3065 0
3066 146
3067 0
3068 0
3069 0
3070 -18
3071 200
3072 -190
3073 212
3074 0
3075 152
3076 266
3077 -320
3078 0
3079 80
3080 254
3081 512
3082 -238
3083 40
3084 0
3085 0
3086 230
3087 272
3088 400
3089 0
3090 -34
3091 0
3092 -70
3093 -416
3094 0
3095 72
3096 -116
3097 188
3098 0
3099 0
3100 0
3101 0
3102 -224
3103 16
3104 0
3105 -104
3106 -94
3107 520
3108 0
3109 0
3110 266
3111 0
3112 0
3113 -196
3114 0
3115 104
3116 -176
3117 0
3118 0
3119 0
3120 28
3121 -224
3122 0
3123 280
3124 0
3125 0
3126 170
3127 0
3128 -137
3129 260
3130 -320
3131 -16
3132 218
3133 0
3134 0
3135 -152
3136 -80
3137 -248
3138 352
3139 0
3140 0
3141 0
3142 0
3143 272
3144 0
3145 0
3146 -224
3147 0
3148 4
3149 0
3150 0
3151 -400
3152 -142
3153 -28
3154 -130
3155 0
3156 0
3157 -80
3158 -416
3159 0
3160 -512
3161 112
3162 242
3163 32
3164 0
3165 -152
3166 -154
3167 40
3168 -82
3169 0
3170 0
3171 0
3172 112
3173 -56
3174 0
3175 248
3176 0
3177 0
3178 -274
3179 40
3180 182
3181 260
3182 -308
3183 0
3184 0
3185 0
3186 -416
3187 -152
3188 0
3189 0
3190 266
3191 0
3192 0
3193 0
3194 0
3195 496
3196 -80
3197 140
3198 -128
3199 0
3200 128
3201 44
3202 62
3203 128
3204 -10
3205 -76
3206 -106
3207 -56
3208 14
3209 0
3210 0
3211 -256
3212 122
3213 -80
3214 0
3215 0
3216 0
3217 -392
3218 158
3219 0
3220 117
3221 0
3222 278
3223 0
3224 0
3225 -80
3226 -68
3227 272
3228 304
3229 -100
3230 218
3231 80
3232 0
3233 112
3234 0
3235 0
3236 266
3237 260
3238 278
3239 0
3240 242
3241 -244
3242 -306
3243 0
3244 0
3245 236
3246 -70
3247 248
3248 -34
3249 0
3250 194
3251 56
3252 -64
3253 0
3254 0
3255 -232
3256 -368
3257 -268
3258 0
3259 0
3260 -176
3261 0
3262 230
3263 376
3264 0
3265 0
3266 254
3267 -280
3268 -202
3269 0
3270 352
3271 -464
3272 0
3273 0
3274 0
3275 -80
3276 0
3277 212
3278 0
3279 -280
3280 -226
3281 -4
3282 0
3283 8
3284 0
3285 0
3286 266
3287 -88
3288 52
3289 0
3290 -416
3291 -72
3292 278
3293 -148
3294 0
3295 0
3296 -130
3297 280
3298 0
3299 0
3300 -154
3301 0
3302 182
3303 272
3304 -140
3305 -392
3306 0
3307 -280
3308 0
3309 0
3310 -262
3311 -160
3312 0
3313 40
3314 0
3315 -208
3316 0
3317 -128
3318 160
3319 0
3320 0
3321 -244
3322 160
3323 280
3324 0
3325 0
3326 -416
3327 -280
3328 -512
3329 0
3330 0
3331 0
3332 218
3333 424
3334 0
3335 -112
3336 460
3337 140
3338 146
3339 0
3340 342
3341 -196
3342 0
3343 -104
3344 0
3345 -172
3346 0
3347 128
3348 278
3349 0
3350 86
3351 -280
3352 158
3353 0
3354 0
3355 0
3356 124
3357 -268
3358 122
3359 0
3360 62
3361 512
3362 2
3363 0
3364 0
3365 448
3366 -224
3367 0
3368 16
3369 0
3370 -260
3371 0
3372 -262
3373 400
3374 0
3375 0
3376 0
3377 0
3378 -226
3379 -280
3380 0
3381 -100
3382 224
3383 0
3384 0
3385 496
3386 0
3387 80
3388 0
3389 0
3390 26
3391 224
3392 110
3393 -52
3394 0
3395 88
3396 0
3397 0
3398 266
3399 0
3400 0
3401 284
3402 0
3403 424
3404 -320
3405 -244
3406 0
3407 200
3408 99
3409 0
3410 -160
3411 -224
3412 0
3413 -268
3414 0
3415 -152
3416 -560
3417 0
3418 -238
3419 0
3420 278
3421 64
3422 38
3423 0
3424 0
3425 236
3426 -476
3427 -208
3428 256
3429 260
3430 0
3431 0
3432 -142
3433 -148
3434 0
3435 -136
3436 0
3437 0
3438 -198
3439 0
3440 -286
3441 0
3442 -32
3443 -320
3444 0
3445 280
3446 0
3447 -160
3448 0
3449 0
3450 160
3451 -64
3452 0
3453 -124
3454 230
3455 -16
3456 0
3457 188
3458 -286
3459 0
3460 100
3461 -176
3462 278
3463 0
3464 0
3465 0
3466 -224
3467 0
3468 -118
3469 0
3470 0
3471 0
3472 0
3473 176
3474 0
3475 0
3476 -214
3477 -200
3478 0
3479 0
3480 -448
3481 140
3482 0
3483 152
3484 0
3485 0
3486 -116
3487 -112
3488 254
3489 0
3490 352
3491 -256
3492 0
3493 -244
3494 0
3495 352
3496 0
3497 212
3498 64
3499 0
3500 -202
3501 424
3502 -58
3503 272
3504 145
3505 284
3506 4
3507 0
3508 224
3509 0
3510 -106
3511 -40
3512 52
3513 0
3514 0
3515 0
3516 170
3517 0
3518 0
3519 0
3520 -274
3521 160
3522 352
3523 -184
3524 0
3525 160
3526 266
3527 200
3528 2
3529 -220
3530 0
3531 -280
3532 -10
3533 0
3534 0
3535 176
3536 18
3537 -368
3538 0
3539 0
3540 0
3541 284
3542 0
3543 -440
3544 0
3545 0
3546 110
3547 80
3548 196
3549 0
3550 0
3551 0
3552 -190
3553 -292
3554 290
3555 0
3556 256
3557 -344
3558 460
3559 0
3560 0
3561 0
3562 0
3563 272
3564 0
3565 -292
3566 -70
3567 0
3568 112
3569 0
3570 -32
3571 -152
3572 -250
3573 0
3574 0
3575 304
3576 256
3577 -180
3578 -416
3579 -280
3580 -154
3581 284
3582 -262
3583 -136
3584 0
3585 -252
3586 -226
3587 -160
3588 38
3589 0
3590 -140
3591 0
3592 112
3593 -292
3594 0
3595 0
3596 266
3597 0
3598 -166
3599 0
3600 98
3601 0
3602 290
3603 136
3604 0
3605 -392
3606 0
3607 0
3608 -286
3609 0
3610 -238
3611 0
3612 278
3613 -256
3614 0
3615 -56
3616 148
3617 0
3618 0
3619 0
3620 0
3621 236
3622 -320
3623 -16
3624 0
3625 284
3626 146
3627 424
3628 0
3629 160
3630 0
3631 -280
3632 320
3633 92
3634 0
3635 0
3636 134
3637 -224
3638 0
3639 0
3640 -274
3641 -56
3642 -82
3643 -112
3644 0
3645 -28
3646 0
3647 -104
3648 0
3649 0
3650 -286
3651 496
3652 0
3653 0
3654 170
3655 -112
3656 254
3657 260
3658 0
3659 0
3660 -262
3661 0
3662 320
3663 88
3664 0
3665 -292
3666 290
3667 248
3668 -164
3669 0
3670 630
3671 176
3672 0
3673 284
3674 0
3675 296
3676 0
3677 -268
3678 0
3679 -40
3680 0
3681 -128
3682 -190
3683 0
3684 0
3685 -76
3686 0
3687 -280
3688 62
3689 0
3690 448
3691 296
3692 182
3693 44
3694 0
3695 272
3696 -512
3697 -392
3698 2
3699 0
3700 -149
3701 0
3702 -308
3703 0
3704 400
3705 0
3706 -260
3707 0
3708 -512
3709 0
3710 0
3711 376
3712 -238
3713 -196
3714 0
3715 224
3716 0
3717 188
3718 -320
3719 0
3720 0
3721 0
3722 0
3723 0
3724 0
3725 320
3726 -128
3727 0
3728 -142
3729 0
3730 -94
3731 -56
3732 -90
3733 -80
3734 0
3735 160
3736 0
3737 0
3738 0
3739 0
3740 -166
3741 260
3742 -262
3743 -200
3744 0
3745 0
3746 288
3747 -280
3748 64
3749 0
3750 -298
3751 0
3752 0
3753 -440
3754 0
3755 -232
3756 -176
3757 -220
3758 38
3759 0
3760 0
3761 -124
3762 98
3763 544
3764 0
3765 0
3766 0
3767 184
3768 0
3769 0
3770 -178
3771 0
3772 -68
3773 -292
3774 0
3775 152
3776 -128
3777 0
3778 158
3779 200
3780 100
3781 180
3782 0
3783 -64
3784 0
3785 160
3786 -46
3787 -200
3788 0
3789 0
3790 134
3791 -184
3792 532
3793 0
3794 0
3795 280
3796 170
3797 92
3798 -20
3799 0
3800 -135
3801 20
3802 352
3803 16
3804 0
3805 68
3806 0
3807 0
3808 220
3809 0
3810 -226
3811 -104
3812 0
3813 0
3814 0
3815 0
3816 16
3817 -320
3818 64
3819 0
3820 122
3821 0
3822 0
3823 0
3824 0
3825 0
3826 0
3827 32
3828 -560
3829 260
3830 128
3831 520
3832 302
3833 -32
3834 0
3835 -256
3836 86
3837 0
3838 -58
3839 0
3840 254
3841 400
3842 290
3843 272
3844 0
3845 -196
3846 0
3847 0
3848 0
3849 0
3850 28
3851 -344
3852 0
3853 112
3854 -250
3855 -304
3856 0
3857 212
3858 -224
3859 0
3860 0
3861 -100
3862 -298
3863 -56
3864 0
3865 -248
3866 110
3867 -232
3868 278
3869 0
3870 0
3871 296
3872 304
3873 0
3874 0
3875 -304
3876 -164
3877 -368
3878 -202
3879 -360
3880 208
3881 0
3882 -142
3883 0
3884 0
3885 -244
3886 64
3887 0
3888 0
3889 0
3890 0
3891 -440
3892 -22
3893 0
3894 0
3895 104
3896 196
3897 -224
3898 544
3899 0
3900 -272
3901 0
3902 148
3903 0
3904 -130
3905 284
3906 0
3907 0
3908 0
3909 0
3910 0
3911 -104
3912 -178
3913 0
3914 0
3915 144
3916 266
3917 -560
3918 -262
3919 0
3920 -320
3921 136
3922 0
3923 272
3924 0
3925 0
3926 74
3927 152
3928 -180
3929 0
3930 146
3931 -440
3932 38
3933 164
3934 0
3935 -392
3936 0
3937 140
3938 254
3939 0
3940 0
3941 0
3942 32
3943 0
3944 0
3945 236
3946 206
3947 0
3948 134
3949 0
3950 0
3951 -56
3952 0
3953 308
3954 100
3955 112
3956 -464
3957 308
3958 0
3959 0
3960 -46
3961 -4
3962 302
3963 128
3964 0
3965 400
3966 0
3967 136
3968 0
3969 0
3970 0
3971 -16
3972 182
3973 -8
3974 0
3975 0
3976 50
3977 396
3978 -82
3979 0
3980 0
3981 -196
3982 122
3983 -232
3984 0
3985 212
3986 -286
3987 0
3988 -298
3989 0
3990 0
3991 0
3992 0
3993 224
3994 0
3995 -304
3996 -106
3997 0
3998 0
3999 0
4000 302
4001 -220
4002 0
4003 32
4004 75
4005 -152
4006 42
4007 272
4008 242
4009 0
4010 -274
4011 0
4012 -832
4013 308
4014 0
4015 296
4016 290
4017 260
4018 194
4019 0
4020 278
4021 0
4022 -310
4023 0
4024 0
4025 -76
4026 0
4027 -320
4028 218
4029 -100
4030 -154
4031 -720
4032 172
4033 -440
4034 0
4035 0
4036 -476
4037 308
4038 -298
4039 0
4040 112
4041 44
4042 64
4043 0
4044 0
4045 112
4046 0
4047 -8
4048 0
4049 0
4050 -224
4051 -56
4052 0
4053 0
4054 -320
4055 0
4056 -286
4057 0
4058 -164
4059 0
4060 0
4061 236
4062 -250
4063 104
4064 0
4065 308
4066 -224
4067 0
4068 0
4069 0
4070 -22
4071 -8
4072 0
4073 -52
4074 0
4075 288
4076 -380
4077 0
4078 26
4079 0
4080 206
4081 0
4082 448
4083 152
4084 0
4085 40
4086 -214
4087 0
4088 448
4089 0
4090 0
4091 56
4092 -128
4093 0
4094 0
4095 272
4096 -464
4097 -112
4098 64
4099 0
4100 340
4101 0
4102 -32
4103 -56
4104 0
4105 -244
4106 0
4107 -368
4108 39
4109 0
4110 224
4111 0
4112 0
4113 0
4114 0
4115 -304
4116 314
4117 472
4118 182
4119 0
4120 0
4121 88
4122 242
4123 0
4124 0
4125 0
4126 544
4127 128
4128 0
4129 -220
4130 -286
4131 232
4132 -310
4133 308
4134 0
4135 -368
4136 0
4137 280
4138 256
4139 0
4140 314
4141 -4
4142 0
4143 8
4144 0
4145 0
4146 254
4147 0
4148 122
4149 0
4150 -500
4151 -16
4152 208
4153 68
4154 50
4155 0
4156 0
4157 20
4158 532
4159 0
4160 -44
4161 -316
4162 0
4163 -304
4164 0
4165 -608
4166 -416
4167 0
4168 0
4169 0
4170 0
4171 0
4172 -250
4173 80
4174 0
4175 0
4176 -226
4177 0
4178 0
4179 0
4180 400
4181 236
4182 0
4183 -176
4184 0
4185 -316
4186 -274
4187 560
4188 124
4189 0
4190 -224
4191 -280
4192 302
4193 -416
4194 0
4195 296
4196 0
4197 -172
4198 266
4199 0
4200 0
4201 -208
4202 -32
4203 224
4204 -310
4205 0
4206 314
4207 -40
4208 -464
4209 0
4210 62
4211 0
4212 -560
4213 0
4214 0
4215 -440
4216 0
4217 308
4218 206
4219 0
4220 -214
4221 -256
4222 0
4223 -184
4224 0
4225 0
4226 290
4227 -152
4228 0
4229 0
4230 0
4231 0
4232 -128
4233 0
4234 0
4235 104
4236 304
4237 -292
4238 0
4239 0
4240 320
4241 164
4242 -190
4243 -104
4244 0
4245 -316
4246 -140
4247 0
4248 0
4249 0
4250 448
4251 0
4252 208
4253 36
4254 -70
4255 176
4256 254
4257 0
4258 0
4259 0
4260 26
4261 -80
4262 0
4263 296
4264 0
4265 112
4266 0
4267 320
4268 182
4269 0
4270 314
4271 72
4272 98
4273 -316
4274 0
4275 0
4276 134
4277 0
4278 -64
4279 40
4280 -308
4281 0
4282 -238
4283 184
4284 0
4285 472
4286 -250
4287 0
4288 0
4289 0
4290 -286
4291 320
4292 -256
4293 -268
4294 0
4295 128
4296 0
4297 0
4298 0
4299 0
4300 266
4301 0
4302 0
4303 248
4304 290
4305 -80
4306 -32
4307 208
4308 314
4309 0
4310 0
4311 -64
4312 302
4313 -200
4314 0
4315 0
4316 0
4317 308
4318 -140
4319 0
4320 -207
4321 0
4322 -322
4323 -208
4324 0
4325 -4
4326 0
4327 328
4328 -322
4329 260
4330 -82
4331 -104
4332 0
4333 68
4334 0
4335 504
4336 50
4337 0
4338 -322
4339 0
4340 -106
4341 -540
4342 -310
4343 0
4344 0
4345 116
4346 0
4347 -160
4348 -464
4349 0
4350 160
4351 320
4352 -322
4353 -172
4354 0
4355 -488
4356 0
4357 -176
4358 -128
4359 0
4360 206
4361 0
4362 64
4363 0
4364 0
4365 0
4366 0
4367 32
4368 -142
4369 0
4370 -68
4371 -280
4372 220
4373 592
4374 0
4375 -184
4376 -176
4377 -100
4378 28
4379 320
4380 0
4381 -392
4382 230
4383 136
4384 0
4385 0
4386 290
4387 0
4388 0
4389 0
4390 0
4391 -40
4392 -450
4393 -80
4394 0
4395 -304
4396 4
4397 -488
4398 0
4399 0
4400 0
4401 164
4402 28
4403 0
4404 -80
4405 44
4406 266
4407 232
4408 -238
4409 0
4410 0
4411 896
4412 0
4413 -196
4414 0
4415 0
4416 146
4417 0
4418 -414
4419 0
4420 0
4421 0
4422 -126
4423 248
4424 0
4425 -440
4426 14
4427 0
4428 -99
4429 140
4430 544
4431 0
4432 0
4433 544
4434 0
4435 0
4436 256
4437 136
4438 -224
4439 0
4440 -226
4441 260
4442 0
4443 0
4444 0
4445 0
4446 800
4447 320
4448 -20
4449 0
4450 98
4451 0
4452 -118
4453 0
4454 -310
4455 56
4456 194
4457 0
4458 0
4459 0
4460 400
4461 0
4462 0
4463 -392
4464 0
4465 40
4466 -320
4467 -360
4468 0
4469 0
4470 278
4471 -32
4472 290
4473 -316
4474 0
4475 0
4476 0
4477 -292
4478 364
4479 200
4480 -274
4481 0
4482 -322
4483 -440
4484 0
4485 0
4486 0
4487 32
4488 496
4489 0
4490 0
4491 296
4492 122
4493 92
4494 0
4495 -392
4496 0
4497 308
4498 0
4499 0
4500 128
4501 0
4502 0
4503 0
4504 0
4505 -268
4506 160
4507 -328
4508 0
4509 0
4510 -166
4511 -160
4512 -82
4513 -176
4514 0
4515 8
4516 32
4517 68
4518 -106
4519 0
4520 -500
4521 116
4522 352
4523 -344
4524 0
4525 -464
4526 76
4527 0
4528 0
4529 20
4530 0
4531 136
4532 0
4533 0
4534 0
4535 -304
4536 0
4537 -8
4538 -380
4539 0
4540 86
4541 0
4542 -262
4543 -328
4544 0
4545 -28
4546 -190
4547 248
4548 0
4549 0
4550 0
4551 0
4552 0
4553 0
4554 110
4555 -104
4556 326
4557 160
4558 256
4559 0
4560 -286
4561 284
4562 -32
4563 0
4564 0
4565 144
4566 170
4567 -608
4568 158
4569 0
4570 0
4571 176
4572 496
4573 0
4574 0
4575 448
4576 -130
4577 0
4578 -164
4579 280
4580 182
4581 -316
4582 -608
4583 0
4584 0
4585 0
4586 -128
4587 0
4588 -202
4589 0
4590 326
4591 -72
4592 0
4593 320
4594 0
4595 -56
4596 0
4597 332
4598 0
4599 0
4600 208
4601 16
4602 0
4603 0
4604 0
4605 332
4606 0
4607 0
4608 -320
4609 0
4610 448
4611 -80
4612 -10
4613 0
4614 0
4615 -208
4616 14
4617 64
4618 242
4619 0
4620 448
4621 0
4622 -70
4623 -232
4624 0
4625 -52
4626 0
4627 -328
4628 304
4629 0
4630 148
4631 520
4632 98
4633 332
4634 0
4635 0
4636 26
4637 308
4638 0
4639 0
4640 0
4641 -316
4642 0
4643 184
4644 0
4645 0
4646 -140
4647 -88
4648 -167
4649 0
4650 -334
4651 0
4652 -560
4653 332
4654 230
4655 0
4656 128
4657 -292
4658 -608
4659 0
4660 -262
4661 284
4662 0
4663 -144
4664 0
4665 0
4666 -334
4667 0
4668 -260
4669 0
4670 448
4671 -280
4672 -238
4673 0
4674 0
4675 248
4676 -166
4677 512
4678 278
4679 -160
4680 -334
4681 -220
4682 124
4683 -64
4684 0
4685 212
4686 160
4687 320
4688 0
4689 0
4690 0
4691 -488
4692 0
4693 0
4694 0
4695 0
4696 -320
4697 -148
4698 -416
4699 0
4700 -106
4701 352
4702 0
4703 -328
4704 -190
4705 80
4706 0
4707 280
4708 0
4709 0
4710 0
4711 0
4712 -414
4713 308
4714 0
4715 -272
4716 326
4717 0
4718 218
4719 0
4720 -560
4721 -176
4722 0
4723 0
4724 0
4725 -244
4726 -224
4727 0
4728 0
4729 0
4730 0
4731 -136
4732 170
4733 -104
4734 0
4735 176
4736 364
4737 304
4738 158
4739 0
4740 0
4741 -100
4742 -20
4743 0
4744 0
4745 0
4746 -334
4747 176
4748 208
4749 0
4750 0
4751 0
4752 242
4753 -180
4754 160
4755 520
4756 314
4757 0
4758 -298
4759 0
4760 29
4761 0
4762 338
4763 -232
4764 0
4765 284
4766 326
4767 -208
4768 896
4769 0
4770 -322
4771 -40
4772 0
4773 16
4774 0
4775 -200
4776 -334
4777 140
4778 338
4779 -200
4780 0
4781 -124
4782 -512
4783 0
4784 0
4785 44
4786 -94
4787 200
4788 278
4789 0
4790 0
4791 0
4792 338
4793 308
4794 0
4795 -328
4796 16
4797 0
4798 134
4799 0
4800 0
4801 260
4802 2
4803 0
4804 -310
4805 0
4806 -10
4807 248
4808 0
4809 0
4810 -288
4811 320
4812 -188
4813 332
4814 0
4815 0
4816 0
4817 -392
4818 98
4819 0
4820 326
4821 -340
4822 -22
4823 400
4824 0
4825 0
4826 0
4827 0
4828 0
4829 -560
4830 340
4831 0
4832 16
4833 0
4834 0
4835 -32
4836 74
4837 212
4838 0
4839 0
4840 0
4841 -104
4842 0
4843 -256
4844 0
4845 -488
4846 -166
4847 -440
4848 -512
4849 0
4850 -34
4851 136
4852 -176
4853 -560
4854 0
4855 -184
4856 290
4857 -8
4858 640
4859 0
4860 -154
4861 -244
4862 38
4863 -304
4864 0
4865 92
4866 -448
4867 0
4868 218
4869 0
4870 266
4871 0
4872 0
4873 136
4874 0
4875 -64
4876 0
4877 -32
4878 326
4879 320
4880 0
4881 -196
4882 0
4883 0
4884 0
4885 116
4886 -416
4887 0
4888 256
4889 0
4890 -280
4891 -280
4892 0
4893 0
4894 0
4895 0
4896 0
4897 68
4898 -322
4899 0
4900 -202
4901 -344
4902 448
4903 80
4904 0
4905 496
4906 50
4907 -232
4908 234
4909 0
4910 0
4911 -152
4912 158
4913 0
4914 0
4915 0
4916 -164
4917 208
4918 0
4919 0
4920 0
4921 -316
4922 448
4923 -56
4924 0
4925 0
4926 0
4927 0
4928 -274
4929 -180
4930 194
4931 344
4932 0
4933 -28
4934 0
4935 344
4936 -464
4937 0
4938 146
4939 0
4940 326
4941 0
4942 172
4943 896
4944 0
4945 -76
4946 0
4947 200
4948 0
4949 0
4950 -512
4951 616
4952 64
4953 0
4954 0
4955 40
4956 0
4957 180
4958 0
4959 0
4960 338
4961 -340
4962 352
4963 -224
4964 0
4965 184
4966 0
4967 -40
4968 -116
4969 0
4970 0
4971 424
4972 -310
4973 0
4974 0
4975 -256
4976 -380
4977 -268
4978 0
4979 0
4980 134
4981 -176
4982 0
4983 0
4984 0
4985 520
4986 -334
4987 0
4988 -173
4989 0
4990 -32
4991 344
4992 0
4993 212
4994 0
4995 0
4996 -80
4997 -340
4998 -118
4999 0
5000 256
5001 -560
5002 338
5003 0
5004 -10
5005 0
5006 -90
5007 -152
5008 112
5009 0
5010 0
5011 0
5012 0
5013 280
5014 0
5015 344
5016 -226
5017 -172
5018 -178
5019 0
5020 -256
5021 0
5022 218
5023 -184
5024 0
5025 0
5026 0
5027 -256
5028 26
5029 0
5030 74
5031 56
5032 52
5033 0
5034 0
5035 -112
5036 0
5037 -340
5038 -640
5039 0
5040 -334
5041 0
5042 -322
5043 344
5044 0
5045 -196
5046 0
5047 0
5048 304
5049 0
5050 28
5051 -304
5052 -298
5053 -148
5054 -250
5055 288
5056 0
5057 400
5058 0
5059 0
5060 -308
5061 260
5062 -512
5063 0
5064 0
5065 -292
5066 0
5067 272
5068 0
5069 0
5070 0
5071 -64
5072 148
5073 448
5074 0
5075 520
5076 704
5077 0
5078 182
5079 0
5080 0
5081 -176
5082 -82
5083 40
5084 0
5085 -128
5086 -346
5087 0
5088 -46
5089 0
5090 -128
5091 0
5092 230
5093 68
5094 0
5095 -464
5096 194
5097 0
5098 -234
5099 0
5100 0
5101 280
5102 0
5103 160
5104 225
5105 -268
5106 350
5107 320
5108 -214
5109 0
5110 86
5111 272
5112 460
5113 0
5114 0
5115 0
5116 -346
5117 20
5118 0
5119 0
5120 -176
5121 -100
5122 220
5123 0
5124 0
5125 0
5126 266
5127 -280
5128 0
5129 -340
5130 206
5131 0
5132 0
5133 208
5134 0
5135 0
5136 350
5137 112
5138 254
5139 0
5140 -58
5141 64
5142 278
5143 32
5144 0
5145 -244
5146 0
5147 0
5148 0
5149 0
5150 -20
5151 40
5152 640
5153 396
5154 350
5155 104
5156 -310
5157 0
5158 -298
5159 0
5160 -272
5161 0
5162 0
5163 -56
5164 0
5165 0
5166 448
5167 -640
5168 0
5169 0
5170 -320
5171 0
5172 -262
5173 -316
5174 0
5175 -352
5176 76
5177 -292
5178 242
5179 0
5180 218
5181 -296
5182 0
5183 0
5184 0
5185 0
5186 290
5187 -352
5188 -464
5189 0
5190 0
5191 320
5192 -178
5193 -172
5194 0
5195 560
5196 -250
5197 260
5198 -166
5199 0
5200 0
5201 0
5202 -62
5203 -352
5204 -70
5205 332
5206 -10
5207 -392
5208 -286
5209 0
5210 352
5211 224
5212 0
5213 -248
5214 0
5215 0
5216 0
5217 0
5218 0
5219 0
5220 -154
5221 284
5222 -22
5223 -440
5224 0
5225 0
5226 -334
5227 136
5228 320
5229 0
5230 -320
5231 56
5232 350
5233 0
5234 0
5235 0
5236 0
5237 -756
5238 0
5239 0
5240 0
5241 0
5242 0
5243 16
5244 0
5245 0
5246 230
5247 -560
5248 -238
5249 0
5250 -34
5251 -360
5252 182
5253 400
5254 -140
5255 -304
5256 0
5257 188
5258 160
5259 0
5260 580
5261 164
5262 38
5263 0
5264 0
5265 -200
5266 544
5267 0
5268 -20
5269 0
5270 -320
5271 -64
5272 496
5273 0
5274 0
5275 -56
5276 -346
5277 332
5278 0
5279 520
5280 172
5281 356
5282 0
5283 -136
5284 0
5285 592
5286 0
5287 152
5288 -322
5289 0
5290 -46
5291 0
5292 0
5293 -112
5294 0
5295 344
5296 -128
5297 -560
5298 0
5299 0
5300 0
5301 0
5302 0
5303 0
5304 640
5305 352
5306 32
5307 -344
5308 86
5309 0
5310 64
5311 0
5312 -130
5313 0
5314 0
5315 -16
5316 0
5317 112
5318 0
5319 0
5320 0
5321 376
5322 0
5323 -328
5324 0
5325 0
5326 -346
5327 272
5328 16
5329 140
5330 -286
5331 0
5332 0
5333 0
5334 0
5335 0
5336 0
5337 232
5338 338
5339 0
5340 -179
5341 280
5342 -448
5343 -352
5344 0
5345 160
5346 350
5347 32
5348 -358
5349 0
5350 0
5351 448
5352 0
5353 332
5354 0
5355 0
5356 -176
5357 308
5358 -44
5359 0
5360 0
5361 -656
5362 62
5363 -536
5364 0
5365 356
5366 0
5367 80
5368 208
5369 0
5370 -512
5371 320
5372 -358
5373 -440
5374 0
5375 248
5376 -190
5377 0
5378 -322
5379 -280
5380 -512
5381 0
5382 -416
5383 -352
5384 0
5385 -152
5386 0
5387 128
5388 0
5389 0
5390 -358
5391 136
5392 350
5393 356
5394 0
5395 -256
5396 326
5397 0
5398 342
5399 0
5400 98
5401 0
5402 -238
5403 0
5404 230
5405 0
5406 -224
5407 -328
5408 340
5409 0
5410 0
5411 344
5412 -368
5413 -292
5414 0
5415 -208
5416 14
5417 -52
5418 0
5419 0
5420 0
5421 0
5422 122
5423 -200
5424 0
5425 208
5426 544
5427 -352
5428 -22
5429 -340
5430 256
5431 176
5432 0
5433 520
5434 0
5435 56
5436 -18
5437 0
5438 -704
5439 0
5440 -80
5441 236
5442 350
5443 0
5444 0
5445 -80
5446 0
5447 0
5448 -476
5449 0
5450 0
5451 200
5452 -262
5453 92
5454 0
5455 0
5456 -320
5457 0
5458 158
5459 0
5460 495
5461 -64
5462 52
5463 272
5464 0
5465 308
5466 206
5467 320
5468 -64
5469 0
5470 0
5471 0
5472 -322
5473 284
5474 0
5475 -360
5476 0
5477 0
5478 362
5479 0
5480 0
5481 260
5482 800
5483 0
5484 0
5485 212
5486 326
5487 0
5488 0
5489 0
5490 -226
5491 0
5492 112
5493 0
5494 0
5495 -328
5496 450
5497 68
5498 0
5499 0
5500 -644
5501 16
5502 -358
5503 0
5504 110
5505 0
5506 -130
5507 0
5508 218
5509 0
5510 448
5511 16
5512 50
5513 -272
5514 0
5515 8
5516 0
5517 232
5518 0
5519 0
5520 0
5521 -224
5522 0
5523 -248
5524 0
5525 -364
5526 0
5527 -104
5528 0
5529 20
5530 -334
5531 0
5532 640
5533 -364
5534 0
5535 224
5536 0
5537 -292
5538 0
5539 0
5540 -92
5541 -124
5542 0
5543 88
5544 0
5545 -112
5546 0
5547 0
5548 -58
5549 0
5550 134
5551 -80
5552 112
5553 0
5554 160
5555 32
5556 0
5557 -172
5558 362
5559 0
5560 100
5561 -560
5562 0
5563 0
5564 0
5565 -316
5566 32
5567 320
5568 62
5569 0
5570 -416
5571 80
5572 -512
5573 0
5574 0
5575 0
5576 254
5577 -32
5578 -274
5579 -200
5580 208
5581 -364
5582 -358
5583 -224
5584 0
5585 0
5586 -286
5587 -536
5588 362
5589 0
5590 0
5591 -304
5592 0
5593 400
5594 0
5595 0
5596 -154
5597 0
5598 -262
5599 0
5600 302
5601 -8
5602 98
5603 272
5604 0
5605 252
5606 -214
5607 0
5608 0
5609 0
5610 0
5611 0
5612 112
5613 188
5614 0
5615 520
5616 16
5617 -148
5618 196
5619 0
5620 122
5621 0
5622 224
5623 -112
5624 0
5625 -52
5626 14
5627 112
5628 -358
5629 40
5630 0
5631 0
5632 0
5633 -200
5634 0
5635 296
5636 -272
5637 0
5638 -22
5639 0
5640 448
5641 0
5642 196
5643 72
5644 0
5645 356
5646 -224
5647 88
5648 158
5649 0
5650 0
5651 0
5652 0
5653 0
5654 0
5655 368
5656 -226
5657 -304
5658 0
5659 0
5660 362
5661 116
5662 0
5663 0
5664 0
5665 -656
5666 -34
5667 520
5668 0
5669 0
5670 172
5671 184
5672 -322
5673 -316
5674 0
5675 0
5676 314
5677 0
5678 224
5679 0
5680 0
5681 0
5682 640
5683 224
5684 0
5685 0
5686 -44
5687 -232
5688 -82
5689 0
5690 146
5691 344
5692 0
5693 308
5694 0
5695 -256
5696 0
5697 332
5698 0
5699 0
5700 0
5701 -8
5702 362
5703 592
5704 -315
5705 68
5706 -640
5707 -352
5708 0
5709 0
5710 -346
5711 -304
5712 -370
5713 0
5714 0
5715 0
5716 86
5717 140
5718 0
5719 0
5720 -560
5721 -100
5722 -256
5723 0
5724 0
5725 -4
5726 0
5727 376
5728 338
5729 0
5730 254
5731 0
5732 -128
5733 0
5734 0
5735 -200
5736 -560
5737 0
5738 -178
5739 0
5740 0
5741 -720
5742 0
5743 0
5744 0
5745 -172
5746 0
5747 272
5748 -64
5749 0
5750 -202
5751 0
5752 350
5753 -76
5754 -370
5755 472
5756 -166
5757 -28
5758 -58
5759 0
5760 0
5761 112
5762 0
5763 88
5764 0
5765 236
5766 0
5767 32
5768 0
5769 0
5770 0
5771 184
5772 0
5773 0
5774 0
5775 -352
5776 -464
5777 0
5778 -260
5779 400
5780 112
5781 260
5782 -118
5783 -200
5784 0
5785 -680
5786 0
5787 88
5788 -346
5789 0
5790 -198
5791 -40
5792 0
5793 332
5794 0
5795 0
5796 0
5797 -104
5798 544
5799 0
5800 -140
5801 -220
5802 -128
5803 176
5804 -560
5805 -224
5806 0
5807 200
5808 98
5809 0
5810 0
5811 0
5812 448
5813 160
5814 0
5815 0
5816 290
5817 0
5818 544
5819 0
5820 0
5821 0
5822 52
5823 368
5824 0
5825 520
5826 124
5827 -112
5828 187
5829 -340
5830 374
5831 0
5832 -368
5833 -152
5834 0
5835 -392
5836 630
5837 -52
5838 0
5839 0
5840 -128
5841 0
5842 158
5843 248
5844 0
5845 0
5846 448
5847 -352
5848 302
5849 0
5850 0
5851 -256
5852 200
5853 0
5854 0
5855 168
5856 0
5857 0
5858 -286
5859 0
5860 400
5861 0
5862 0
5863 520
5864 0
5865 208
5866 -644
5867 0
5868 0
5869 0
5870 -346
5871 -136
5872 0
5873 0
5874 0
5875 224
5876 -106
5877 0
5878 76
5879 0
5880 -34
5881 284
5882 0
5883 0
5884 0
5885 -364
5886 326
5887 -328
5888 -160
5889 0
5890 0
5891 -56
5892 38
5893 688
5894 0
5895 128
5896 0
5897 0
5898 -416
5899 0
5900 374
5901 -316
5902 -32
5903 -376
5904 -20
5905 0
5906 -130
5907 368
5908 314
5909 0
5910 362
5911 0
5912 448
5913 0
5914 0
5915 -376
5916 0
5917 208
5918 -358
5919 0
5920 -46
5921 -340
5922 -190
5923 -536
5924 0
5925 -440
5926 150
5927 0
5928 -178
5929 -100
5930 0
5931 -656
5932 -202
5933 -56
5934 0
5935 0
5936 50
5937 396
5938 0
5939 0
5940 0
5941 -368
5942 0
5943 144
5944 0
5945 -124
5946 -370
5947 0
5948 0
5949 0
5950 -32
5951 -392
5952 0
5953 0
5954 290
5955 368
5956 28
5957 -248
5958 64
5959 0
5960 0
5961 0
5962 0
5963 -200
5964 0
5965 280
5966 -250
5967 -160
5968 242
5969 0
5970 0
5971 0
5972 304
5973 -28
5974 0
5975 -376
5976 0
5977 -220
5978 302
5979 0
5980 0
5981 0
5982 0
5983 32
5984 0
5985 188
5986 450
5987 128
5988 -448
5989 0
5990 640
5991 280
5992 -308
5993 0
5994 0
5995 -152
5996 326
5997 332
5998 0
5999 0
6000 -640
6001 -364
6002 -322
6003 -728
6004 0
6005 0
6006 170
6007 896
6008 0
6009 0
6010 338
6011 -256
6012 -298
6013 64
6014 0
6015 0
6016 -274
6017 40
6018 98
6019 0
6020 0
6021 272
6022 0
6023 0
6024 0
6025 284
6026 0
6027 -232
6028 496
6029 380
6030 532
6031 296
6032 0
6033 0
6034 0
6035 -144
6036 -70
6037 0
6038 362
6039 0
6040 158
6041 736
6042 -512
6043 0
6044 0
6045 0
6046 -346
6047 184
6048 0
6049 0
6050 256
6051 224
6052 -310
6053 -52
6054 -10
6055 0
6056 0
6057 380
6058 -224
6059 0
6060 -188
6061 0
6062 -358
6063 520
6064 0
6065 -56
6066 0
6067 0
6068 0
6069 0
6070 352
6071 -320
6072 350
6073 -176
6074 0
6075 -136
6076 230
6077 472
6078 26
6079 -280
6080 -191
6081 0
6082 -382
6083 0
6084 0
6085 0
6086 -106
6087 -352
6088 -382
6089 0
6090 146
6091 0
6092 0
6093 -244
6094 0
6095 -304
6096 -80
6097 260
6098 -416
6099 0
6100 0
6101 380
6102 0
6103 0
6104 0
6105 568
6106 -334
6107 -328
6108 640
6109 0
6110 364
6111 -440
6112 -144
6113 -464
6114 0
6115 -184
6116 374
6117 -340
6118 -202
6119 0
6120 -322
6121 496
6122 -68
6123 368
6124 0
6125 0
6126 0
6127 112
6128 0
6129 380
6130 -382
6131 344
6132 -250
6133 -468
6134 0
6135 0
6136 0
6137 0
6138 196
6139 0
6140 -832
6141 -100
6142 0
6143 0
6144 0
6145 -316
6146 -286
6147 0
6148 100
6149 0
6150 -298
6151 0
6152 -382
6153 -124
6154 -320
6155 -376
6156 448
6157 -220
6158 0
6159 0
6160 0
6161 376
6162 350
6163 8
6164 0
6165 0
6166 374
6167 -160
6168 0
6169 0
6170 -274
6171 280
6172 0
6173 284
6174 0
6175 -256
6176 194
6177 208
6178 -608
6179 200
6180 0
6181 -76
6182 234
6183 0
6184 0
6185 0
6186 206
6187 368
6188 0
6189 0
6190 -212
6191 176
6192 0
6193 -28
6194 0
6195 128
6196 0
6197 900
6198 -118
6199 0
6200 -94
6201 0
6202 0
6203 -304
6204 170
6205 -8
6206 0
6207 80
6208 -189
6209 0
6210 448
6211 0
6212 218
6213 0
6214 0
6215 0
6216 -64
6217 -108
6218 338
6219 0
6220 374
6221 -176
6222 -620
6223 -328
6224 0
6225 0
6226 386
6227 -40
6228 326
6229 0
6230 0
6231 -16
6232 -140
6233 0
6234 0
6235 0
6236 0
6237 380
6238 -224
6239 0
6240 386
6241 44
6242 -256
6243 0
6244 0
6245 0
6246 0
6247 -112
6248 -142
6249 0
6250 302
6251 320
6252 0
6253 0
6254 160
6255 -8
6256 350
6257 0
6258 386
6259 0
6260 362
6261 260
6262 278
6263 -88
6264 0
6265 -244
6266 0
6267 -200
6268 0
6269 0
6270 0
6271 0
6272 2
6273 -1024
6274 0
6275 0
6276 -10
6277 -388
6278 448
6279 0
6280 18
6281 252
6282 -370
6283 -136
6284 0
6285 -272
6286 314
6287 0
6288 0
6289 0
6290 0
6291 56
6292 -320
6293 448
6294 0
6295 0
6296 -140
6297 -388
6298 0
6299 0
6300 -80
6301 0
6302 -250
6303 0
6304 0
6305 -196
6306 196
6307 0
6308 -560
6309 0
6310 266
6311 -560
6312 242
6313 -388
6314 0
6315 88
6316 -310
6317 0
6318 0
6319 0
6320 -212
6321 0
6322 -512
6323 0
6324 0
6325 284
6326 -214
6327 368
6328 64
6329 180
6330 -416
6331 -64
6332 38
6333 80
6334 0
6335 344
6336 496
6337 0
6338 0
6339 0
6340 28
6341 -220
6342 362
6343 -584
6344 0
6345 0
6346 0
6347 248
6348 0
6349 0
6350 160
6351 0
6352 -370
6353 68
6354 350
6355 0
6356 0
6357 -488
6358 86
6359 0
6360 -272
6361 -364
6362 0
6363 -80
6364 0
6365 -416
6366 134
6367 0
6368 -704
6369 0
6370 580
6371 -640
6372 0
6373 188
6374 0
6375 0
6376 256
6377 0
6378 0
6379 320
6380 182
6381 380
6382 0
6383 -232
6384 0
6385 176
6386 254
6387 -272
6388 -262
6389 0
6390 0
6391 280
6392 592
6393 0
6394 0
6395 -16
6396 -154
6397 0
6398 -140
6399 0
6400 0
6401 -56
6402 0
6403 760
6404 0
6405 -316
6406 544
6407 520
6408 386
6409 0
6410 -238
6411 0
6412 -176
6413 0
6414 0
6415 616
6416 0
6417 -416
6418 -476
6419 0
6420 592
6421 0
6422 0
6423 0
6424 0
6425 16
6426 -370
6427 504
6428 362
6429 260
6430 0
6431 0
6432 62
6433 0
6434 0
6435 -376
6436 230
6437 112
6438 -298
6439 0
6440 0
6441 -584
6442 338
6443 736
6444 0
6445 -364
6446 -346
6447 0
6448 -176
6449 0
6450 198
6451 -40
6452 122
6453 -56
6454 -310
6455 0
6456 350
6457 0
6458 -142
6459 0
6460 0
6461 236
6462 0
6463 224
6464 0
6465 44
6466 0
6467 -328
6468 -197
6469 0
6470 -394
6471 0
6472 -382
6473 308
6474 0
6475 152
6476 252
6477 0
6478 0
6479 0
6480 0
6481 640
6482 0
6483 280
6484 0
6485 0
6486 -394
6487 392
6488 0
6489 0
6490 -32
6491 0
6492 -358
6493 -388
6494 0
6495 -136
6496 386
6497 328
6498 -320
6499 0
6500 -320
6501 -80
6502 -212
6503 -376
6504 -560
6505 0
6506 160
6507 -208
6508 0
6509 0
6510 0
6511 136
6512 0
6513 92
6514 0
6515 -112
6516 -214
6517 -292
6518 -160
6519 0
6520 0
6521 0
6522 -178
6523 248
6524 0
6525 0
6526 26
6527 272
6528 0
6529 -220
6530 -382
6531 0
6532 0
6533 -364
6534 0
6535 0
6536 -130
6537 -560
6538 302
6539 0
6540 -394
6541 -176
6542 0
6543 0
6544 0
6545 0
6546 416
6547 112
6548 0
6549 0
6550 374
6551 0
6552 -82
6553 0
6554 110
6555 280
6556 -512
6557 -340
6558 90
6559 0
6560 592
6561 380
6562 350
6563 0
6564 0
6565 0
6566 -394
6567 -16
6568 194
6569 0
6570 -128
6571 0
6572 0
6573 188
6574 0
6575 -376
6576 0
6577 512
6578 0
6579 -160
6580 220
6581 232
6582 460
6583 392
6584 0
6585 -388
6586 -416
6587 0
6588 -80
6589 0
6590 -358
6591 0
6592 -620
6593 0
6594 0
6595 -152
6596 -704
6597 0
6598 0
6599 0
6600 585
6601 260
6602 448
6603 224
6604 0
6605 -268
6606 172
6607 0
6608 112
6609 0
6610 0
6611 104
6612 532
6613 -4
6614 0
6615 304
6616 0
6617 308
6618 398
6619 0
6620 0
6621 -244
6622 230
6623 504
6624 0
6625 -440
6626 0
6627 0
6628 374
6629 400
6630 -512
6631 0
6632 76
6633 164
6634 0
6635 0
6636 0
6637 -536
6638 -58
6639 0
6640 -94
6641 284
6642 0
6643 0
6644 0
6645 208
6646 266
6647 320
6648 0
6649 0
6650 398
6651 -296
6652 0
6653 0
6654 -250
6655 400
6656 -274
6657 0
6658 224
6659 0
6660 0
6661 0
6662 0
6663 -304
6664 0
6665 0
6666 0
6667 -8
6668 -394
6669 0
6670 -224
6671 -56
6672 576
6673 -292
6674 0
6675 -352
6676 0
6677 -340
6678 0
6679 -440
6680 0
6681 -316
6682 338
6683 -112
6684 0
6685 356
6686 0
6687 152
6688 302
6689 0
6690 0
6691 -656
6692 -358
6693 -344
6694 0
6695 272
6696 -334
6697 0
6698 398
6699 0
6700 112
6701 184
6702 -70
6703 40
6704 290
6705 332
6706 -190
6707 -488
6708 0
6709 0
6710 128
6711 -416
6712 0
6713 0
6714 0
6715 208
6716 0
6717 0
6718 0
6719 0
6720 532
6721 -468
6722 0
6723 0
6724 0
6725 -52
6726 74
6727 -728
6728 -160
6729 0
6730 0
6731 -376
6732 -272
6733 0
6734 0
6735 0
6736 -212
6737 92
6738 254
6739 0
6740 220
6741 0
6742 -608
6743 56
6744 0
6745 -172
6746 0
6747 368
6748 256
6749 0
6750 0
6751 -400
6752 0
6753 -388
6754 -130
6755 -232
6756 -368
6757 140
6758 0
6759 0
6760 0
6761 0
6762 28
6763 0
6764 0
6765 308
6766 -166
6767 592
6768 206
6769 0
6770 -414
6771 296
6772 0
6773 212
6774 0
6775 0
6776 76
6777 560
6778 -320
6779 -400
6780 0
6781 0
6782 218
6783 -64
6784 0
6785 0
6786 736
6787 -32
6788 -126
6789 0
6790 0
6791 184
6792 0
6793 356
6794 0
6795 224
6796 374
6797 0
6798 -224
6799 0
6800 398
6801 -160
6802 -382
6803 176
6804 0
6805 512
6806 -308
6807 0
6808 338
6809 0
6810 0
6811 -400
6812 592
6813 404
6814 0
6815 -680
6816 -46
6817 -388
6818 0
6819 0
6820 112
6821 -364
6822 170
6823 392
6824 0
6825 88
6826 -608
6827 0
6828 0
6829 0
6830 0
6831 0
6832 50
6833 -56
6834 0
6835 104
6836 -250
6837 332
6838 0
6839 0
6840 0
6841 404
6842 700
6843 496
6844 0
6845 160
6846 314
6847 -392
6848 0
6849 0
6850 0
6851 0
6852 -118
6853 -224
6854 0
6855 -16
6856 16
6857 380
6858 242
6859 0
6860 -394
6861 424
6862 0
6863 -328
6864 0
6865 0
6866 196
6867 272
6868 -261
6869 0
6870 -406
6871 -256
6872 158
6873 0
6874 0
6875 0
6876 -406
6877 -28
6878 326
6879 -200
6880 -382
6881 0
6882 0
6883 392
6884 0
6885 16
6886 -32
6887 -120
6888 460
6889 0
6890 -142
6891 0
6892 -188
6893 0
6894 0
6895 0
6896 0
6897 0
6898 98
6899 0
6900 -704
6901 0
6902 -202
6903 -784
6904 350
6905 160
6906 0
6907 -112
6908 -572
6909 0
6910 -608
6911 -40
6912 -512
6913 404
6914 0
6915 344
6916 0
6917 88
6918 -160
6919 0
6920 254
6921 0
6922 0
6923 -184
6924 0
6925 -320
6926 0
6927 0
6928 0
6929 -340
6930 160
6931 80
6932 -70
6933 0
6934 0
6935 -88
6936 -286
6937 0
6938 704
6939 0
6940 -406
6941 380
6942 0
6943 368
6944 0
6945 520
6946 0
6947 160
6948 0
6949 0
6950 0
6951 0
6952 0
6953 -268
6954 -370
6955 0
6956 74
6957 -352
6958 0
6959 0
6960 -334
6961 0
6962 -380
6963 0
6964 0
6965 92
6966 -522
6967 0
6968 -238
6969 0
6970 220
6971 -104
6972 0
6973 512
6974 0
6975 56
6976 64
6977 140
6978 0
6979 -400
6980 32
6981 404
6982 -22
6983 0
6984 0
6985 188
6986 0
6987 0
6988 0
6989 0
6990 26
6991 224
6992 398
6993 -244
6994 0
6995 -376
6996 -92
6997 -292
6998 448
6999 0
7000 28
7001 0
7002 110
7003 -328
7004 205
7005 0
7006 640
7007 -160
7008 304
7009 0
7010 -34
7011 0
7012 410
7013 0
7014 0
7015 504
7016 0
7017 0
7018 0
7019 0
7020 460
7021 760
7022 -160
7023 -352
7024 0
7025 112
7026 350
7027 0
7028 362
7029 280
7030 -406
7031 -400
7032 290
7033 -752
7034 0
7035 0
7036 320
7037 68
7038 -154
7039 0
7040 0
7041 0
7042 0
7043 616
7044 0
7045 0
7046 -704
7047 368
7048 -140
7049 0
7050 352
7051 -280
7052 0
7053 0
7054 410
7055 -256
7056 -370
7057 0
7058 -322
7059 0
7060 0
7061 -176
7062 -298
7063 104
7064 0
7065 404
7066 50
7067 128
7068 -406
7069 0
7070 0
7071 0
7072 338
7073 -252
7074 0
7075 248
7076 410
7077 -412
7078 256
7079 320
7080 0
7081 -4
7082 0
7083 8
7084 0
7085 -488
7086 0
7087 -8
7088 0
7089 0
7090 544
7091 -392
7092 16
7093 0
7094 0
7095 296
7096 -94
7097 -392
7098 -334
7099 0
7100 0
7101 0
7102 352
7103 0
7104 0
7105 0
7106 -32
7107 -208
7108 -202
7109 0
7110 -620
7111 80
7112 256
7113 -288
7114 0
7115 0
7116 -394
7117 -220
7118 122
7119 0
7120 0
7121 380
7122 -128
7123 184
7124 0
7125 -316
7126 0
7127 0
7128 -128
7129 0
7130 0
7131 -304
7132 410
7133 -680
7134 0
7135 -296
7136 0
7137 0
7138 -382
7139 0
7140 -358
7141 616
7142 362
7143 -232
7144 0
7145 -80
7146 0
7147 -1120
7148 0
7149 0
7150 314
7151 0
7152 172
7153 0
7154 0
7155 232
7156 -406
7157 -412
7158 0
7159 0
7160 146
7161 44
7162 -306
7163 392
7164 0
7165 112
7166 320
7167 -88
7168 0
7169 0
7170 0
7171 0
7172 0
7173 -56
7174 0
7175 344
7176 592
7177 212
7178 124
7179 200
7180 640
7181 0
7182 218
7183 0
7184 0
7185 -656
7186 194
7187 0
7188 0
7189 0
7190 -320
7191 -152
7192 0
7193 -52
7194 0
7195 0
7196 -106
7197 -448
7198 -166
7199 0
7200 2
7201 140
7202 160
7203 0
7204 320
7205 0
7206 -406
7207 0
7208 -308
7209 0
7210 338
7211 72
7212 -68
7213 0
7214 0
7215 416
7216 0
7217 -32
7218 0
7219 0
7220 -22
7221 640
7222 0
7223 688
7224 0
7225 0
7226 0
7227 -440
7228 -272
7229 0
7230 0
7231 496
7232 -272
7233 308
7234 0
7235 416
7236 0
7237 0
7238 0
7239 0
7240 -334
7241 0
7242 160
7243 136
7244 0
7245 0
7246 544
7247 0
7248 364
7249 0
7250 0
7251 352
7252 0
7253 -536
7254 170
7255 0
7256 0
7257 332
7258 0
7259 0
7260 -160
7261 -464
7262 -358
7263 296
7264 0
7265 356
7266 386
7267 616
7268 -394
7269 0
7270 364
7271 416
7272 -370
7273 68
7274 0
7275 -352
7276 0
7277 0
7278 -262
7279 -400
7280 -495
7281 252
7282 -68
7283 0
7284 0
7285 -388
7286 374
7287 0
7288 -464
7289 0
7290 0
7291 0
7292 410
7293 -412
7294 0
7295 -360
7296 254
7297 -148
7298 -418
7299 0
7300 -346
7301 0
7302 0
7303 0
7304 50
7305 0
7306 0
7307 0
7308 196
7309 0
7310 0
7311 344
7312 -260
7313 0
7314 0
7315 -208
7316 112
7317 112
7318 -608
7319 0
7320 0
7321 -16
7322 398
7323 424
7324 0
7325 -196
7326 0
7327 392
7328 302
7329 260
7330 -1120
7331 -16
7332 0
7333 0
7334 0
7335 0
7336 -190
7337 -1024
7338 -142
7339 0
7340 -58
7341 0
7342 410
7343 -232
7344 0
7345 404
7346 0
7347 232
7348 122
7349 0
7350 -394
7351 -584
7352 -80
7353 -28
7354 0
7355 416
7356 0
7357 0
7358 0
7359 0
7360 -64
7361 0
7362 -224
7363 32
7364 0
7365 0
7366 -44
7367 -112
7368 0
7369 0
7370 -178
7371 0
7372 0
7373 0
7374 0
7375 0
7376 290
7377 -388
7378 -418
7379 0
7380 -406
7381 -608
7382 362
7383 232
7384 0
7385 -200
7386 -352
7387 280
7388 -140
7389 0
7390 0
7391 616
7392 0
7393 184
7394 0
7395 224
7396 784
7397 308
7398 -298
7399 0
7400 592
7401 44
7402 0
7403 -464
7404 -70
7405 448
7406 -20
7407 -360
7408 -418
7409 0
7410 0
7411 0
7412 0
7413 592
7414 0
7415 392
7416 350
7417 0
7418 0
7419 0
7420 45
7421 616
7422 422
7423 0
7424 0
7425 0
7426 0
7427 -400
7428 496
7429 140
7430 76
7431 416
7432 -512
7433 40
7434 0
7435 40
7436 -394
7437 -412
7438 76
7439 0
7440 242
7441 -316
7442 -416
7443 0
7444 0
7445 0
7446 -416
7447 -328
7448 0
7449 0
7450 14
7451 416
7452 700
7453 0
7454 410
7455 0
7456 0
7457 0
7458 100
7459 0
7460 0
7461 0
7462 -22
7463 -56
7464 0
7465 0
7466 110
7467 0
7468 -262
7469 0
7470 1088
7471 0
7472 0
7473 -388
7474 0
7475 416
7476 304
7477 0
7478 0
7479 0
7480 -500
7481 -340
7482 398
7483 0
7484 0
7485 280
7486 -154
7487 0
7488 0
7489 0
7490 220
7491 -488
7492 422
7493 -412
7494 0
7495 -424
7496 0
7497 -100
7498 640
7499 0
7500 0
7501 284
7502 38
7503 -56
7504 -370
7505 -468
7506 0
7507 -8
7508 448
7509 0
7510 374
7511 0
7512 0
7513 -224
7514 0
7515 -800
7516 4
7517 0
7518 64
7519 0
7520 -322
7521 260
7522 -418
7523 416
7524 0
7525 208
7526 -608
7527 -80
7528 0
7529 160
7530 -46
7531 -320
7532 -512
7533 0
7534 0
7535 0
7536 -560
7537 0
7538 -224
7539 0
7540 0
7541 -196
7542 -118
7543 -352
7544 0
7545 0
7546 -224
7547 88
7548 422
7549 0
7550 0
7551 -424
7552 0
7553 -412
7554 450
7555 0
7556 266
7557 332
7558 0
7559 0
7560 386
7561 328
7562 -238
7563 0
7564 0
7565 304
7566 0
7567 8
7568 -256
7569 0
7570 0
7571 -184
7572 -298
7573 -388
7574 0
7575 128
7576 0
7577 0
7578 0
7579 0
7580 -346
7581 -224
7582 896
7583 0
7584 0
7585 0
7586 0
7587 80
7588 0
7589 0
7590 -406
7591 -680
7592 -178
7593 0
7594 0
7595 616
7596 0
7597 184
7598 218
7599 0
7600 304
7601 0
7602 62
7603 -248
7604 -250
7605 -316
7606 0
7607 232
7608 0
7609 0
7610 0
7611 296
7612 230
7613 0
7614 0
7615 -136
7616 146
7617 -584
7618 -224
7619 0
7620 28
7621 0
7622 0
7623 0
7624 0
7625 236
7626 -370
7627 368
7628 700
7629 -340
7630 0
7631 -256
7632 0
7633 252
7634 0
7635 -728
7636 314
7637 428
7638 640
7639 0
7640 -286
7641 900
7642 242
7643 -88
7644 0
7645 472
7646 -236
7647 0
7648 -44
7649 0
7650 0
7651 0
7652 234
7653 0
7654 0
7655 0
7656 0
7657 428
7658 398
7659 0
7660 0
7661 496
7662 160
7663 248
7664 0
7665 0
7666 256
7667 0
7668 -512
7669 0
7670 74
7671 -424
7672 -116
7673 520
7674 0
7675 176
7676 0
7677 -440
7678 0
7679 -560
7680 0
7681 0
7682 -322
7683 -352
7684 0
7685 -128
7686 0
7687 0
7688 256
7689 0
7690 -334
7691 416
7692 -10
7693 136
7694 0
7695 56
7696 364
7697 -268
7698 0
7699 0
7700 0
7701 0
7702 -140
7703 392
7704 -105
7705 0
7706 -430
7707 0
7708 400
7709 0
7710 134
7711 -104
7712 -430
7713 332
7714 0
7715 0
7716 -128
7717 688
7718 -394
7719 0
7720 0
7721 -124
7722 -512
7723 0
7724 0
7725 404
7726 64
7727 0
7728 0
7729 0
7730 -418
7731 0
7732 0
7733 164
7734 0
7735 -64
7736 -448
7737 208
7738 0
7739 0
7740 -214
7741 -220
7742 0
7743 136
7744 0
7745 428
7746 -226
7747 0
7748 38
7749 0
7750 -180
7751 -376
7752 28
7753 0
7754 -430
7755 128
7756 0
7757 -112
7758 422
7759 0
7760 0
7761 -196
7762 -382
7763 -200
7764 0
7765 -364
7766 0
7767 0
7768 -80
7769 0
7770 0
7771 -296
7772 362
7773 -316
7774 0
7775 0
7776 -280
7777 428
7778 0
7779 -280
7780 -118
7781 -340
7782 0
7783 0
7784 0
7785 -632
7786 0
7787 272
7788 0
7789 0
7790 -32
7791 296
7792 -368
7793 0
7794 0
7795 -184
7796 0
7797 0
7798 0
7799 0
7800 0
7801 356
7802 -234
7803 -424
7804 410
7805 -76
7806 64
7807 544
7808 0
7809 0
7810 -94
7811 -304
7812 640
7813 1040
7814 0
7815 232
7816 0
7817 0
7818 28
7819 0
7820 -272
7821 0
7822 230
7823 400
7824 0
7825 0
7826 -286
7827 -152
7828 220
7829 20
7830 0
7831 -176
7832 -430
7833 -176
7834 0
7835 0
7836 -406
7837 0
7838 0
7839 0
7840 194
7841 0
7842 448
7843 -112
7844 0
7845 -200
7846 0
7847 0
7848 -135
7849 0
7850 1280
7851 -136
7852 0
7853 428
7854 0
7855 -392
7856 434
7857 188
7858 -418
7859 0
7860 -262
7861 0
7862 0
7863 0
7864 0
7865 0
7866 4
7867 -152
7868 0
7869 0
7870 422
7871 0
7872 0
7873 616
7874 0
7875 -376
7876 -448
7877 88
7878 182
7879 280
7880 52
7881 116
7882 -370
7883 0
7884 0
7885 0
7886 410
7887 280
7888 0
7889 0
7890 640
7891 0
7892 -70
7893 -224
7894 0
7895 760
7896 0
7897 180
7898 434
7899 0
7900 0
7901 -364
7902 0
7903 176
7904 -560
7905 404
7906 0
7907 0
7908 0
7909 0
7910 256
7911 -584
7912 0
7913 -104
7914 0
7915 392
7916 74
7917 352
7918 0
7919 0
7920 434
7921 -436
7922 290
7923 0
7924 0
7925 -488
7926 -800
7927 -328
7928 -418
7929 0
7930 -274
7931 0
7932 -64
7933 -436
7934 0
7935 0
7936 0
7937 -340
7938 2
7939 0
7940 0
7941 0
7942 -10
7943 56
7944 0
7945 32
7946 128
7947 0
7948 400
7949 0
7950 -154
7951 0
7952 398
7953 0
7954 0
7955 0
7956 326
7957 -220
7958 -236
7959 0
7960 112
7961 -560
7962 0
7963 -208
7964 0
7965 164
7966 26
7967 -632
7968 -82
7969 0
7970 0
7971 -288
7972 208
7973 0
7974 0
7975 -56
7976 434
7977 0
7978 -238
7979 0
7980 314
7981 -536
7982 0
7983 208
7984 0
7985 -196
7986 -34
7987 0
7988 0
7989 0
7990 0
7991 -304
7992 -80
7993 -392
7994 0
7995 0
7996 86
7997 16
7998 460
7999 0
8000 0
8001 784
8002 -832
8003 -248
8004 0
8005 -368
8006 374
8007 0
8008 386
8009 0
8010 100
8011 0
8012 -250
8013 -388
8014 0
8015 104
8016 -656
8017 0
8018 -322
8019 0
8020 -406
8021 0
8022 160
8023 184
8024 0
8025 0
8026 -46
8027 392
8028 0
8029 0
8030 -128
8031 224
8032 302
8033 -224
8034 0
8035 -680
8036 -164
8037 332
8038 0
8039 0
8040 64
8041 -364
8042 -380
8043 152
8044 0
8045 236
8046 0
8047 0
8048 256
8049 0
8050 0
8051 1280
8052 362
8053 352
8054 -310
8055 0
8056 -94
8057 0
8058 640
8059 0
8060 0
8061 0
8062 270
8063 0
8064 0
8065 -448
8066 194
8067 448
8068 422
8069 0
8070 0
8071 40
8072 0
8073 0
8074 0
8075 232
8076 0
8077 -172
8078 -416
8079 520
8080 -418
8081 20
8082 0
8083 0
8084 0
8085 -224
8086 0
8087 -112
8088 244
8089 0
8090 434
8091 304
8092 0
8093 396
8094 0
8095 -328
8096 -176
8097 -368
8098 62
8099 0
8100 0
8101 -32
8102 0
8103 -424
8104 0
8105 0
8106 0
8107 472
8108 182
8109 0
8110 -166
8111 0
8112 290
8113 428
8114 0
8115 0
8116 0
8117 0
8118 -704
8119 0
8120 0
8121 -56
8122 338
8123 0
8124 0
8125 116
8126 326
8127 88
8128 -656
8129 380
8130 386
8131 -40
8132 0
8133 -388
8134 0
8135 128
8136 434
8137 140
8138 0
8139 0
8140 153
8141 -436
8142 -90
8143 392
8144 0
8145 44
8146 220
8147 -160
8148 -442
8149 0
8150 -128
8151 440
8152 0
8153 0
8154 -800
8155 0
8156 304
8157 0
8158 -128
8159 0
8160 0
8161 0
8162 -418
8163 664
8164 0
8165 92
8166 244
8167 -280
8168 398
8169 0
8170 0
8171 0
8172 -442
8173 0
8174 0
8175 -728
8176 -334
8177 -256
8178 -226
8179 40
8180 -214
8181 0
8182 0
8183 40
8184 0
8185 -800
8186 434
8187 -208
8188 -500
8189 0
8190 -308
8191 0
8192 -448
8193 0
8194 0
8195 56
8196 -10
8197 0
8198 160
8199 0
8200 14
8201 164
8202 0
8203 0
8204 0
8205 368
8206 0
8207 0
8208 0
8209 0
8210 -286
8211 784
8212 -464
8213 -196
8214 0
8215 0
8216 -430
8217 0
8218 220
8219 0
8220 320
8221 0
8222 -250
8223 416
8224 0
8225 0
8226 0
8227 320
8228 -358
8229 -100
8230 0
8231 0
8232 -190
8233 -584
8234 0
8235 -64
8236 -310
8237 0
8238 -442
8239 0
8240 558
8241 0
8242 0
8243 -256
8244 0
8245 784
8246 86
8247 568
8248 -418
8249 0
8250 0
8251 -200
8252 256
8253 0
8254 640
8255 -184
8256 386
8257 -400
8258 -382
8259 0
8260 0
8261 560
8262 0
8263 496
8264 0
8265 0
8266 206
8267 -328
8268 -1216
8269 0
8270 0
8271 -376
8272 242
8273 -412
8274 0
8275 0
8276 0
8277 308
8278 374
8279 200
8280 -46
8281 0
8282 -352
8283 -200
8284 0
8285 -436
8286 0
8287 688
8288 561
8289 0
8290 446
8291 -400
8292 0
8293 0
8294 0
8295 0
8296 320
8297 -268
8298 434
8299 0
8300 326
8301 -316
8302 -20
8303 0
8304 350
8305 -76
8306 896
8307 368
8308 -176
8309 0
8310 0
8311 0
8312 0
8313 232
8314 0
8315 416
8316 0
8317 616
8318 0
8319 0
8320 446
8321 -4
8322 0
8323 8
8324 0
8325 0
8326 -406
8327 0
8328 0
8329 260
8330 -128
8331 80
8332 -58
8333 -364
8334 0
8335 -248
8336 0
8337 20
8338 126
8339 0
8340 -128
8341 -436
8342 182
8343 0
8344 0
8345 0
8346 -334
8347 0
8348 196
8349 0
8350 -346
8351 0
8352 -368
8353 -28
8354 0
8355 296
8356 676
8357 0
8358 0
8359 0
8360 880
8361 0
8362 0
8363 -720
8364 0
8365 0
8366 0
8367 -728
8368 0
8369 0
8370 -322
8371 176
8372 0
8373 -296
8374 0
8375 -104
8376 0
8377 332
8378 0
8379 440
8380 0
8381 140
8382 -800
8383 0
8384 0
8385 -388
8386 832
8387 -72
8388 422
8389 0
8390 -394
8391 0
8392 -512
8393 428
8394 0
8395 0
8396 -70
8397 380
8398 0
8399 0
8400 172
8401 -256
8402 0
8403 -680
8404 170
8405 0
8406 -320
8407 -80
8408 16
8409 0
8410 -238
8411 40
8412 0
8413 0
8414 0
8415 -632
8416 446
8417 92
8418 0
8419 0
8420 448
8421 -244
8422 -32
8423 -448
8424 0
8425 404
8426 4
8427 0
8428 -644
8429 -340
8430 -154
8431 440
8432 -418
8433 -52
8434 0
8435 0
8436 -522
8437 0
8438 0
8439 0
8440 0
8441 164
8442 -260
8443 -680
8444 0
8445 -196
8446 0
8447 -448
8448 0
8449 0
8450 448
8451 56
8452 0
8453 -416
8454 -10
8455 112
8456 0
8457 0
8458 352
8459 0
8460 0
8461 284
8462 410
8463 0
8464 0
8465 -128
8466 160
8467 0
8468 0
8469 0
8470 -22
8471 0
8472 -82
8473 428
8474 0
8475 -224
8476 230
8477 -560
8478 288
8479 0
8480 0
8481 136
8482 158
8483 0
8484 0
8485 -468
8486 0
8487 440
8488 446
8489 0
8490 242
8491 -248
8492 0
8493 0
8494 0
8495 128
8496 640
8497 0
8498 -34
8499 0
8500 86
8501 0
8502 64
8503 -176
8504 -140
8505 -268
8506 0
8507 -448
8508 0
8509 0
8510 38
8511 616
8512 0
8513 520
8514 0
8515 496
8516 -740
8517 64
8518 -118
8519 0
8520 128
8521 0
8522 398
8523 0
8524 0
8525 452
8526 314
8527 -248
8528 -142
8529 0
8530 -160
8531 0
8532 -442
8533 -436
8534 0
8535 0
8536 -274
8537 832
8538 -46
8539 0
8540 -358
8541 664
8542 0
8543 -104
8544 0
8545 0
8546 0
8547 440
8548 0
8549 0
8550 -406
8551 296
8552 -322
8553 800
8554 50
8555 -680
8556 0
8557 428
8558 122
8559 0
8560 -94
8561 280
8562 0
8563 0
8564 0
8565 0
8566 640
8567 0
8568 0
8569 0
8570 434
8571 -280
8572 832
8573 452
8574 0
8575 0
8576 592
8577 0
8578 0
8579 0
8580 182
8581 -4
8582 0
8583 -576
8584 0
8585 -412
8586 -430
8587 -32
8588 -227
8589 0
8590 -1120
8591 304
8592 -272
8593 0
8594 0
8595 -152
8596 -454
8597 472
8598 0
8599 0
8600 0
8601 -340
8602 302
8603 0
8604 0
8605 -436
8606 -454
8607 16
8608 0
8609 0
8610 -224
8611 616
8612 -310
8613 -28
8614 0
8615 416
8616 0
8617 0
8618 0
8619 0
8620 -454
8621 0
8622 0
8623 -296
8624 0
8625 568
8626 220
8627 -680
8628 278
8629 -80
8630 0
8631 -160
8632 32
8633 0
8634 0
8635 0
8636 -214
8637 0
8638 -454
8639 0
8640 0
8641 -608
8642 -130
8643 -88
8644 0
8645 428
8646 -224
8647 144
8648 832
8649 0
8650 0
8651 -400
8652 -442
8653 -680
8654 -320
8655 0
8656 0
8657 760
8658 386
8659 0
8660 128
8661 448
8662 -202
8663 0
8664 0
8665 284
8666 0
8667 0
8668 -406
8669 0
8670 422
8671 -256
8672 -812
8673 -224
8674 0
8675 -448
8676 -154
8677 0
8678 74
8679 440
8680 446
8681 -252
8682 0
8683 0
8684 0
8685 164
8686 -256
8687 0
8688 0
8689 0
8690 0
8691 -424
8692 -262
8693 400
8694 0
8695 0
8696 110
8697 -412
8698 -334
8699 0
8700 -298
8701 0
8702 -128
8703 -152
8704 -190
8705 112
8706 290
8707 0
8708 218
8709 0
8710 0
8711 56
8712 244
8713 0
8714 0
8715 344
8716 224
8717 -56
8718 -442
8719 0
8720 14
8721 0
8722 0
8723 664
8724 0
8725 208
8726 0
8727 -448
8728 158
8729 0
8730 558
8731 -184
8732 -22
8733 784
8734 0
8735 0
8736 0
8737 328
8738 -40
8739 0
8740 255
8741 0
8742 458
8743 0
8744 0
8745 0
8746 -644
8747 328
8748 458
8749 0
8750 -454
8751 368
8752 0
8753 0
8754 0
8755 0
8756 0
8757 260
8758 544
8759 0
8760 -34
8761 -436
8762 -608
8763 368
8764 0
8765 0
8766 0
8767 0
8768 194
8769 0
8770 0
8771 104
8772 800
8773 68
8774 0
8775 -200
8776 0
8777 112
8778 256
8779 -360
8780 -128
8781 0
8782 0
8783 -56
8784 0
8785 404
8786 0
8787 0
8788 -896
8789 0
8790 52
8791 -424
8792 0
8793 -200
8794 0
8795 0
8796 0
8797 -172
8798 0
8799 0
8800 1088
8801 -364
8802 350
8803 0
8804 410
8805 0
8806 -310
8807 -56
8808 0
8809 0
8810 338
8811 0
8812 580
8813 -412
8814 0
8815 0
8816 198
8817 -460
8818 -476
8819 0
8820 0
8821 -536
8822 544
8823 0
8824 0
8825 452
8826 146
8827 440
8828 0
8829 -80
8830 -454
8831 0
8832 0
8833 428
8834 0
8835 280
8836 -166
8837 0
8838 736
8839 0
8840 0
8841 -460
8842 0
8843 -560
8844 0
8845 -440
8846 326
8847 88
8848 -418
8849 0
8850 98
8851 0
8852 -58
8853 308
8854 0
8855 -448
8856 -656
8857 -752
8858 -238
8859 0
8860 -346
8861 -200
8862 -442
8863 0
8864 0
8865 -560
8866 446
8867 0
8868 100
8869 0
8870 160
8871 0
8872 62
8873 284
8874 0
8875 0
8876 -704
8877 -36
8878 422
8879 -160
8880 -334
8881 256
8882 0
8883 -208
8884 0
8885 0
8886 0
8887 32
8888 0
8889 0
8890 0
8891 88
8892 170
8893 356
8894 0
8895 -424
8896 -130
8897 0
8898 0
8899 0
8900 -202
8901 -460
8902 160
8903 -88
8904 -370
8905 0
8906 434
8907 -8
8908 0
8909 0
8910 52
8911 -440
8912 688
8913 404
8914 0
8915 0
8916 -476
8917 332
8918 -500
8919 0
8920 0
8921 -196
8922 0
8923 760
8924 0
8925 44
8926 -198
8927 0
8928 -322
8929 -460
8930 0
8931 0
8932 230
8933 256
8934 0
8935 224
8936 446
8937 -388
8938 242
8939 0
8940 224
8941 0
8942 218
8943 0
8944 0
8945 0
8946 196
8947 -104
8948 0
8949 0
8950 0
8951 112
8952 0
8953 212
8954 -320
8955 296
8956 0
8957 -392
8958 0
8959 0
8960 -20
8961 -584
8962 -418
8963 0
8964 0
8965 -364
8966 0
8967 0
8968 -176
8969 0
8970 0
8971 784
8972 0
8973 0
8974 0
8975 -112
8976 350
8977 112
8978 160
8979 0
8980 -454
8981 380
8982 448
8983 464
8984 0
8985 0
8986 14
8987 200
8988 784
8989 0
8990 0
8991 160
8992 256
8993 452
8994 0
8995 136
8996 0
8997 -560
8998 244
8999 0
9000 434
9001 0
9002 302
9003 -296
9004 -310
9005 0
9006 26
9007 0
9008 -178
9009 0
9010 640
9011 88
9012 0
9013 0
9014 0
9015 -64
9016 0
9017 0
9018 0
9019 0
9020 86
9021 0
9022 -442
9023 272
9024 0
9025 -436
9026 -320
9027 152
9028 832
9029 0
9030 -118
9031 568
9032 -142
9033 0
9034 0
9035 0
9036 326
9037 224
9038 -1120
9039 0
9040 0
9041 0
9042 0
9043 0
9044 0
9045 232
9046 -406
9047 -848
9048 -233
9049 0
9050 -68
9051 0
9052 688
9053 308
9054 0
9055 464
9056 -896
9057 40
9058 0
9059 0
9060 -394
9061 -316
9062 0
9063 0
9064 0
9065 64
9066 -1216
9067 392
9068 182
9069 0
9070 122
9071 760
9072 0
9073 0
9074 0
9075 0
9076 0
9077 0
9078 458
9079 440
9080 -832
9081 -460
9082 50
9083 464
9084 0
9085 -180
9086 -166
9087 136
9088 208
9089 0
9090 -226
9091 -136
9092 0
9093 -244
9094 0
9095 0
9096 386
9097 -220
9098 -32
9099 0
9100 -454
9101 0
9102 172
9103 64
9104 0
9105 332
9106 0
9107 0
9108 -640
9109 0
9110 0
9111 80
9112 98
9113 -4
9114 0
9115 -208
9116 0
9117 0
9118 -58
9119 0
9120 -466
9121 -436
9122 -414
9123 -1024
9124 0
9125 452
9126 0
9127 0
9128 0
9129 -440
9130 0
9131 -160
9132 196
9133 -364
9134 0
9135 0
9136 0
9137 520
9138 62
9139 0
9140 0
9141 -224
9142 -32
9143 0
9144 0
9145 400
9146 -466
9147 0
9148 0
9149 0
9150 0
9151 464
9152 0
9153 -268
9154 220
9155 -272
9156 0
9157 0
9158 362
9159 0
9160 0
9161 0
9162 -430
9163 296
9164 0
9165 40
9166 -224
9167 232
9168 242
9169 0
9170 446
9171 288
9172 0
9173 0
9174 0
9175 248
9176 -466
9177 0
9178 64
9179 -40
9180 -448
9181 -56
9182 340
9183 0
9184 0
9185 -248
9186 254
9187 -728
9188 0
9189 0
9190 832
9191 464
9192 208
9193 256
9194 0
9195 416
9196 0
9197 544
9198 -308
9199 0
9200 434
9201 260
9202 -418
9203 -448
9204 235
9205 0
9206 -160
9207 -280
9208 302
9209 0
9210 -260
9211 0
9212 112
9213 0
9214 0
9215 392
9216 110
9217 0
9218 0
9219 0
9220 342
9221 -560
9222 470
9223 -184
9224 0
9225 -52
9226 0
9227 0
9228 0
9229 0
9230 326
9231 -224
9232 -212
9233 -148
9234 0
9235 464
9236 16
9237 -848
9238 0
9239 0
9240 -286
9241 356
9242 0
9243 328
9244 0
9245 0
9246 0
9247 0
9248 -464
9249 0
9250 386
9251 0
9252 448
9253 0
9254 470
9255 712
9256 320
9257 736
9258 -260
9259 0
9260 0
9261 -416
9262 0
9263 128
9264 0
9265 0
9266 0
9267 440
9268 -22
9269 0
9270 278
9271 0
9272 -430
9273 452
9274 0
9275 0
9276 496
9277 -292
9278 0
9279 0
9280 -382
9281 0
9282 0
9283 80
9284 0
9285 188
9286 86
9287 -920
9288 0
9289 0
9290 -608
9291 0
9292 -560
9293 0
9294 0
9295 -368
9296 -34
9297 80
9298 0
9299 0
9300 0
9301 284
9302 470
9303 -352
9304 0
9305 -296
9306 434
9307 -472
9308 38
9309 0
9310 -140
9311 0
9312 0
9313 0
9314 0
9315 0
9316 410
9317 -412
9318 -64
9319 0
9320 -322
9321 404
9322 -238
9323 -288
9324 0
9325 -680
9326 0
9327 0
9328 -644
9329 -340
9330 0
9331 -400
9332 704
9333 0
9334 0
9335 88
9336 128
9337 -220
9338 544
9339 0
9340 -166
9341 0
9342 422
9343 -728
9344 0
9345 0
9346 352
9347 0
9348 0
9349 0
9350 -214
9351 -560
9352 50
9353 376
9354 0
9355 176
9356 -20
9357 0
9358 -262
9359 0
9360 0
9361 -460
9362 0
9363 -304
9364 0
9365 0
9366 470
9367 360
9368 338
9369 0
9370 0
9371 0
9372 0
9373 428
9374 0
9375 -152
9376 0
9377 -268
9378 98
9379 80
9380 0
9381 0
9382 0
9383 -328
9384 0
9385 -4
9386 -896
9387 -152
9388 -256
9389 0
9390 -800
9391 464
9392 0
9393 -388
9394 0
9395 -488
9396 170
9397 140
9398 0
9399 0
9400 -274
9401 256
9402 -128
9403 0
9404 700
9405 116
9406 -346
9407 248
9408 448
9409 0
9410 0
9411 224
9412 -310
9413 -196
9414 0
9415 0
9416 558
9417 -28
9418 302
9419 0
9420 0
9421 356
9422 218
9423 0
9424 0
9425 0
9426 0
9427 -352
9428 326
9429 -200
9430 0
9431 0
9432 0
9433 -436
9434 0
9435 -88
9436 0
9437 664
9438 -154
9439 0
9440 -20
9441 640
9442 -572
9443 344
9444 0
9445 476
9446 630
9447 0
9448 0
9449 0
9450 -334
9451 424
9452 -70
9453 64
9454 410
9455 416
9456 206
9457 0
9458 -704
9459 0
9460 -272
9461 380
9462 458
9463 -472
9464 0
9465 1008
9466 0
9467 -176
9468 422
9469 0
9470 -454
9471 440
9472 0
9473 0
9474 0
9475 -608
9476 74
9477 0
9478 0
9479 -200
9480 0
9481 112
9482 110
9483 0
9484 0
9485 -124
9486 0
9487 -352
9488 398
9489 0
9490 158
9491 0
9492 306
9493 320
9494 0
9495 0
9496 0
9497 -52
9498 -466
9499 0
9500 0
9501 16
9502 0
9503 -848
9504 -430
9505 0
9506 194
9507 0
9508 0
9509 0
9510 -32
9511 0
9512 -178
9513 0
9514 0
9515 520
9516 314
9517 0
9518 0
9519 0
9520 -239
9521 -56
9522 -448
9523 392
9524 0
9525 928
9526 364
9527 128
9528 -560
9529 -100
9530 448
9531 0
9532 -298
9533 0
9534 0
9535 0
9536 0
9537 188
9538 -32
9539 0
9540 458
9541 0
9542 448
9543 152
9544 0
9545 -436
9546 0
9547 -472
9548 0
9549 0
9550 26
9551 0
9552 -620
9553 -84
9554 290
9555 -64
9556 -368
9557 0
9558 -118
9559 0
9560 -704
9561 -244
9562 338
9563 -576
9564 0
9565 0
9566 -250
9567 0
9568 0
9569 0
9570 -352
9571 320
9572 -176
9573 0
9574 0
9575 -560
9576 -370
9577 -392
9578 0
9579 440
9580 0
9581 -220
9582 38
9583 136
9584 0
9585 476
9586 0
9587 0
9588 -262
9589 0
9590 0
9591 712
9592 -896
9593 -412
9594 0
9595 -472
9596 320
9597 0
9598 -64
9599 0
9600 146
9601 0
9602 0
9603 -56
9604 0
9605 88
9606 -406
9607 0
9608 -382
9609 0
9610 -46
9611 176
9612 0
9613 404
9614 0
9615 -344
9616 -94
9617 880
9618 -478
9619 0
9620 0
9621 476
9622 148
9623 0
9624 0
9625 -76
9626 -1120
9627 0
9628 0
9629 380
9630 326
9631 -400
9632 302
9633 0
9634 0
9635 232
9636 0
9637 0
9638 -202
9639 0
9640 688
9641 236
9642 398
9643 248
9644 0
9645 0
9646 -224
9647 -632
9648 -280
9649 0
9650 254
9651 -200
9652 0
9653 0
9654 640
9655 688
9656 0
9657 -460
9658 0
9659 0
9660 0
9661 72
9662 -58
9663 -440
9664 0
9665 -196
9666 0
9667 0
9668 -176
9669 0
9670 0
9671 -16
9672 0
9673 -200
9674 0
9675 -728
9676 266
9677 328
9678 0
9679 0
9680 -45
9681 0
9682 -64
9683 392
9684 0
9685 212
9686 0
9687 0
9688 482
9689 0
9690 0
9691 440
9692 362
9693 304
9694 0
9695 272
9696 -656
9697 0
9698 482
9699 0
9700 220
9701 164
9702 0
9703 -440
9704 0
9705 476
9706 206
9707 -88
9708 16
9709 0
9710 0
9711 0
9712 832
9713 160
9714 0
9715 0
9716 364
9717 -728
9718 278
9719 0
9720 -478
9721 0
9722 0
9723 0
9724 0
9725 0
9726 378
9727 -40
9728 -322
9729 0
9730 64
9731 896
9732 422
9733 0
9734 0
9735 -424
9736 386
9737 -320
9738 0
9739 0
9740 -454
9741 -416
9742 410
9743 0
9744 0
9745 712
9746 446
9747 0
9748 0
9749 0
9750 -224
9751 0
9752 320
9753 352
9754 -370
9755 0
9756 -406
9757 -148
9758 -358
9759 0
9760 532
9761 -484
9762 -478
9763 -472
9764 0
9765 -80
9766 0
9767 -448
9768 0
9769 0
9770 -210
9771 0
9772 0
9773 -536
9774 0
9775 0
9776 290
9777 0
9778 100
9779 320
9780 0
9781 -436
9782 470
9783 368
9784 0
9785 -484
9786 0
9787 -728
9788 0
9789 0
9790 -346
9791 -248
9792 0
9793 544
9794 0
9795 128
9796 0
9797 0
9798 458
9799 0
9800 400
9801 -448
9802 -320
9803 0
9804 -260
9805 476
9806 0
9807 360
9808 18
9809 0
9810 0
9811 504
9812 0
9813 280
9814 0
9815 0
9816 -226
9817 0
9818 -142
9819 0
9820 -22
9821 -484
9822 -704
9823 0
9824 0
9825 0
9826 0
9827 -472
9828 -92
9829 -680
9830 -126
9831 280
9832 0
9833 0
9834 0
9835 104
9836 16
9837 -268
9838 -454
9839 0
9840 0
9841 0
9842 482
9843 0
9844 0
9845 -848
9846 -214
9847 392
9848 -500
9849 0
9850 -32
9851 -376
9852 470
9853 68
9854 0
9855 0
9856 172
9857 0
9858 -478
9859 0
9860 -128
9861 476
9862 0
9863 0
9864 0
9865 0
9866 146
9867 -560
9868 122
9869 0
9870 422
9871 -248
9872 -418
9873 -484
9874 0
9875 -32
9876 0
9877 428
9878 736
9879 -280
9880 482
9881 0
9882 -188
9883 112
9884 0
9885 -880
9886 0
9887 0
9888 208
9889 0
9890 -94
9891 0
9892 896
9893 308
9894 0
9895 -8
9896 434
9897 592
9898 0
9899 0
9900 0
9901 -76
9902 0
9903 224
9904 50
9905 -920
9906 450
9907 -112
9908 0
9909 0
9910 -140
9911 -160
9912 -478
9913 0
9914 0
9915 0
9916 170
9917 112
9918 218
9919 0
9920 0
9921 224
9922 580
9923 488
9924 0
9925 0
9926 470
9927 1280
9928 0
9929 140
9930 -466
9931 0
9932 0
9933 0
9934 0
9935 488
9936 -370
9937 -80
9938 -322
9939 0
9940 -640
9941 -488
9942 0
9943 8
9944 0
9945 116
9946 0
9947 88
9948 -80
9949 0
9950 0
9951 -16
9952 -512
9953 0
9954 -190
9955 0
9956 0
9957 20
9958 0
9959 0
9960 268
9961 0
9962 736
9963 488
9964 0
9965 164
9966 -154
9967 -104
9968 482
9969 0
9970 -32
9971 0
9972 -298
9973 256
9974 0
9975 0
9976 0
9977 380
9978 0
9979 0
9980 0
9981 -484
9982 0
9983 896
9984 0
9985 832
9986 0
9987 -248
9988 -346
9989 0
9990 352
9991 136
9992 0
9993 0
9994 0
9995 -328
9996 -260
9997 0
9998 0
9999 0
10000 0









