1 1
2 1
3 1
4 2
5 1
6 2
7 1
8 3
9 2
10 2
11 1
12 4
13 1
14 2
15 2
16 5
17 1
18 4
19 1
20 4
21 2
22 2
23 1
24 7
25 2
26 2
27 3
28 4
29 1
30 5
31 1
32 7
33 2
34 2
35 2
36 9
37 1
38 2
39 2
40 7
41 1
42 5
43 1
44 4
45 4
46 2
47 1
48 12
49 2
50 4
51 2
52 4
53 1
54 7
55 2
56 7
57 2
58 2
59 1
60 11
61 1
62 2
63 4
64 11
65 2
66 5
67 1
68 4
69 2
70 5
71 1
72 16
73 1
74 2
75 4
76 4
77 2
78 5
79 1
80 12
81 5
82 2
83 1
84 11
85 2
86 2
87 2
88 7
89 1
90 11
91 2
92 4
93 2
94 2
95 2
96 19
97 1
98 4
99 4
100 9
101 1
102 5
103 1
104 7
105 5
106 2
107 1
108 16
109 1
110 5
111 2
112 12
113 1
114 5
115 2
116 4
117 4
118 2
119 2
120 21
121 2
122 2
123 2
124 4
125 3
126 11
127 1
128 15
129 2
130 5
131 1
132 11
133 2
134 2
135 7
136 7
137 1
138 5
139 1
140 11
141 2
142 2
143 2
144 29
145 2
146 2
147 4
148 4
149 1
150 11
151 1
152 7
153 4
154 5
155 2
156 11
157 1
158 2
159 2
160 19
161 2
162 12
163 1
164 4
165 5
166 2
167 1
168 21
169 2
170 5
171 4
172 4
173 1
174 5
175 4
176 12
177 2
178 2
179 1
180 26
181 1
182 5
183 2
184 7
185 2
186 5
187 2
188 4
189 7
190 5
191 1
192 30
193 1
194 2
195 5
196 9
197 1
198 11
199 1
200 16
201 2
202 2
203 2
204 11
205 2
206 2
207 4
208 12
209 2
210 15
211 1
212 4
213 2
214 2
215 2
216 31
217 2
218 2
219 2
220 11
221 2
222 5
223 1
224 19
225 9
226 2
227 1
228 11
229 1
230 5
231 5
232 7
233 1
234 11
235 2
236 4
237 2
238 5
239 1
240 38
241 1
242 4
243 7
244 4
245 4
246 5
247 2
248 7
249 2
250 7
251 1
252 26
253 2
254 2
255 5
256 22
257 1
258 5
259 2
260 11
261 4
262 2
263 1
264 21
265 2
266 5
267 2
268 4
269 1
270 21
271 1
272 12
273 5
274 2
275 4
276 11
277 1
278 2
279 4
280 21
281 1
282 5
283 1
284 4
285 5
286 5
287 2
288 47
289 2
290 5
291 2
292 4
293 1
294 11
295 2
296 7
297 7
298 2
299 2
300 26
301 2
302 2
303 2
304 12
305 2
306 11
307 1
308 11
309 2
310 5
311 1
312 21
313 1
314 2
315 11
316 4
317 1
318 5
319 2
320 30
321 2
322 5
323 2
324 29
325 4
326 2
327 2
328 7
329 2
330 15
331 1
332 4
333 4
334 2
335 2
336 38
337 1
338 4
339 2
340 11
341 2
342 11
343 3
344 7
345 5
346 2
347 1
348 11
349 1
350 11
351 7
352 19
353 1
354 5
355 2
356 4
357 5
358 2
359 1
360 52
361 2
362 2
363 4
364 11
365 2
366 5
367 1
368 12
369 4
370 5
371 2
372 11
373 1
374 5
375 7
376 7
377 2
378 21
379 1
380 11
381 2
382 2
383 1
384 45
385 5
386 2
387 4
388 4
389 1
390 15
391 2
392 16
393 2
394 2
395 2
396 26
397 1
398 2
399 5
400 29
401 1
402 5
403 2
404 4
405 12
406 5
407 2
408 21
409 1
410 5
411 2
412 4
413 2
414 11
415 2
416 19
417 2
418 5
419 1
420 36
421 1
422 2
423 4
424 7
425 4
426 5
427 2
428 4
429 5
430 5
431 1
432 57
433 1
434 5
435 5
436 4
437 2
438 5
439 1
440 21
441 9
442 5
443 1
444 11
445 2
446 2
447 2
448 30
449 1
450 26
451 2
452 4
453 2
454 2
455 5
456 21
457 1
458 2
459 7
460 11
461 1
462 15
463 1
464 12
465 5
466 2
467 1
468 26
469 2
470 5
471 2
472 7
473 2
474 5
475 4
476 11
477 4
478 2
479 1
480 64
481 2
482 2
483 5
484 9
485 2
486 19
487 1
488 7
489 2
490 11
491 1
492 11
493 2
494 5
495 11
496 12
497 2
498 5
499 1
500 16
501 2
502 2
503 1
504 52
505 2
506 5
507 4
508 4
509 1
510 15
511 2
512 30
513 7
514 2
515 2
516 11
517 2
518 5
519 2
520 21
521 1
522 11
523 1
524 4
525 11
526 2
527 2
528 38
529 2
530 5
531 4
532 11
533 2
534 5
535 2
536 7
537 2
538 2
539 4
540 52
541 1
542 2
543 2
544 19
545 2
546 15
547 1
548 4
549 4
550 11
551 2
552 21
553 2
554 2
555 5
556 4
557 1
558 11
559 2
560 38
561 5
562 2
563 1
564 11
565 2
566 2
567 12
568 7
569 1
570 15
571 1
572 11
573 2
574 5
575 4
576 77
577 1
578 4
579 2
580 11
581 2
582 5
583 2
584 7
585 11
586 2
587 1
588 26
589 2
590 5
591 2
592 12
593 1
594 21
595 5
596 4
597 2
598 5
599 1
600 52
601 1
602 5
603 4
604 4
605 4
606 5
607 1
608 19
609 5
610 5
611 2
612 26
613 1
614 2
615 5
616 21
617 1
618 5
619 1
620 11
621 7
622 2
623 2
624 38
625 5
626 2
627 5
628 4
629 2
630 36
631 1
632 7
633 2
634 2
635 2
636 11
637 4
638 5
639 4
640 45
641 1
642 5
643 1
644 11
645 5
646 5
647 1
648 57
649 2
650 11
651 5
652 4
653 1
654 5
655 2
656 12
657 4
658 5
659 1
660 36
661 1
662 2
663 5
664 7
665 5
666 11
667 2
668 4
669 2
670 5
671 2
672 64
673 1
674 2
675 16
676 9
677 1
678 5
679 2
680 21
681 2
682 5
683 1
684 26
685 2
686 7
687 2
688 12
689 2
690 15
691 1
692 4
693 11
694 2
695 2
696 21
697 2
698 2
699 2
700 26
701 1
702 21
703 2
704 30
705 5
706 2
707 2
708 11
709 1
710 5
711 4
712 7
713 2
714 15
715 5
716 4
717 2
718 2
719 1
720 98
721 2
722 4
723 2
724 4
725 4
726 11
727 1
728 21
729 11
730 5
731 2
732 11
733 1
734 2
735 11
736 19
737 2
738 11
739 1
740 11
741 5
742 5
743 1
744 21
745 2
746 2
747 4
748 11
749 2
750 21
751 1
752 12
753 2
754 5
755 2
756 52
757 1
758 2
759 5
760 21
761 1
762 5
763 2
764 4
765 11
766 2
767 2
768 67
769 1
770 15
771 2
772 4
773 1
774 11
775 4
776 7
777 5
778 2
779 2
780 36
781 2
782 5
783 7
784 29
785 2
786 5
787 1
788 4
789 2
790 5
791 2
792 52
793 2
794 2
795 5
796 4
797 1
798 15
799 2
800 47
801 4
802 2
803 2
804 11
805 5
806 5
807 2
808 7
809 1
810 38
811 1
812 11
813 2
814 5
815 2
816 38
817 2
818 2
819 11
820 11
821 1
822 5
823 1
824 7
825 11
826 5
827 1
828 26
829 1
830 5
831 2
832 30
833 4
834 5
835 2
836 11
837 7
838 2
839 1
840 74
841 2
842 2
843 2
844 4
845 4
846 11
847 4
848 12
849 2
850 11
851 2
852 11
853 1
854 5
855 11
856 7
857 1
858 15
859 1
860 11
861 5
862 2
863 1
864 97
865 2
866 2
867 4
868 11
869 2
870 15
871 2
872 7
873 4
874 5
875 7
876 11
877 1
878 2
879 2
880 38
881 1
882 26
883 1
884 11
885 5
886 2
887 1
888 21
889 2
890 5
891 12
892 4
893 2
894 5
895 2
896 45
897 5
898 2
899 2
900 66
901 2
902 5
903 5
904 7
905 2
906 5
907 1
908 4
909 4
910 15
911 1
912 38
913 2
914 2
915 5
916 4
917 2
918 21
919 1
920 21
921 2
922 2
923 2
924 36
925 4
926 2
927 4
928 19
929 1
930 15
931 4
932 4
933 2
934 2
935 5
936 52
937 1
938 5
939 2
940 11
941 1
942 5
943 2
944 12
945 21
946 5
947 1
948 11
949 2
950 11
951 2
952 21
953 1
954 11
955 2
956 4
957 5
958 2
959 2
960 105
961 2
962 5
963 4
964 4
965 2
966 15
967 1
968 16
969 5
970 5
971 1
972 47
973 2
974 2
975 11
976 12
977 1
978 5
979 2
980 26
981 4
982 2
983 1
984 21
985 2
986 5
987 5
988 11
989 2
990 36
991 1
992 19
993 2
994 5
995 2
996 11
997 1
998 2
999 7
1000 31
1001 5
1002 5
1003 2
1004 4
1005 5
1006 2
1007 2
1008 98
1009 1
1010 5
1011 2
1012 11
1013 1
1014 11
1015 5
1016 7
1017 4
1018 2
1019 1
1020 36
1021 1
1022 5
1023 5
1024 42
1025 4
1026 21
1027 2
1028 4
1029 7
1030 5
1031 1
1032 21
1033 1
1034 5
1035 11
1036 11
1037 2
1038 5
1039 1
1040 38
1041 2
1042 2
1043 2
1044 26
1045 5
1046 2
1047 2
1048 7
1049 1
1050 36
1051 1
1052 4
1053 12
1054 5
1055 2
1056 64
1057 2
1058 4
1059 2
1060 11
1061 1
1062 11
1063 1
1064 21
1065 5
1066 5
1067 2
1068 11
1069 1
1070 5
1071 11
1072 12
1073 2
1074 5
1075 4
1076 4
1077 2
1078 11
1079 2
1080 109
1081 2
1082 2
1083 4
1084 4
1085 5
1086 5
1087 1
1088 30
1089 9
1090 5
1091 1
1092 36
1093 1
1094 2
1095 5
1096 7
1097 1
1098 11
1099 2
1100 26
1101 2
1102 5
1103 1
1104 38
1105 5
1106 5
1107 7
1108 4
1109 1
1110 15
1111 2
1112 7
1113 5
1114 2
1115 2
1116 26
1117 1
1118 5
1119 2
1120 64
1121 2
1122 15
1123 1
1124 4
1125 16
1126 2
1127 4
1128 21
1129 1
1130 5
1131 5
1132 4
1133 2
1134 38
1135 2
1136 12
1137 2
1138 2
1139 2
1140 36
1141 2
1142 2
1143 4
1144 21
1145 2
1146 5
1147 2
1148 11
1149 2
1150 11
1151 1
1152 118
1153 1
1154 2
1155 15
1156 9
1157 2
1158 5
1159 2
1160 21
1161 7
1162 5
1163 1
1164 11
1165 2
1166 5
1167 2
1168 12
1169 2
1170 36
1171 1
1172 4
1173 5
1174 2
1175 4
1176 52
1177 2
1178 5
1179 4
1180 11
1181 1
1182 5
1183 4
1184 19
1185 5
1186 2
1187 1
1188 52
1189 2
1190 15
1191 2
1192 7
1193 1
1194 5
1195 2
1196 11
1197 11
1198 2
1199 2
1200 98
1201 1
1202 2
1203 2
1204 11
1205 2
1206 11
1207 2
1208 7
1209 5
1210 11
1211 2
1212 11
1213 1
1214 2
1215 19
1216 30
1217 1
1218 15
1219 2
1220 11
1221 5
1222 5
1223 1
1224 52
1225 9
1226 2
1227 2
1228 4
1229 1
1230 15
1231 1
1232 38
1233 4
1234 2
1235 5
1236 11
1237 1
1238 2
1239 5
1240 21
1241 2
1242 21
1243 2
1244 4
1245 5
1246 5
1247 2
1248 64
1249 1
1250 12
1251 4
1252 4
1253 2
1254 15
1255 2
1256 7
1257 2
1258 5
1259 1
1260 92
1261 2
1262 2
1263 2
1264 12
1265 5
1266 5
1267 2
1268 4
1269 7
1270 5
1271 2
1272 21
1273 2
1274 11
1275 11
1276 11
1277 1
1278 11
1279 1
1280 67
1281 5
1282 2
1283 1
1284 11
1285 2
1286 2
1287 11
1288 21
1289 1
1290 15
1291 1
1292 11
1293 2
1294 2
1295 5
1296 109
1297 1
1298 5
1299 2
1300 26
1301 1
1302 15
1303 1
1304 7
1305 11
1306 2
1307 1
1308 11
1309 5
1310 5
1311 5
1312 19
1313 2
1314 11
1315 2
1316 11
1317 2
1318 2
1319 1
1320 74
1321 1
1322 2
1323 16
1324 4
1325 4
1326 15
1327 1
1328 12
1329 2
1330 15
1331 3
1332 26
1333 2
1334 5
1335 5
1336 7
1337 2
1338 5
1339 2
1340 11
1341 4
1342 5
1343 2
1344 105
1345 2
1346 2
1347 2
1348 4
1349 2
1350 52
1351 2
1352 16
1353 5
1354 2
1355 2
1356 11
1357 2
1358 5
1359 4
1360 38
1361 1
1362 5
1363 2
1364 11
1365 15
1366 2
1367 1
1368 52
1369 2
1370 5
1371 2
1372 16
1373 1
1374 5
1375 7
1376 19
1377 12
1378 5
1379 2
1380 36
1381 1
1382 2
1383 2
1384 7
1385 2
1386 36
1387 2
1388 4
1389 2
1390 5
1391 2
1392 38
1393 2
1394 5
1395 11
1396 4
1397 2
1398 5
1399 1
1400 52
1401 2
1402 2
1403 2
1404 52
1405 2
1406 5
1407 5
1408 45
1409 1
1410 15
1411 2
1412 4
1413 4
1414 5
1415 2
1416 21
1417 2
1418 2
1419 5
1420 11
1421 4
1422 11
1423 1
1424 12
1425 11
1426 5
1427 1
1428 36
1429 1
1430 15
1431 7
1432 7
1433 1
1434 5
1435 5
1436 4
1437 2
1438 2
1439 1
1440 171
1441 2
1442 5
1443 5
1444 9
1445 4
1446 5
1447 1
1448 7
1449 11
1450 11
1451 1
1452 26
1453 1
1454 2
1455 5
1456 38
1457 2
1458 30
1459 1
1460 11
1461 2
1462 5
1463 5
1464 21
1465 2
1466 2
1467 4
1468 4
1469 2
1470 36
1471 1
1472 30
1473 2
1474 5
1475 4
1476 26
1477 2
1478 2
1479 5
1480 21
1481 1
1482 15
1483 1
1484 11
1485 21
1486 2
1487 1
1488 38
1489 1
1490 5
1491 5
1492 4
1493 1
1494 11
1495 5
1496 21
1497 2
1498 5
1499 1
1500 52
1501 2
1502 2
1503 4
1504 19
1505 5
1506 5
1507 2
1508 11
1509 2
1510 5
1511 1
1512 109
1513 2
1514 2
1515 5
1516 4
1517 2
1518 15
1519 4
1520 38
1521 9
1522 2
1523 1
1524 11
1525 4
1526 5
1527 2
1528 7
1529 2
1530 36
1531 1
1532 4
1533 5
1534 5
1535 2
1536 97
1537 2
1538 2
1539 12
1540 36
1541 2
1542 5
1543 1
1544 7
1545 5
1546 2
1547 5
1548 26
1549 1
1550 11
1551 5
1552 12
1553 1
1554 15
1555 2
1556 4
1557 4
1558 5
1559 1
1560 74
1561 2
1562 5
1563 2
1564 11
1565 2
1566 21
1567 1
1568 47
1569 2
1570 5
1571 1
1572 11
1573 4
1574 2
1575 26
1576 7
1577 2
1578 5
1579 1
1580 11
1581 5
1582 5
1583 1
1584 98
1585 2
1586 5
1587 4
1588 4
1589 2
1590 15
1591 2
1592 7
1593 7
1594 2
1595 5
1596 36
1597 1
1598 5
1599 5
1600 77
1601 1
1602 11
1603 2
1604 4
1605 5
1606 5
1607 1
1608 21
1609 1
1610 15
1611 4
1612 11
1613 1
1614 5
1615 5
1616 12
1617 11
1618 2
1619 1
1620 98
1621 1
1622 2
1623 2
1624 21
1625 7
1626 5
1627 1
1628 11
1629 4
1630 5
1631 2
1632 64
1633 2
1634 5
1635 5
1636 4
1637 1
1638 36
1639 2
1640 21
1641 2
1642 2
1643 2
1644 11
1645 5
1646 2
1647 7
1648 12
1649 2
1650 36
1651 2
1652 11
1653 5
1654 2
1655 2
1656 52
1657 1
1658 2
1659 5
1660 11
1661 2
1662 5
1663 1
1664 45
1665 11
1666 11
1667 1
1668 11
1669 1
1670 5
1671 2
1672 21
1673 2
1674 21
1675 4
1676 4
1677 5
1678 2
1679 2
1680 141
1681 2
1682 4
1683 11
1684 4
1685 2
1686 5
1687 2
1688 7
1689 2
1690 11
1691 2
1692 26
1693 1
1694 11
1695 5
1696 19
1697 1
1698 5
1699 1
1700 26
1701 19
1702 5
1703 2
1704 21
1705 5
1706 2
1707 2
1708 11
1709 1
1710 36
1711 2
1712 12
1713 2
1714 2
1715 7
1716 36
1717 2
1718 2
1719 4
1720 21
1721 1
1722 15
1723 1
1724 4
1725 11
1726 2
1727 2
1728 162
1729 5
1730 5
1731 2
1732 4
1733 1
1734 11
1735 2
1736 21
1737 4
1738 5
1739 2
1740 36
1741 1
1742 5
1743 5
1744 12
1745 2
1746 11
1747 1
1748 11
1749 5
1750 21
1751 2
1752 21
1753 1
1754 2
1755 21
1756 4
1757 2
1758 5
1759 1
1760 64
1761 2
1762 2
1763 2
1764 66
1765 2
1766 2
1767 5
1768 21
1769 2
1770 15
1771 5
1772 4
1773 4
1774 2
1775 4
1776 38
1777 1
1778 5
1779 2
1780 11
1781 2
1782 38
1783 1
1784 7
1785 15
1786 5
1787 1
1788 11
1789 1
1790 5
1791 4
1792 67
1793 2
1794 15
1795 2
1796 4
1797 2
1798 5
1799 2
1800 137
1801 1
1802 5
1803 2
1804 11
1805 4
1806 15
1807 2
1808 12
1809 7
1810 5
1811 1
1812 11
1813 4
1814 2
1815 11
1816 7
1817 2
1818 11
1819 2
1820 36
1821 2
1822 2
1823 1
1824 64
1825 4
1826 5
1827 11
1828 4
1829 2
1830 15
1831 1
1832 7
1833 5
1834 5
1835 2
1836 52
1837 2
1838 2
1839 2
1840 38
1841 2
1842 5
1843 2
1844 4
1845 11
1846 5
1847 1
1848 74
1849 2
1850 11
1851 2
1852 4
1853 2
1854 11
1855 5
1856 30
1857 2
1858 2
1859 4
1860 36
1861 1
1862 11
1863 12
1864 7
1865 2
1866 5
1867 1
1868 4
1869 5
1870 15
1871 1
1872 98
1873 1
1874 2
1875 12
1876 11
1877 1
1878 5
1879 1
1880 21
1881 11
1882 2
1883 2
1884 11
1885 5
1886 5
1887 5
1888 19
1889 1
1890 74
1891 2
1892 11
1893 2
1894 2
1895 2
1896 21
1897 2
1898 5
1899 4
1900 26
1901 1
1902 5
1903 2
1904 38
1905 5
1906 2
1907 1
1908 26
1909 2
1910 5
1911 11
1912 7
1913 1
1914 15
1915 2
1916 4
1917 7
1918 5
1919 2
1920 165
1921 2
1922 4
1923 2
1924 11
1925 11
1926 11
1927 2
1928 7
1929 2
1930 5
1931 1
1932 36
1933 1
1934 2
1935 11
1936 29
1937 2
1938 15
1939 2
1940 11
1941 2
1942 2
1943 2
1944 97
1945 2
1946 5
1947 5
1948 4
1949 1
1950 36
1951 1
1952 19
1953 11
1954 2
1955 5
1956 11
1957 2
1958 5
1959 2
1960 52
1961 2
1962 11
1963 2
1964 4
1965 5
1966 2
1967 2
1968 38
1969 2
1970 5
1971 7
1972 11
1973 1
1974 15
1975 4
1976 21
1977 2
1978 5
1979 1
1980 92
1981 2
1982 2
1983 2
1984 30
1985 2
1986 5
1987 1
1988 11
1989 11
1990 5
1991 2
1992 21
1993 1
1994 2
1995 15
1996 4
1997 1
1998 21
1999 1
2000 57
2001 5
2002 15
2003 1
2004 11
2005 2
2006 5
2007 4
2008 7
2009 4
2010 15
2011 1
2012 4
2013 5
2014 5
2015 5
2016 171
2017 1
2018 2
2019 2
2020 11
2021 2
2022 5
2023 4
2024 21
2025 29
2026 2
2027 1
2028 26
2029 1
2030 15
2031 2
2032 12
2033 2
2034 11
2035 5
2036 4
2037 5
2038 2
2039 1
2040 74
2041 2
2042 2
2043 4
2044 11
2045 2
2046 15
2047 2
2048 56
2049 2
2050 11
2051 2
2052 52
2053 1
2054 5
2055 5
2056 7
2057 4
2058 21
2059 2
2060 11
2061 4
2062 2
2063 1
2064 38
2065 5
2066 2
2067 5
2068 11
2069 1
2070 36
2071 2
2072 21
2073 2
2074 5
2075 4
2076 11
2077 2
2078 2
2079 21
2080 64
2081 1
2082 5
2083 1
2084 4
2085 5
2086 5
2087 1
2088 52
2089 1
2090 15
2091 5
2092 4
2093 5
2094 5
2095 2
2096 12
2097 4
2098 2
2099 1
2100 92
2101 2
2102 2
2103 2
2104 7
2105 2
2106 38
2107 4
2108 11
2109 5
2110 5
2111 1
2112 105
2113 1
2114 5
2115 11
2116 9
2117 2
2118 5
2119 2
2120 21
2121 5
2122 2
2123 2
2124 26
2125 7
2126 2
2127 2
2128 38
2129 1
2130 15
2131 1
2132 11
2133 7
2134 5
2135 5
2136 21
2137 1
2138 2
2139 5
2140 11
2141 1
2142 36
2143 1
2144 19
2145 15
2146 5
2147 2
2148 11
2149 2
2150 11
2151 4
2152 7
2153 1
2154 5
2155 2
2156 26
2157 2
2158 5
2159 2
2160 212
2161 1
2162 5
2163 5
2164 4
2165 2
2166 11
2167 2
2168 7
2169 4
2170 15
2171 2
2172 11
2173 2
2174 2
2175 11
2176 45
2177 2
2178 26
2179 1
2180 11
2181 2
2182 2
2183 2
2184 74
2185 5
2186 2
2187 15
2188 4
2189 2
2190 15
2191 2
2192 12
2193 5
2194 2
2195 2
2196 26
2197 3
2198 5
2199 2
2200 52
2201 2
2202 5
2203 1
2204 11
2205 26
2206 2
2207 1
2208 64
2209 2
2210 15
2211 5
2212 11
2213 1
2214 21
2215 2
2216 7
2217 2
2218 2
2219 2
2220 36
2221 1
2222 5
2223 11
2224 12
2225 4
2226 15
2227 2
2228 4
2229 2
2230 5
2231 2
2232 52
2233 5
2234 2
2235 5
2236 11
2237 1
2238 5
2239 1
2240 105
2241 7
2242 5
2243 1
2244 36
2245 2
2246 2
2247 5
2248 7
2249 2
2250 52
2251 1
2252 4
2253 2
2254 11
2255 5
2256 38
2257 2
2258 2
2259 4
2260 11
2261 5
2262 15
2263 2
2264 7
2265 5
2266 5
2267 1
2268 98
2269 1
2270 5
2271 2
2272 19
2273 1
2274 5
2275 11
2276 4
2277 11
2278 5
2279 2
2280 74
2281 1
2282 5
2283 2
2284 4
2285 2
2286 11
2287 1
2288 38
2289 5
2290 5
2291 2
2292 11
2293 1
2294 5
2295 21
2296 21
2297 1
2298 5
2299 4
2300 26
2301 5
2302 2
2303 4
2304 181
2305 2
2306 2
2307 2
2308 4
2309 1
2310 52
2311 1
2312 16
2313 4
2314 5
2315 2
2316 11
2317 2
2318 5
2319 2
2320 38
2321 2
2322 21
2323 2
2324 11
2325 11
2326 2
2327 2
2328 21
2329 2
2330 5
2331 11
2332 11
2333 1
2334 5
2335 2
2336 19
2337 5
2338 5
2339 1
2340 92
2341 1
2342 2
2343 5
2344 7
2345 5
2346 15
2347 1
2348 4
2349 12
2350 11
2351 1
2352 98
2353 2
2354 5
2355 5
2356 11
2357 1
2358 11
2359 2
2360 21
2361 2
2362 2
2363 2
2364 11
2365 5
2366 11
2367 4
2368 30
2369 2
2370 15
2371 1
2372 4
2373 5
2374 2
2375 7
2376 109
2377 1
2378 5
2379 5
2380 36
2381 1
2382 5
2383 1
2384 12
2385 11
2386 2
2387 5
2388 11
2389 1
2390 5
2391 2
2392 21
2393 1
2394 36
2395 2
2396 4
2397 5
2398 5
2399 1
2400 171
2401 5
2402 2
2403 7
2404 4
2405 5
2406 5
2407 2
2408 21
2409 5
2410 5
2411 1
2412 26
2413 2
2414 5
2415 15
2416 12
2417 1
2418 15
2419 2
2420 26
2421 4
2422 5
2423 1
2424 21
2425 4
2426 2
2427 2
2428 4
2429 2
2430 64
2431 5
2432 45
2433 2
2434 2
2435 2
2436 36
2437 1
2438 5
2439 4
2440 21
2441 1
2442 15
2443 2
2444 11
2445 5
2446 2
2447 1
2448 98
2449 2
2450 26
2451 5
2452 4
2453 2
2454 5
2455 2
2456 7
2457 21
2458 2
2459 1
2460 36
2461 2
2462 2
2463 2
2464 64
2465 5
2466 11
2467 1
2468 4
2469 2
2470 15
2471 2
2472 21
2473 1
2474 2
2475 26
2476 4
2477 1
2478 15
2479 2
2480 38
2481 2
2482 5
2483 2
2484 52
2485 5
2486 5
2487 2
2488 7
2489 2
2490 15
2491 2
2492 11
2493 4
2494 5
2495 2
2496 105
2497 2
2498 2
2499 11
2500 29
2501 2
2502 11
2503 1
2504 7
2505 5
2506 5
2507 2
2508 36
2509 2
2510 5
2511 12
2512 12
2513 2
2514 5
2515 2
2516 11
2517 2
2518 2
2519 2
2520 198
2521 1
2522 5
2523 4
2524 4
2525 4
2526 5
2527 4
2528 19
2529 4
2530 15
2531 1
2532 11
2533 2
2534 5
2535 11
2536 7
2537 2
2538 21
2539 1
2540 11
2541 11
2542 5
2543 1
2544 38
2545 2
2546 5
2547 4
2548 26
2549 1
2550 36
2551 1
2552 21
2553 5
2554 2
2555 5
2556 26
2557 1
2558 2
2559 2
2560 97
2561 2
2562 15
2563 2
2564 4
2565 21
2566 2
2567 2
2568 21
2569 2
2570 5
2571 2
2572 4
2573 2
2574 36
2575 4
2576 38
2577 2
2578 2
2579 1
2580 36
2581 2
2582 2
2583 11
2584 21
2585 5
2586 5
2587 2
2588 4
2589 2
2590 15
2591 1
2592 189
2593 1
2594 2
2595 5
2596 11
2597 4
2598 5
2599 2
2600 52
2601 9
2602 2
2603 2
2604 36
2605 2
2606 2
2607 5
2608 12
2609 1
2610 36
2611 2
2612 4
2613 5
2614 2
2615 2
2616 21
2617 1
2618 15
2619 7
2620 11
2621 1
2622 15
2623 2
2624 30
2625 21
2626 5
2627 2
2628 26
2629 2
2630 5
2631 2
2632 21
2633 1
2634 5
2635 5
2636 4
2637 4
2638 2
2639 5
2640 141
2641 2
2642 2
2643 2
2644 4
2645 4
2646 52
2647 1
2648 7
2649 2
2650 11
2651 2
2652 36
2653 2
2654 2
2655 11
2656 19
2657 1
2658 5
2659 1
2660 36
2661 2
2662 7
2663 1
2664 52
2665 5
2666 5
2667 5
2668 11
2669 2
2670 15
2671 1
2672 12
2673 19
2674 5
2675 4
2676 11
2677 1
2678 5
2679 5
2680 21
2681 2
2682 11
2683 1
2684 11
2685 5
2686 5
2687 1
2688 165
2689 1
2690 5
2691 11
2692 4
2693 1
2694 5
2695 11
2696 7
2697 5
2698 5
2699 1
2700 137
2701 2
2702 5
2703 5
2704 29
2705 2
2706 15
2707 1
2708 4
2709 11
2710 5
2711 1
2712 21
2713 1
2714 5
2715 5
2716 11
2717 5
2718 11
2719 1
2720 64
2721 2
2722 2
2723 2
2724 11
2725 4
2726 5
2727 7
2728 21
2729 1
2730 52
2731 1
2732 4
2733 2
2734 2
2735 2
2736 98
2737 5
2738 4
2739 5
2740 11
2741 1
2742 5
2743 2
2744 31
2745 11
2746 2
2747 2
2748 11
2749 1
2750 21
2751 5
2752 30
2753 1
2754 38
2755 5
2756 11
2757 2
2758 5
2759 2
2760 74
2761 2
2762 2
2763 4
2764 4
2765 5
2766 5
2767 1
2768 12
2769 5
2770 5
2771 2
2772 92
2773 2
2774 5
2775 11
2776 7
2777 1
2778 5
2779 2
2780 11
2781 7
2782 5
2783 4
2784 64
2785 2
2786 5
2787 2
2788 11
2789 1
2790 36
2791 1
2792 7
2793 11
2794 5
2795 5
2796 11
2797 1
2798 2
2799 4
2800 98
2801 1
2802 5
2803 1
2804 4
2805 15
2806 5
2807 2
2808 109
2809 2
2810 5
2811 2
2812 11
2813 2
2814 15
2815 2
2816 67
2817 4
2818 2
2819 1
2820 36
2821 5
2822 5
2823 2
2824 7
2825 4
2826 11
2827 2
2828 11
2829 5
2830 5
2831 2
2832 38
2833 1
2834 5
2835 38
2836 4
2837 1
2838 15
2839 2
2840 21
2841 2
2842 11
2843 1
2844 26
2845 2
2846 2
2847 5
2848 19
2849 5
2850 36
2851 1
2852 11
2853 4
2854 2
2855 2
2856 74
2857 1
2858 2
2859 2
2860 36
2861 1
2862 21
2863 2
2864 12
2865 5
2866 2
2867 2
2868 11
2869 2
2870 15
2871 11
2872 7
2873 4
2874 5
2875 7
2876 4
2877 5
2878 2
2879 1
2880 289
2881 2
2882 5
2883 4
2884 11
2885 2
2886 15
2887 1
2888 16
2889 7
2890 11
2891 4
2892 11
2893 2
2894 2
2895 5
2896 12
2897 1
2898 36
2899 2
2900 26
2901 2
2902 2
2903 1
2904 52
2905 5
2906 2
2907 11
2908 4
2909 1
2910 15
2911 2
2912 64
2913 2
2914 5
2915 5
2916 77
2917 1
2918 2
2919 5
2920 21
2921 2
2922 5
2923 2
2924 11
2925 26
2926 15
2927 1
2928 38
2929 2
2930 5
2931 2
2932 4
2933 2
2934 11
2935 2
2936 7
2937 5
2938 5
2939 1
2940 92
2941 2
2942 2
2943 7
2944 45
2945 5
2946 5
2947 2
2948 11
2949 2
2950 11
2951 2
2952 52
2953 1
2954 5
2955 5
2956 4
2957 1
2958 15
2959 2
2960 38
2961 11
2962 2
2963 1
2964 36
2965 2
2966 2
2967 5
2968 21
2969 1
2970 74
2971 1
2972 4
2973 2
2974 2
2975 11
2976 64
2977 2
2978 2
2979 4
2980 11
2981 2
2982 15
2983 2
2984 7
2985 5
2986 2
2987 2
2988 26
2989 4
2990 15
2991 2
2992 38
2993 2
2994 5
2995 2
2996 11
2997 12
2998 2
2999 1
3000 109
3001 1
3002 5
3003 15
3004 4
3005 2
3006 11
3007 2
3008 30
3009 5
3010 15
3011 1
3012 11
3013 2
3014 5
3015 11
3016 21
3017 2
3018 5
3019 1
3020 11
3021 5
3022 2
3023 1
3024 212
3025 9
3026 5
3027 2
3028 4
3029 2
3030 15
3031 2
3032 7
3033 4
3034 5
3035 2
3036 36
3037 1
3038 11
3039 2
3040 64
3041 1
3042 26
3043 2
3044 4
3045 15
3046 2
3047 2
3048 21
3049 1
3050 11
3051 7
3052 11
3053 2
3054 5
3055 5
3056 12
3057 2
3058 5
3059 5
3060 92
3061 1
3062 2
3063 2
3064 7
3065 2
3066 15
3067 1
3068 11
3069 11
3070 5
3071 2
3072 139
3073 2
3074 5
3075 11
3076 4
3077 2
3078 38
3079 1
3080 74
3081 5
3082 5
3083 1
3084 11
3085 2
3086 2
3087 16
3088 12
3089 1
3090 15
3091 2
3092 4
3093 2
3094 15
3095 2
3096 52
3097 2
3098 2
3099 2
3100 26
3101 2
3102 15
3103 2
3104 19
3105 21
3106 2
3107 2
3108 36
3109 1
3110 5
3111 5
3112 7
3113 2
3114 11
3115 5
3116 11
3117 2
3118 2
3119 1
3120 141
3121 1
3122 5
3123 4
3124 11
3125 7
3126 5
3127 2
3128 21
3129 5
3130 5
3131 2
3132 52
3133 2
3134 2
3135 15
3136 77
3137 1
3138 5
3139 2
3140 11
3141 4
3142 2
3143 2
3144 21
3145 5
3146 11
3147 2
3148 4
3149 2
3150 92
3151 2
3152 12
3153 2
3154 5
3155 2
3156 11
3157 5
3158 2
3159 19
3160 21
3161 2
3162 15
3163 1
3164 11
3165 5
3166 2
3167 1
3168 171
3169 1
3170 5
3171 5
3172 11
3173 2
3174 11
3175 4
3176 7
3177 4
3178 5
3179 4
3180 36
3181 1
3182 5
3183 2
3184 12
3185 11
3186 21
3187 1
3188 4
3189 2
3190 15
3191 1
3192 74
3193 2
3194 2
3195 11
3196 11
3197 2
3198 15
3199 2
3200 118
3201 5
3202 2
3203 1
3204 26
3205 2
3206 5
3207 2
3208 7
3209 1
3210 15
3211 4
3212 11
3213 21
3214 2
3215 2
3216 38
3217 1
3218 2
3219 5
3220 36
3221 1
3222 11
3223 2
3224 21
3225 11
3226 2
3227 2
3228 11
3229 1
3230 15
3231 4
3232 19
3233 2
3234 36
3235 2
3236 4
3237 5
3238 2
3239 2
3240 212
3241 2
3242 2
3243 5
3244 4
3245 5
3246 5
3247 2
3248 38
3249 9
3250 21
3251 1
3252 11
3253 1
3254 2
3255 15
3256 21
3257 1
3258 11
3259 1
3260 11
3261 2
3262 5
3263 2
3264 105
3265 2
3266 5
3267 16
3268 11
3269 2
3270 15
3271 1
3272 7
3273 2
3274 2
3275 4
3276 92
3277 2
3278 5
3279 2
3280 38
3281 2
3282 5
3283 4
3284 4
3285 11
3286 5
3287 2
3288 21
3289 5
3290 15
3291 2
3292 4
3293 2
3294 21
3295 2
3296 19
3297 5
3298 5
3299 1
3300 92
3301 1
3302 5
3303 4
3304 21
3305 2
3306 15
3307 1
3308 4
3309 2
3310 5
3311 5
3312 98
3313 1
3314 2
3315 15
3316 4
3317 2
3318 15
3319 1
3320 21
3321 12
3322 5
3323 1
3324 11
3325 11
3326 2
3327 2
3328 67
3329 1
3330 36
3331 1
3332 26
3333 5
3334 2
3335 5
3336 21
3337 2
3338 2
3339 11
3340 11
3341 2
3342 5
3343 1
3344 38
3345 5
3346 5
3347 1
3348 52
3349 2
3350 11
3351 2
3352 7
3353 2
3354 15
3355 5
3356 4
3357 4
3358 5
3359 1
3360 250
3361 1
3362 4
3363 5
3364 9
3365 2
3366 36
3367 5
3368 7
3369 2
3370 5
3371 1
3372 11
3373 1
3374 5
3375 31
3376 12
3377 2
3378 5
3379 2
3380 26
3381 11
3382 5
3383 2
3384 52
3385 2
3386 2
3387 2
3388 26
3389 1
3390 15
3391 1
3392 30
3393 11
3394 2
3395 5
3396 11
3397 2
3398 2
3399 5
3400 52
3401 2
3402 64
3403 2
3404 11
3405 5
3406 5
3407 1
3408 38
3409 2
3410 15
3411 4
3412 4
3413 1
3414 5
3415 2
3416 21
3417 5
3418 2
3419 2
3420 92
3421 2
3422 5
3423 5
3424 19
3425 4
3426 5
3427 2
3428 4
3429 7
3430 21
3431 2
3432 74
3433 1
3434 5
3435 5
3436 4
3437 2
3438 11
3439 2
3440 38
3441 5
3442 2
3443 2
3444 36
3445 5
3446 2
3447 4
3448 7
3449 1
3450 36
3451 5
3452 4
3453 2
3454 5
3455 2
3456 257
3457 1
3458 15
3459 2
3460 11
3461 1
3462 5
3463 1
3464 7
3465 36
3466 2
3467 1
3468 26
3469 1
3470 5
3471 5
3472 38
3473 2
3474 11
3475 4
3476 11
3477 5
3478 5
3479 4
3480 74
3481 2
3482 2
3483 12
3484 11
3485 5
3486 15
3487 2
3488 19
3489 2
3490 5
3491 1
3492 26
3493 2
3494 2
3495 5
3496 21
3497 2
3498 15
3499 1
3500 52
3501 4
3502 5
3503 2
3504 38
3505 2
3506 2
3507 5
3508 4
3509 4
3510 74
3511 1
3512 7
3513 2
3514 5
3515 5
3516 11
3517 1
3518 2
3519 11
3520 105
3521 2
3522 5
3523 2
3524 4
3525 11
3526 5
3527 1
3528 137
3529 1
3530 5
3531 5
3532 4
3533 1
3534 15
3535 5
3536 38
3537 7
3538 5
3539 1
3540 36
3541 1
3542 15
3543 2
3544 7
3545 2
3546 11
3547 1
3548 4
3549 11
3550 11
3551 2
3552 64
3553 5
3554 2
3555 11
3556 11
3557 1
3558 5
3559 1
3560 21
3561 2
3562 5
3563 2
3564 98
3565 5
3566 2
3567 5
3568 12
3569 2
3570 52
3571 1
3572 11
3573 4
3574 2
3575 11
3576 21
3577 4
3578 2
3579 2
3580 11
3581 1
3582 11
3583 1
3584 97
3585 5
3586 5
3587 2
3588 36
3589 2
3590 5
3591 21
3592 7
3593 1
3594 5
3595 2
3596 11
3597 5
3598 5
3599 2
3600 269
3601 2
3602 2
3603 2
3604 11
3605 5
3606 5
3607 1
3608 21
3609 4
3610 11
3611 2
3612 36
3613 1
3614 5
3615 5
3616 19
3617 1
3618 21
3619 5
3620 11
3621 5
3622 2
3623 1
3624 21
3625 7
3626 11
3627 11
3628 4
3629 2
3630 36
3631 1
3632 12
3633 5
3634 5
3635 2
3636 26
3637 1
3638 5
3639 2
3640 74
3641 2
3642 5
3643 1
3644 4
3645 30
3646 2
3647 2
3648 105
3649 2
3650 11
3651 2
3652 11
3653 2
3654 36
3655 5
3656 7
3657 5
3658 5
3659 1
3660 36
3661 2
3662 2
3663 11
3664 12
3665 2
3666 15
3667 2
3668 11
3669 2
3670 5
3671 1
3672 109
3673 1
3674 5
3675 26
3676 4
3677 1
3678 5
3679 2
3680 64
3681 4
3682 5
3683 2
3684 11
3685 5
3686 5
3687 2
3688 7
3689 5
3690 36
3691 1
3692 11
3693 2
3694 2
3695 2
3696 141
3697 1
3698 4
3699 7
3700 26
3701 1
3702 5
3703 4
3704 7
3705 15
3706 5
3707 2
3708 26
3709 1
3710 15
3711 2
3712 45
3713 2
3714 5
3715 2
3716 4
3717 11
3718 11
3719 1
3720 74
3721 2
3722 2
3723 5
3724 26
3725 4
3726 38
3727 1
3728 12
3729 5
3730 5
3731 5
3732 11
3733 1
3734 2
3735 11
3736 7
3737 2
3738 15
3739 1
3740 36
3741 5
3742 2
3743 2
3744 171
3745 5
3746 2
3747 2
3748 4
3749 2
3750 38
3751 4
3752 21
3753 7
3754 2
3755 2
3756 11
3757 4
3758 2
3759 5
3760 38
3761 1
3762 36
3763 2
3764 4
3765 5
3766 5
3767 1
3768 21
3769 1
3770 15
3771 4
3772 11
3773 7
3774 15
3775 4
3776 30
3777 2
3778 2
3779 1
3780 198
3781 2
3782 5
3783 5
3784 21
3785 2
3786 5
3787 2
3788 4
3789 4
3790 5
3791 2
3792 38
3793 1
3794 5
3795 15
3796 11
3797 1
3798 11
3799 2
3800 52
3801 5
3802 2
3803 1
3804 11
3805 2
3806 5
3807 12
3808 64
3809 2
3810 15
3811 2
3812 4
3813 5
3814 2
3815 5
3816 52
3817 2
3818 5
3819 5
3820 11
3821 1
3822 36
3823 1
3824 12
3825 26
3826 2
3827 2
3828 36
3829 2
3830 5
3831 2
3832 7
3833 1
3834 21
3835 5
3836 11
3837 2
3838 5
3839 2
3840 254
3841 2
3842 5
3843 11
3844 9
3845 2
3846 5
3847 1
3848 21
3849 2
3850 36
3851 1
3852 26
3853 1
3854 5
3855 5
3856 12
3857 5
3858 5
3859 2
3860 11
3861 21
3862 2
3863 1
3864 74
3865 2
3866 2
3867 2
3868 4
3869 2
3870 36
3871 4
3872 47
3873 2
3874 5
3875 7
3876 36
3877 1
3878 5
3879 4
3880 21
3881 1
3882 5
3883 2
3884 4
3885 15
3886 5
3887 4
3888 189
3889 1
3890 5
3891 2
3892 11
3893 2
3894 15
3895 5
3896 7
3897 4
3898 2
3899 2
3900 92
3901 2
3902 2
3903 2
3904 30
3905 5
3906 36
3907 1
3908 4
3909 2
3910 15
3911 1
3912 21
3913 5
3914 5
3915 21
3916 11
3917 1
3918 5
3919 1
3920 98
3921 2
3922 5
3923 1
3924 26
3925 4
3926 5
3927 15
3928 7
3929 1
3930 15
3931 1
3932 4
3933 11
3934 5
3935 2
3936 64
3937 2
3938 5
3939 5
3940 11
3941 2
3942 21
3943 1
3944 21
3945 5
3946 2
3947 1
3948 36
3949 2
3950 11
3951 4
3952 38
3953 2
3954 5
3955 5
3956 11
3957 2
3958 2
3959 2
3960 198
3961 2
3962 5
3963 2
3964 4
3965 5
3966 5
3967 1
3968 45
3969 29
3970 5
3971 4
3972 11
3973 2
3974 2
3975 11
3976 21
3977 2
3978 36
3979 2
3980 11
3981 2
3982 5
3983 2
3984 38
3985 2
3986 2
3987 4
3988 4
3989 1
3990 52
3991 2
3992 7
3993 7
3994 2
3995 5
3996 52
3997 2
3998 2
3999 5
4000 97
4001 1
4002 15
4003 1
4004 36
4005 11
4006 2
4007 1
4008 21
4009 2
4010 5
4011 5
4012 11
4013 1
4014 11
4015 5
4016 12
4017 5
4018 11
4019 1
4020 36
4021 1
4022 2
4023 7
4024 7
4025 11
4026 15
4027 1
4028 11
4029 5
4030 15
4031 2
4032 289
4033 2
4034 2
4035 5
4036 4
4037 2
4038 5
4039 2
4040 21
4041 4
4042 5
4043 2
4044 11
4045 2
4046 11
4047 5
4048 38
4049 1
4050 98
4051 1
4052 4
4053 5
4054 2
4055 2
4056 52
4057 1
4058 2
4059 11
4060 36
4061 2
4062 5
4063 2
4064 19
4065 5
4066 5
4067 4
4068 26
4069 2
4070 15
4071 5
4072 7
4073 1
4074 15
4075 4
4076 4
4077 7
4078 2
4079 1
4080 141
4081 5
4082 5
4083 2
4084 4
4085 5
4086 11
4087 2
4088 21
4089 5
4090 5
4091 1
4092 36
4093 1
4094 5
4095 36
4096 77
4097 2
4098 5
4099 1
4100 26
4101 2
4102 5
4103 2
4104 109
4105 2
4106 2
4107 4
4108 11
4109 2
4110 15
4111 1
4112 12
4113 4
4114 11
4115 2
4116 52
4117 2
4118 5
4119 2
4120 21
4121 2
4122 11
4123 5
4124 4
4125 21
4126 2
4127 1
4128 64
4129 1
4130 15
4131 19
4132 4
4133 1
4134 15
4135 2
4136 21
4137 5
4138 2
4139 1
4140 92
4141 2
4142 5
4143 2
4144 38
4145 2
4146 5
4147 5
4148 11
4149 4
4150 11
4151 2
4152 21
4153 1
4154 5
4155 5
4156 4
4157 1
4158 74
4159 1
4160 105
4161 5
4162 2
4163 2
4164 11
4165 11
4166 2
4167 4
4168 7
4169 2
4170 15
4171 2
4172 11
4173 5
4174 2
4175 4
4176 98
4177 1
4178 2
4179 5
4180 36
4181 2
4182 15
4183 2
4184 7
4185 21
4186 15
4187 2
4188 11
4189 2
4190 5
4191 5
4192 19
4193 2
4194 11
4195 2
4196 4
4197 2
4198 2
4199 5
4200 198
4201 1
4202 5
4203 4
4204 4
4205 4
4206 5
4207 2
4208 12
4209 5
4210 5
4211 1
4212 98
4213 2
4214 11
4215 5
4216 21
4217 1
4218 15
4219 1
4220 11
4221 11
4222 2
4223 2
4224 165
4225 9
4226 2
4227 2
4228 11
4229 1
4230 36
4231 1
4232 16
4233 5
4234 5
4235 11
4236 11
4237 2
4238 5
4239 7
4240 38
4241 1
4242 15
4243 1
4244 4
4245 5
4246 5
4247 2
4248 52
4249 2
4250 21
4251 5
4252 4
4253 1
4254 5
4255 5
4256 64
4257 11
4258 2
4259 1
4260 36
4261 1
4262 2
4263 11
4264 21
4265 2
4266 21
4267 2
4268 11
4269 2
4270 15
4271 1
4272 38
4273 1
4274 2
4275 26
4276 4
4277 5
4278 15
4279 2
4280 21
4281 2
4282 2
4283 1
4284 92
4285 2
4286 2
4287 2
4288 30
4289 1
4290 52
4291 2
4292 11
4293 12
4294 5
4295 2
4296 21
4297 1
4298 5
4299 2
4300 26
4301 5
4302 11
4303 2
4304 12
4305 15
4306 2
4307 2
4308 11
4309 2
4310 5
4311 4
4312 52
4313 2
4314 5
4315 2
4316 11
4317 2
4318 5
4319 2
4320 382
4321 2
4322 2
4323 5
4324 11
4325 4
4326 15
4327 1
4328 7
4329 11
4330 5
4331 2
4332 26
4333 2
4334 5
4335 11
4336 12
4337 1
4338 11
4339 1
4340 36
4341 2
4342 5
4343 2
4344 21
4345 5
4346 5
4347 21
4348 4
4349 1
4350 36
4351 2
4352 67
4353 2
4354 5
4355 5
4356 66
4357 1
4358 2
4359 2
4360 21
4361 4
4362 5
4363 1
4364 4
4365 11
4366 5
4367 2
4368 141
4369 2
4370 15
4371 5
4372 4
4373 1
4374 45
4375 12
4376 7
4377 2
4378 5
4379 2
4380 36
4381 2
4382 5
4383 4
4384 19
4385 2
4386 15
4387 2
4388 4
4389 15
4390 5
4391 1
4392 52
4393 2
4394 7
4395 5
4396 11
4397 1
4398 5
4399 2
4400 98
4401 7
4402 5
4403 5
4404 11
4405 2
4406 2
4407 5
4408 21
4409 1
4410 92
4411 2
4412 4
4413 2
4414 2
4415 2
4416 105
4417 2
4418 4
4419 4
4420 36
4421 1
4422 15
4423 1
4424 21
4425 11
4426 2
4427 2
4428 52
4429 2
4430 5
4431 5
4432 12
4433 5
4434 5
4435 2
4436 4
4437 11
4438 5
4439 2
4440 74
4441 1
4442 2
4443 2
4444 11
4445 5
4446 36
4447 1
4448 19
4449 2
4450 11
4451 1
4452 36
4453 2
4454 5
4455 38
4456 7
4457 1
4458 5
4459 7
4460 11
4461 2
4462 5
4463 1
4464 98
4465 5
4466 15
4467 2
4468 4
4469 2
4470 15
4471 2
4472 21
4473 11
4474 2
4475 4
4476 11
4477 4
4478 2
4479 2
4480 165
4481 1
4482 21
4483 1
4484 11
4485 15
4486 2
4487 2
4488 74
4489 2
4490 5
4491 4
4492 4
4493 1
4494 15
4495 5
4496 12
4497 2
4498 5
4499 2
4500 137
4501 2
4502 2
4503 5
4504 7
4505 5
4506 5
4507 1
4508 26
4509 7
4510 15
4511 2
4512 64
4513 1
4514 5
4515 15
4516 4
4517 1
4518 11
4519 1
4520 21
4521 5
4522 15
4523 1
4524 36
4525 4
4526 5
4527 4
4528 12
4529 2
4530 15
4531 2
4532 11
4533 2
4534 2
4535 2
4536 212
4537 2
4538 2
4539 5
4540 11
4541 2
4542 5
4543 5
4544 30
4545 11
4546 2
4547 1
4548 11
4549 1
4550 36
4551 5
4552 7
4553 2
4554 36
4555 2
4556 11
4557 11
4558 5
4559 2
4560 141
4561 1
4562 2
4563 16
4564 11
4565 5
4566 5
4567 1
4568 7
4569 2
4570 5
4571 2
4572 26
4573 2
4574 2
4575 11
4576 64
4577 2
4578 15
4579 2
4580 11
4581 4
4582 5
4583 1
4584 21
4585 5
4586 2
4587 5
4588 11
4589 2
4590 74
4591 1
4592 38
4593 2
4594 2
4595 2
4596 11
4597 1
4598 11
4599 11
4600 52
4601 2
4602 15
4603 1
4604 4
4605 5
4606 11
4607 2
4608 267
4609 2
4610 5
4611 5
4612 4
4613 2
4614 5
4615 5
4616 7
4617 19
4618 2
4619 2
4620 135
4621 1
4622 2
4623 5
4624 29
4625 7
4626 11
4627 2
4628 11
4629 2
4630 5
4631 2
4632 21
4633 2
4634 5
4635 11
4636 11
4637 1
4638 5
4639 1
4640 64
4641 15
4642 5
4643 1
4644 52
4645 2
4646 5
4647 2
4648 21
4649 1
4650 36
4651 1
4652 4
4653 11
4654 5
4655 11
4656 38
4657 1
4658 5
4659 2
4660 11
4661 2
4662 36
4663 1
4664 21
4665 5
4666 2
4667 2
4668 11
4669 5
4670 5
4671 7
4672 30
4673 1
4674 15
4675 11
4676 11
4677 2
4678 2
4679 1
4680 198
4681 2
4682 2
4683 5
4684 4
4685 2
4686 15
4687 2
4688 12
4689 4
4690 15
4691 1
4692 36
4693 4
4694 2
4695 5
4696 7
4697 5
4698 38
4699 2
4700 26
4701 2
4702 2
4703 1
4704 171
4705 2
4706 5
4707 4
4708 11
4709 2
4710 15
4711 2
4712 21
4713 2
4714 2
4715 5
4716 26
4717 2
4718 5
4719 11
4720 38
4721 1
4722 5
4723 1
4724 4
4725 52
4726 5
4727 2
4728 21
4729 1
4730 15
4731 5
4732 26
4733 1
4734 11
4735 2
4736 45
4737 2
4738 5
4739 2
4740 36
4741 2
4742 2
4743 11
4744 7
4745 5
4746 15
4747 2
4748 4
4749 2
4750 21
4751 1
4752 212
4753 4
4754 2
4755 5
4756 11
4757 2
4758 15
4759 1
4760 74
4761 9
4762 2
4763 2
4764 11
4765 2
4766 2
4767 5
4768 19
4769 2
4770 36
4771 2
4772 4
4773 5
4774 15
4775 4
4776 21
4777 2
4778 2
4779 12
4780 11
4781 2
4782 5
4783 1
4784 38
4785 15
4786 2
4787 1
4788 92
4789 1
4790 5
4791 2
4792 7
4793 1
4794 15
4795 5
4796 11
4797 11
4798 2
4799 1
4800 289
4801 1
4802 12
4803 2
4804 4
4805 4
4806 21
4807 5
4808 7
4809 5
4810 15
4811 2
4812 11
4813 1
4814 5
4815 11
4816 38
4817 1
4818 15
4819 2
4820 11
4821 2
4822 2
4823 5
4824 52
4825 4
4826 5
4827 2
4828 11
4829 2
4830 52
4831 1
4832 19
4833 7
4834 2
4835 2
4836 36
4837 2
4838 5
4839 2
4840 52
4841 2
4842 11
4843 2
4844 11
4845 15
4846 2
4847 2
4848 38
4849 2
4850 11
4851 26
4852 4
4853 2
4854 5
4855 2
4856 7
4857 2
4858 5
4859 2
4860 171
4861 1
4862 15
4863 2
4864 67
4865 5
4866 5
4867 2
4868 4
4869 4
4870 5
4871 1
4872 74
4873 2
4874 2
4875 21
4876 11
4877 1
4878 11
4879 5
4880 38
4881 2
4882 2
4883 2
4884 36
4885 2
4886 5
4887 7
4888 21
4889 1
4890 15
4891 2
4892 4
4893 5
4894 2
4895 5
4896 171
4897 2
4898 5
4899 5
4900 66
4901 4
4902 15
4903 1
4904 7
4905 11
4906 5
4907 2
4908 11
4909 1
4910 5
4911 2
4912 12
4913 3
4914 74
4915 2
4916 4
4917 5
4918 2
4919 1
4920 74
4921 5
4922 5
4923 4
4924 4
4925 4
4926 5
4927 2
4928 105
4929 5
4930 15
4931 1
4932 26
4933 1
4934 2
4935 15
4936 7
4937 1
4938 5
4939 2
4940 36
4941 12
4942 5
4943 1
4944 38
4945 5
4946 2
4947 5
4948 4
4949 4
4950 92
4951 1
4952 7
4953 5
4954 2
4955 2
4956 36
4957 1
4958 5
4959 11
4960 64
4961 4
4962 5
4963 2
4964 11
4965 5
4966 5
4967 1
4968 109
4969 1
4970 15
4971 2
4972 11
4973 1
4974 5
4975 4
4976 12
4977 11
4978 5
4979 2
4980 36
4981 2
4982 5
4983 5
4984 21
4985 2
4986 11
4987 1
4988 11
4989 2
4990 5
4991 5
4992 165
4993 1
4994 5
4995 21
4996 4
4997 2
4998 36
4999 1
5000 57
5001 2
5002 5
5003 1
5004 26
5005 15
5006 2
5007 2
5008 12
5009 1
5010 15
5011 1
5012 11
5013 4
5014 5
5015 5
5016 74
5017 2
5018 5
5019 5
5020 11
5021 1
5022 38
5023 1
5024 19
5025 11
5026 5
5027 2
5028 11
5029 2
5030 5
5031 11
5032 21
5033 2
5034 5
5035 5
5036 4
5037 5
5038 5
5039 1
5040 392
5041 2
5042 2
5043 4
5044 11
5045 2
5046 11
5047 4
5048 7
5049 21
5050 11
5051 1
5052 11
5053 2
5054 11
5055 5
5056 30
5057 2
5058 11
5059 1
5060 36
5061 5
5062 2
5063 2
5064 21
5065 2
5066 5
5067 4
5068 11
5069 2
5070 36
5071 2
5072 12
5073 5
5074 5
5075 11
5076 52
5077 1
5078 2
5079 2
5080 21
5081 1
5082 36
5083 5
5084 11
5085 11
5086 2
5087 1
5088 64
5089 2
5090 5
5091 2
5092 11
5093 2
5094 11
5095 2
5096 52
5097 2
5098 2
5099 1
5100 92
5101 1
5102 2
5103 30
5104 38
5105 2
5106 15
5107 1
5108 4
5109 5
5110 15
5111 2
5112 52
5113 1
5114 2
5115 15
5116 4
5117 5
5118 5
5119 1
5120 139
5121 4
5122 5
5123 2
5124 36
5125 7
5126 5
5127 2
5128 7
5129 2
5130 74
5131 2
5132 4
5133 5
5134 5
5135 5
5136 38
5137 2
5138 5
5139 4
5140 11
5141 2
5142 5
5143 2
5144 7
5145 21
5146 5
5147 1
5148 92
5149 2
5150 11
5151 5
5152 64
5153 1
5154 5
5155 2
5156 4
5157 7
5158 2
5159 5
5160 74
5161 2
5162 5
5163 2
5164 4
5165 2
5166 36
5167 1
5168 38
5169 2
5170 15
5171 1
5172 11
5173 2
5174 5
5175 26
5176 7
5177 2
5178 5
5179 1
5180 36
5181 5
5182 2
5183 2
5184 323
5185 5
5186 2
5187 15
5188 4
5189 1
5190 15
5191 2
5192 21
5193 4
5194 11
5195 2
5196 11
5197 1
5198 5
5199 2
5200 98
5201 2
5202 26
5203 4
5204 4
5205 5
5206 5
5207 2
5208 74
5209 1
5210 5
5211 7
5212 4
5213 2
5214 15
5215 5
5216 19
5217 5
5218 2
5219 2
5220 92
5221 2
5222 5
5223 2
5224 7
5225 11
5226 15
5227 1
5228 4
5229 11
5230 5
5231 1
5232 38
5233 1
5234 2
5235 5
5236 36
5237 1
5238 21
5239 4
5240 21
5241 2
5242 2
5243 4
5244 36
5245 2
5246 5
5247 11
5248 45
5249 2
5250 74
5251 2
5252 11
5253 5
5254 5
5255 2
5256 52
5257 2
5258 5
5259 2
5260 11
5261 1
5262 5
5263 2
5264 38
5265 38
5266 2
5267 2
5268 11
5269 2
5270 15
5271 5
5272 7
5273 1
5274 11
5275 4
5276 4
5277 2
5278 15
5279 1
5280 250
5281 1
5282 5
5283 4
5284 4
5285 5
5286 5
5287 2
5288 7
5289 5
5290 11
5291 5
5292 137
5293 2
5294 2
5295 5
5296 12
5297 1
5298 5
5299 2
5300 26
5301 11
5302 5
5303 1
5304 74
5305 2
5306 5
5307 5
5308 4
5309 1
5310 36
5311 2
5312 30
5313 15
5314 2
5315 2
5316 11
5317 2
5318 2
5319 7
5320 74
5321 2
5322 5
5323 1
5324 16
5325 11
5326 2
5327 2
5328 98
5329 2
5330 15
5331 2
5332 11
5333 1
5334 15
5335 5
5336 21
5337 4
5338 5
5339 2
5340 36
5341 4
5342 2
5343 5
5344 19
5345 2
5346 64
5347 1
5348 11
5349 2
5350 11
5351 1
5352 21
5353 2
5354 2
5355 36
5356 11
5357 2
5358 15
5359 2
5360 38
5361 2
5362 5
5363 2
5364 26
5365 5
5366 2
5367 2
5368 21
5369 5
5370 15
5371 2
5372 11
5373 7
5374 2
5375 7
5376 254
5377 2
5378 2
5379 5
5380 11
5381 1
5382 36
5383 2
5384 7
5385 5
5386 2
5387 1
5388 11
5389 2
5390 36
5391 4
5392 12
5393 1
5394 15
5395 5
5396 11
5397 5
5398 2
5399 1
5400 300
5401 2
5402 5
5403 2
5404 11
5405 5
5406 15
5407 1
5408 47
5409 4
5410 5
5411 2
5412 36
5413 1
5414 2
5415 11
5416 7
5417 1
5418 36
5419 1
5420 11
5421 5
5422 2
5423 5
5424 38
5425 11
5426 2
5427 12
5428 11
5429 2
5430 15
5431 1
5432 21
5433 2
5434 15
5435 2
5436 26
5437 1
5438 2
5439 11
5440 105
5441 1
5442 5
5443 1
5444 4
5445 26
5446 5
5447 2
5448 21
5449 1
5450 11
5451 5
5452 11
5453 5
5454 21
5455 2
5456 38
5457 5
5458 2
5459 2
5460 135
5461 2
5462 2
5463 4
5464 7
5465 2
5466 5
5467 5
5468 4
5469 2
5470 5
5471 1
5472 171
5473 2
5474 15
5475 11
5476 9
5477 1
5478 15
5479 1
5480 21
5481 21
5482 2
5483 1
5484 11
5485 2
5486 5
5487 5
5488 57
5489 2
5490 36
5491 4
5492 4
5493 2
5494 5
5495 5
5496 21
5497 2
5498 2
5499 11
5500 52
5501 1
5502 15
5503 1
5504 45
5505 5
5506 2
5507 1
5508 98
5509 2
5510 15
5511 5
5512 21
5513 2
5514 5
5515 2
5516 11
5517 4
5518 5
5519 1
5520 141
5521 1
5522 5
5523 5
5524 4
5525 11
5526 11
5527 1
5528 7
5529 5
5530 15
5531 1
5532 11
5533 2
5534 2
5535 21
5536 19
5537 4
5538 15
5539 2
5540 11
5541 2
5542 5
5543 2
5544 198
5545 2
5546 5
5547 4
5548 11
5549 2
5550 36
5551 5
5552 12
5553 4
5554 2
5555 5
5556 11
5557 1
5558 5
5559 5
5560 21
5561 2
5562 21
5563 1
5564 11
5565 15
5566 11
5567 2
5568 105
5569 1
5570 5
5571 4
5572 11
5573 1
5574 5
5575 4
5576 21
5577 11
5578 2
5579 2
5580 92
5581 1
5582 2
5583 2
5584 12
5585 2
5586 36
5587 2
5588 11
5589 19
5590 15
5591 1
5592 21
5593 5
5594 2
5595 5
5596 4
5597 2
5598 11
5599 2
5600 171
5601 2
5602 2
5603 2
5604 11
5605 5
5606 2
5607 11
5608 7
5609 2
5610 52
5611 2
5612 11
5613 2
5614 5
5615 2
5616 212
5617 2
5618 4
5619 2
5620 11
5621 5
5622 5
5623 1
5624 21
5625 29
5626 5
5627 2
5628 36
5629 2
5630 5
5631 2
5632 97
5633 2
5634 11
5635 11
5636 4
5637 2
5638 2
5639 1
5640 74
5641 1
5642 15
5643 21
5644 11
5645 2
5646 5
5647 1
5648 12
5649 5
5650 11
5651 1
5652 26
5653 1
5654 5
5655 15
5656 21
5657 1
5658 15
5659 1
5660 11
5661 11
5662 5
5663 2
5664 64
5665 5
5666 2
5667 2
5668 11
5669 1
5670 141
5671 2
5672 7
5673 5
5674 2
5675 4
5676 36
5677 2
5678 5
5679 4
5680 38
5681 5
5682 5
5683 1
5684 26
5685 5
5686 2
5687 4
5688 52
5689 1
5690 5
5691 5
5692 4
5693 1
5694 15
5695 5
5696 30
5697 7
5698 15
5699 2
5700 92
5701 1
5702 2
5703 2
5704 21
5705 5
5706 11
5707 2
5708 4
5709 5
5710 5
5711 1
5712 141
5713 2
5714 2
5715 11
5716 4
5717 1
5718 5
5719 5
5720 74
5721 2
5722 2
5723 2
5724 52
5725 4
5726 5
5727 5
5728 19
5729 2
5730 15
5731 2
5732 4
5733 26
5734 5
5735 5
5736 21
5737 1
5738 5
5739 2
5740 36
5741 1
5742 36
5743 1
5744 12
5745 5
5746 11
5747 2
5748 11
5749 1
5750 21
5751 12
5752 7
5753 2
5754 15
5755 2
5756 4
5757 5
5758 2
5759 2
5760 467
5761 2
5762 5
5763 5
5764 11
5765 2
5766 11
5767 2
5768 21
5769 4
5770 5
5771 2
5772 36
5773 2
5774 2
5775 36
5776 29
5777 2
5778 21
5779 1
5780 26
5781 5
5782 11
5783 1
5784 21
5785 5
5786 5
5787 4
5788 4
5789 2
5790 15
5791 1
5792 19
5793 2
5794 2
5795 5
5796 92
5797 5
5798 5
5799 2
5800 52
5801 1
5802 5
5803 2
5804 4
5805 21
5806 2
5807 1
5808 98
5809 2
5810 15
5811 5
5812 4
5813 1
5814 36
5815 2
5816 7
5817 5
5818 2
5819 4
5820 36
5821 1
5822 5
5823 4
5824 105
5825 4
5826 5
5827 1
5828 11
5829 5
5830 15
5831 7
5832 162
5833 2
5834 2
5835 5
5836 4
5837 2
5838 15
5839 1
5840 38
5841 11
5842 5
5843 1
5844 11
5845 5
5846 5
5847 2
5848 21
5849 1
5850 92
5851 1
5852 36
5853 2
5854 2
5855 2
5856 64
5857 1
5858 5
5859 21
5860 11
5861 1
5862 5
5863 5
5864 7
5865 15
5866 5
5867 1
5868 26
5869 1
5870 5
5871 5
5872 12
5873 2
5874 15
5875 7
5876 11
5877 4
5878 2
5879 1
5880 198
5881 1
5882 5
5883 5
5884 4
5885 5
5886 21
5887 4
5888 67
5889 5
5890 15
5891 2
5892 11
5893 2
5894 5
5895 11
5896 21
5897 1
5898 5
5899 2
5900 26
5901 5
5902 5
5903 1
5904 98
5905 2
5906 2
5907 5
5908 11
5909 2
5910 15
5911 2
5912 7
5913 12
5914 2
5915 11
5916 36
5917 2
5918 5
5919 2
5920 64
5921 2
5922 36
5923 1
5924 4
5925 11
5926 2
5927 1
5928 74
5929 9
5930 5
5931 4
5932 4
5933 2
5934 15
5935 2
5936 38
5937 2
5938 2
5939 1
5940 198
5941 2
5942 2
5943 5
5944 7
5945 5
5946 5
5947 2
5948 4
5949 4
5950 36
5951 2
5952 105
5953 1
5954 5
5955 5
5956 4
5957 5
5958 11
5959 2
5960 21
5961 2
5962 5
5963 2
5964 36
5965 2
5966 5
5967 21
5968 12
5969 2
5970 15
5971 2
5972 4
5973 5
5974 5
5975 4
5976 52
5977 2
5978 11
5979 2
5980 36
5981 1
5982 5
5983 2
5984 64
5985 36
5986 5
5987 1
5988 11
5989 2
5990 5
5991 2
5992 21
5993 2
5994 38
5995 5
5996 4
5997 2
5998 2
5999 2
6000 212
6001 2
6002 2
6003 11
6004 11
6005 2
6006 52
6007 1
6008 7
6009 2
6010 5
6011 1
6012 26
6013 2
6014 5
6015 5
6016 45
6017 2
6018 15
6019 2
6020 36
6021 7
6022 2
6023 2
6024 21
6025 4
6026 5
6027 11
6028 11
6029 1
6030 36
6031 2
6032 38
6033 2
6034 5
6035 5
6036 11
6037 1
6038 2
6039 11
6040 21
6041 2
6042 15
6043 1
6044 4
6045 15
6046 2
6047 1
6048 382
6049 2
6050 26
6051 2
6052 11
6053 1
6054 5
6055 5
6056 7
6057 4
6058 5
6059 2
6060 36
6061 5
6062 5
6063 5
6064 12
6065 2
6066 11
6067 1
6068 11
6069 11
6070 5
6071 2
6072 74
6073 1
6074 2
6075 47
6076 26
6077 2
6078 5
6079 1
6080 105
6081 2
6082 2
6083 5
6084 66
6085 2
6086 5
6087 2
6088 7
6089 1
6090 52
6091 1
6092 4
6093 4
6094 5
6095 5
6096 38
6097 5
6098 2
6099 5
6100 26
6101 1
6102 21
6103 2
6104 21
6105 15
6106 5
6107 2
6108 11
6109 2
6110 15
6111 11
6112 19
6113 1
6114 5
6115 2
6116 11
6117 2
6118 15
6119 2
6120 198
6121 1
6122 2
6123 5
6124 4
6125 16
6126 5
6127 2
6128 12
6129 7
6130 5
6131 1
6132 36
6133 1
6134 2
6135 5
6136 21
6137 4
6138 36
6139 2
6140 11
6141 5
6142 5
6143 1
6144 195
6145 2
6146 5
6147 4
6148 11
6149 5
6150 36
6151 1
6152 7
6153 5
6154 5
6155 2
6156 98
6157 2
6158 2
6159 2
6160 141
6161 2
6162 15
6163 1
6164 11
6165 11
6166 2
6167 2
6168 21
6169 2
6170 5
6171 11
6172 4
6173 1
6174 52
6175 11
6176 19
6177 5
6178 2
6179 2
6180 36
6181 2
6182 5
6183 7
6184 7
6185 2
6186 5
6187 2
6188 36
6189 2
6190 5
6191 2
6192 98
6193 2
6194 5
6195 15
6196 4
6197 1
6198 5
6199 1
6200 52
6201 11
6202 5
6203 1
6204 36
6205 5
6206 5
6207 2
6208 30
6209 2
6210 74
6211 1
6212 4
6213 5
6214 5
6215 5
6216 74
6217 1
6218 2
6219 4
6220 11
6221 1
6222 15
6223 4
6224 12
6225 11
6226 5
6227 2
6228 26
6229 1
6230 15
6231 5
6232 21
6233 2
6234 5
6235 5
6236 4
6237 38
6238 2
6239 2
6240 250
6241 2
6242 2
6243 2
6244 11
6245 2
6246 11
6247 1
6248 21
6249 2
6250 19
6251 5
6252 11
6253 4
6254 5
6255 11
6256 38
6257 1
6258 15
6259 2
6260 11
6261 2
6262 5
6263 1
6264 109
6265 5
6266 5
6267 2
6268 4
6269 1
6270 52
6271 1
6272 118
6273 11
6274 2
6275 4
6276 11
6277 1
6278 5
6279 15
6280 21
6281 2
6282 11
6283 2
6284 4
6285 5
6286 5
6287 1
6288 38
6289 2
6290 15
6291 7
6292 26
6293 5
6294 5
6295 2
6296 7
6297 2
6298 5
6299 1
6300 249
6301 1
6302 5
6303 5
6304 19
6305 5
6306 5
6307 5
6308 11
6309 4
6310 5
6311 1
6312 21
6313 2
6314 15
6315 5
6316 4
6317 1
6318 64
6319 2
6320 38
6321 11
6322 5
6323 1
6324 36
6325 11
6326 2
6327 11
6328 21
6329 1
6330 15
6331 2
6332 4
6333 2
6334 2
6335 5
6336 289
6337 1
6338 2
6339 2
6340 11
6341 2
6342 15
6343 1
6344 21
6345 21
6346 5
6347 2
6348 26
6349 2
6350 11
6351 5
6352 12
6353 1
6354 11
6355 5
6356 11
6357 5
6358 11
6359 1
6360 74
6361 1
6362 2
6363 11
6364 11
6365 5
6366 5
6367 1
6368 19
6369 5
6370 36
6371 2
6372 52
6373 1
6374 2
6375 21
6376 7
6377 2
6378 5
6379 1
6380 36
6381 4
6382 2
6383 2
6384 141
6385 2
6386 5
6387 2
6388 4
6389 1
6390 36
6391 5
6392 21
6393 2
6394 5
6395 2
6396 36
6397 1
6398 5
6399 12
6400 181
6401 2
6402 15
6403 2
6404 4
6405 15
6406 2
6407 2
6408 52
6409 5
6410 5
6411 2
6412 11
6413 4
6414 5
6415 2
6416 12
6417 11
6418 2
6419 4
6420 36
6421 1
6422 11
6423 2
6424 21
6425 4
6426 74
6427 1
6428 4
6429 2
6430 5
6431 2
6432 64
6433 2
6434 2
6435 36
6436 4
6437 2
6438 15
6439 2
6440 74
6441 5
6442 2
6443 2
6444 26
6445 2
6446 5
6447 5
6448 38
6449 1
6450 36
6451 1
6452 4
6453 7
6454 5
6455 2
6456 21
6457 2
6458 2
6459 2
6460 36
6461 5
6462 11
6463 2
6464 30
6465 5
6466 5
6467 2
6468 92
6469 1
6470 5
6471 4
6472 7
6473 1
6474 15
6475 11
6476 4
6477 5
6478 5
6479 5
6480 424
6481 1
6482 5
6483 2
6484 4
6485 2
6486 15
6487 2
6488 7
6489 11
6490 15
6491 1
6492 11
6493 2
6494 5
6495 5
6496 64
6497 2
6498 26
6499 2
6500 52
6501 5
6502 2
6503 2
6504 21
6505 2
6506 2
6507 7
6508 4
6509 2
6510 52
6511 2
6512 38
6513 5
6514 2
6515 2
6516 26
6517 7
6518 2
6519 5
6520 21
6521 1
6522 5
6523 2
6524 11
6525 26
6526 5
6527 2
6528 165
6529 1
6530 5
6531 5
6532 11
6533 2
6534 52
6535 2
6536 21
6537 2
6538 5
6539 2
6540 36
6541 2
6542 2
6543 4
6544 12
6545 15
6546 5
6547 1
6548 4
6549 5
6550 11
6551 1
6552 198
6553 1
6554 5
6555 15
6556 11
6557 2
6558 5
6559 2
6560 64
6561 22
6562 5
6563 1
6564 11
6565 5
6566 11
6567 5
6568 7
6569 1
6570 36
6571 1
6572 11
6573 5
6574 5
6575 4
6576 38
6577 1
6578 15
6579 11
6580 36
6581 1
6582 5
6583 2
6584 7
6585 5
6586 5
6587 2
6588 52
6589 2
6590 5
6591 7
6592 30
6593 2
6594 15
6595 2
6596 11
6597 4
6598 2
6599 1
6600 198
6601 5
6602 2
6603 5
6604 11
6605 2
6606 11
6607 1
6608 38
6609 2
6610 5
6611 2
6612 36
6613 2
6614 2
6615 52
6616 7
6617 2
6618 5
6619 1
6620 11
6621 2
6622 15
6623 2
6624 171
6625 7
6626 2
6627 4
6628 4
6629 2
6630 52
6631 2
6632 7
6633 11
6634 5
6635 2
6636 36
6637 1
6638 2
6639 2
6640 38
6641 2
6642 38
6643 5
6644 11
6645 5
6646 2
6647 4
6648 21
6649 2
6650 36
6651 4
6652 4
6653 1
6654 5
6655 7
6656 97
6657 5
6658 2
6659 1
6660 92
6661 1
6662 2
6663 2
6664 52
6665 5
6666 15
6667 2
6668 4
6669 21
6670 15
6671 2
6672 38
6673 1
6674 5
6675 11
6676 4
6677 2
6678 36
6679 1
6680 21
6681 5
6682 5
6683 2
6684 11
6685 5
6686 2
6687 4
6688 64
6689 1
6690 15
6691 1
6692 11
6693 5
6694 2
6695 5
6696 109
6697 2
6698 5
6699 15
6700 26
6701 1
6702 5
6703 1
6704 12
6705 11
6706 5
6707 2
6708 36
6709 1
6710 15
6711 2
6712 7
6713 4
6714 11
6715 5
6716 11
6717 2
6718 2
6719 1
6720 426
6721 5
6722 2
6723 12
6724 9
6725 4
6726 15
6727 4
6728 16
6729 2
6730 5
6731 2
6732 92
6733 1
6734 15
6735 5
6736 12
6737 1
6738 5
6739 2
6740 11
6741 11
6742 2
6743 2
6744 21
6745 5
6746 2
6747 5
6748 11
6749 2
6750 109
6751 2
6752 19
6753 2
6754 5
6755 5
6756 11
6757 2
6758 5
6759 4
6760 52
6761 1
6762 36
6763 1
6764 11
6765 15
6766 5
6767 2
6768 98
6769 2
6770 5
6771 5
6772 4
6773 2
6774 5
6775 4
6776 52
6777 7
6778 2
6779 1
6780 36
6781 1
6782 2
6783 15
6784 45
6785 5
6786 36
6787 2
6788 4
6789 5
6790 15
6791 1
6792 21
6793 1
6794 5
6795 11
6796 4
6797 2
6798 15
6799 2
6800 98
6801 2
6802 5
6803 1
6804 171
6805 2
6806 5
6807 2
6808 21
6809 2
6810 15
6811 4
6812 11
6813 4
6814 2
6815 5
6816 64
6817 2
6818 5
6819 2
6820 36
6821 2
6822 11
6823 1
6824 7
6825 36
6826 2
6827 1
6828 11
6829 1
6830 5
6831 21
6832 38
6833 1
6834 15
6835 2
6836 4
6837 5
6838 5
6839 2
6840 198
6841 1
6842 5
6843 2
6844 11
6845 4
6846 15
6847 2
6848 30
6849 4
6850 11
6851 5
6852 11
6853 5
6854 5
6855 5
6856 7
6857 1
6858 21
6859 3
6860 52
6861 2
6862 5
6863 1
6864 141
6865 2
6866 2
6867 11
6868 11
6869 1
6870 15
6871 1
6872 7
6873 5
6874 5
6875 12
6876 26
6877 4
6878 5
6879 2
6880 64
6881 2
6882 15
6883 1
6884 4
6885 38
6886 5
6887 2
6888 74
6889 2
6890 15
6891 2
6892 4
6893 2
6894 11
6895 5
6896 12
6897 11
6898 2
6899 1
6900 92
6901 2
6902 15
6903 11
6904 7
6905 2
6906 5
6907 1
6908 11
6909 11
6910 5
6911 1
6912 401
6913 2
6914 2
6915 5
6916 36
6917 1
6918 5
6919 5
6920 21
6921 4
6922 2
6923 5
6924 11
6925 4
6926 2
6927 2
6928 12
6929 4
6930 135
6931 2
6932 4
6933 2
6934 2
6935 5
6936 52
6937 2
6938 2
6939 7
6940 11
6941 2
6942 15
6943 2
6944 64
6945 5
6946 5
6947 1
6948 26
6949 1
6950 11
6951 5
6952 21
6953 2
6954 15
6955 5
6956 11
6957 4
6958 11
6959 1
6960 141
6961 1
6962 4
6963 5
6964 4
6965 5
6966 38
6967 1
6968 21
6969 5
6970 15
6971 1
6972 36
6973 2
6974 5
6975 26
6976 30
6977 1
6978 5
6979 2
6980 11
6981 5
6982 2
6983 1
6984 52
6985 5
6986 5
6987 5
6988 4
6989 2
6990 15
6991 1
6992 38
6993 21
6994 5
6995 2
6996 36
6997 1
6998 2
6999 2
7000 109
7001 1
7002 11
7003 2
7004 11
7005 5
7006 5
7007 11
7008 64
7009 2
7010 5
7011 11
7012 4
7013 1
7014 15
7015 5
7016 7
7017 2
7018 11
7019 1
7020 198
7021 5
7022 2
7023 2
7024 12
7025 4
7026 5
7027 1
7028 11
7029 11
7030 15
7031 2
7032 21
7033 2
7034 2
7035 15
7036 4
7037 2
7038 36
7039 1
7040 165
7041 2
7042 5
7043 1
7044 11
7045 2
7046 5
7047 19
7048 7
7049 5
7050 36
7051 2
7052 11
7053 2
7054 2
7055 5
7056 269
7057 1
7058 2
7059 5
7060 11
7061 2
7062 15
7063 2
7064 7
7065 11
7066 2
7067 2
7068 36
7069 1
7070 15
7071 2
7072 64
7073 2
7074 21
7075 4
7076 11
7077 5
7078 2
7079 1
7080 74
7081 2
7082 2
7083 4
7084 36
7085 5
7086 5
7087 2
7088 12
7089 5
7090 5
7091 2
7092 26
7093 2
7094 2
7095 15
7096 7
7097 2
7098 36
7099 2
7100 26
7101 7
7102 5
7103 1
7104 105
7105 11
7106 15
7107 5
7108 4
7109 1
7110 36
7111 2
7112 21
7113 2
7114 2
7115 2
7116 11
7117 2
7118 2
7119 11
7120 38
7121 1
7122 5
7123 2
7124 11
7125 21
7126 5
7127 1
7128 212
7129 1
7130 15
7131 2
7132 4
7133 2
7134 15
7135 2
7136 19
7137 11
7138 5
7139 4
7140 135
7141 2
7142 2
7143 2
7144 21
7145 2
7146 11
7147 2
7148 4
7149 2
7150 36
7151 1
7152 38
7153 2
7154 11
7155 21
7156 4
7157 2
7158 5
7159 1
7160 21
7161 15
7162 2
7163 5
7164 26
7165 2
7166 2
7167 2
7168 139
7169 2
7170 15
7171 2
7172 11
7173 4
7174 5
7175 11
7176 74
7177 1
7178 5
7179 2
7180 11
7181 2
7182 74
7183 2
7184 12
7185 5
7186 2
7187 1
7188 11
7189 5
7190 5
7191 11
7192 21
7193 1
7194 15
7195 2
7196 11
7197 2
7198 5
7199 2
7200 484
7201 2
7202 5
7203 12
7204 4
7205 5
7206 5
7207 1
7208 21
7209 12
7210 15
7211 1
7212 11
7213 1
7214 2
7215 15
7216 38
7217 2
7218 11
7219 1
7220 26
7221 5
7222 5
7223 2
7224 74
7225 9
7226 2
7227 11
7228 11
7229 1
7230 15
7231 2
7232 30
7233 2
7234 2
7235 2
7236 52
7237 1
7238 15
7239 5
7240 21
7241 2
7242 15
7243 1
7244 4
7245 36
7246 2
7247 1
7248 38
7249 2
7250 21
7251 2
7252 26
7253 1
7254 36
7255 2
7256 7
7257 5
7258 5
7259 5
7260 92
7261 2
7262 2
7263 7
7264 19
7265 2
7266 15
7267 4
7268 11
7269 2
7270 5
7271 2
7272 52
7273 2
7274 2
7275 11
7276 11
7277 2
7278 5
7279 2
7280 141
7281 4
7282 5
7283 1
7284 11
7285 5
7286 2
7287 5
7288 7
7289 2
7290 105
7291 2
7292 4
7293 15
7294 5
7295 2
7296 165
7297 1
7298 5
7299 4
7300 26
7301 4
7302 5
7303 2
7304 21
7305 5
7306 5
7307 1
7308 92
7309 1
7310 15
7311 2
7312 12
7313 2
7314 15
7315 15
7316 11
7317 7
7318 2
7319 2
7320 74
7321 1
7322 5
7323 2
7324 4
7325 4
7326 36
7327 2
7328 19
7329 5
7330 5
7331 1
7332 36
7333 1
7334 5
7335 11
7336 21
7337 5
7338 5
7339 2
7340 11
7341 2
7342 2
7343 2
7344 212
7345 5
7346 2
7347 5
7348 11
7349 1
7350 92
7351 1
7352 7
7353 11
7354 2
7355 2
7356 11
7357 2
7358 5
7359 5
7360 105
7361 2
7362 11
7363 2
7364 11
7365 5
7366 5
7367 2
7368 21
7369 1
7370 15
7371 38
7372 11
7373 2
7374 5
7375 7
7376 12
7377 2
7378 15
7379 2
7380 92
7381 4
7382 2
7383 5
7384 21
7385 5
7386 5
7387 2
7388 4
7389 4
7390 5
7391 2
7392 250
7393 1
7394 2
7395 15
7396 9
7397 2
7398 21
7399 4
7400 52
7401 2
7402 2
7403 2
7404 11
7405 2
7406 11
7407 4
7408 12
7409 2
7410 52
7411 1
7412 11
7413 5
7414 5
7415 2
7416 52
7417 1
7418 2
7419 2
7420 36
7421 2
7422 5
7423 2
7424 67
7425 52
7426 5
7427 2
7428 11
7429 5
7430 5
7431 2
7432 7
7433 1
7434 36
7435 2
7436 26
7437 5
7438 2
7439 2
7440 141
7441 2
7442 4
7443 4
7444 4
7445 2
7446 15
7447 2
7448 52
7449 5
7450 11
7451 1
7452 98
7453 2
7454 2
7455 15
7456 19
7457 1
7458 15
7459 1
7460 11
7461 4
7462 15
7463 2
7464 21
7465 2
7466 2
7467 5
7468 4
7469 5
7470 36
7471 2
7472 12
7473 5
7474 5
7475 11
7476 36
7477 1
7478 2
7479 7
7480 74
7481 1
7482 15
7483 2
7484 4
7485 5
7486 5
7487 1
7488 289
7489 1
7490 15
7491 5
7492 4
7493 2
7494 5
7495 2
7496 7
7497 26
7498 5
7499 1
7500 98
7501 2
7502 11
7503 5
7504 38
7505 5
7506 21
7507 1
7508 4
7509 2
7510 5
7511 5
7512 21
7513 2
7514 11
7515 11
7516 4
7517 1
7518 15
7519 2
7520 64
7521 5
7522 2
7523 1
7524 92
7525 11
7526 5
7527 5
7528 7
7529 1
7530 15
7531 2
7532 11
7533 19
7534 2
7535 5
7536 38
7537 1
7538 2
7539 5
7540 36
7541 1
7542 11
7543 2
7544 21
7545 5
7546 21
7547 1
7548 36
7549 1
7550 11
7551 4
7552 45
7553 5
7554 5
7555 2
7556 4
7557 5
7558 2
7559 1
7560 444
7561 1
7562 5
7563 2
7564 11
7565 5
7566 15
7567 5
7568 38
7569 9
7570 5
7571 2
7572 11
7573 1
7574 5
7575 11
7576 7
7577 1
7578 11
7579 5
7580 11
7581 11
7582 5
7583 1
7584 64
7585 5
7586 2
7587 7
7588 11
7589 1
7590 52
7591 1
7592 21
7593 2
7594 2
7595 11
7596 26
7597 2
7598 5
7599 5
7600 98
7601 2
7602 15
7603 1
7604 4
7605 26
7606 2
7607 1
7608 21
7609 2
7610 5
7611 5
7612 11
7613 2
7614 38
7615 2
7616 105
7617 2
7618 5
7619 2
7620 36
7621 1
7622 5
7623 26
7624 7
7625 7
7626 15
7627 2
7628 4
7629 2
7630 15
7631 2
7632 98
7633 2
7634 5
7635 5
7636 11
7637 2
7638 15
7639 1
7640 21
7641 7
7642 2
7643 1
7644 92
7645 5
7646 2
7647 2
7648 19
7649 1
7650 92
7651 2
7652 4
7653 2
7654 5
7655 2
7656 74
7657 5
7658 5
7659 11
7660 11
7661 2
7662 5
7663 2
7664 12
7665 15
7666 2
7667 5
7668 52
7669 1
7670 15
7671 2
7672 21
7673 1
7674 5
7675 4
7676 11
7677 4
7678 5
7679 2
7680 381
7681 1
7682 5
7683 5
7684 11
7685 5
7686 36
7687 1
7688 16
7689 5
7690 5
7691 1
7692 11
7693 4
7694 2
7695 38
7696 38
7697 2
7698 5
7699 1
7700 92
7701 5
7702 2
7703 1
7704 52
7705 5
7706 2
7707 5
7708 11
7709 2
7710 15
7711 2
7712 19
7713 4
7714 15
7715 2
7716 11
7717 1
7718 5
7719 5
7720 21
7721 2
7722 74
7723 1
7724 4
7725 11
7726 2
7727 1
7728 141
7729 2
7730 5
7731 4
7732 4
7733 5
7734 5
7735 15
7736 7
7737 2
7738 5
7739 2
7740 92
7741 1
7742 11
7743 5
7744 77
7745 2
7746 5
7747 2
7748 11
7749 21
7750 21
7751 2
7752 74
7753 1
7754 2
7755 15
7756 11
7757 1
7758 11
7759 1
7760 38
7761 5
7762 2
7763 2
7764 11
7765 2
7766 5
7767 4
7768 7
7769 2
7770 52
7771 2
7772 11
7773 2
7774 11
7775 4
7776 339
7777 5
7778 2
7779 2
7780 11
7781 2
7782 5
7783 2
7784 21
7785 11
7786 5
7787 2
7788 36
7789 1
7790 15
7791 11
7792 12
7793 1
7794 11
7795 2
7796 4
7797 5
7798 5
7799 2
7800 198
7801 2
7802 5
7803 16
7804 4
7805 5
7806 5
7807 2
7808 45
7809 5
7810 15
7811 2
7812 92
7813 2
7814 2
7815 5
7816 7
7817 1
7818 5
7819 2
7820 36
7821 11
7822 2
7823 1
7824 38
7825 4
7826 15
7827 2
7828 11
7829 1
7830 74
7831 2
7832 21
7833 5
7834 2
7835 2
7836 11
7837 2
7838 2
7839 11
7840 171
7841 1
7842 5
7843 5
7844 11
7845 5
7846 2
7847 5
7848 52
7849 2
7850 11
7851 2
7852 11
7853 1
7854 52
7855 2
7856 12
7857 12
7858 2
7859 2
7860 36
7861 2
7862 2
7863 2
7864 7
7865 11
7866 36
7867 1
7868 11
7869 5
7870 5
7871 2
7872 105
7873 1
7874 5
7875 52
7876 11
7877 1
7878 15
7879 1
7880 21
7881 5
7882 5
7883 1
7884 52
7885 5
7886 2
7887 5
7888 38
7889 7
7890 15
7891 2
7892 4
7893 4
7894 2
7895 2
7896 74
7897 2
7898 5
7899 2
7900 26
7901 1
7902 11
7903 2
7904 64
7905 15
7906 5
7907 1
7908 11
7909 2
7910 15
7911 7
7912 21
7913 2
7914 5
7915 2
7916 4
7917 15
7918 5
7919 1
7920 392
7921 2
7922 5
7923 5
7924 11
7925 4
7926 5
7927 1
7928 7
7929 4
7930 15
7931 5
7932 11
7933 1
7934 2
7935 11
7936 67
7937 1
7938 98
7939 2
7940 11
7941 2
7942 11
7943 4
7944 21
7945 5
7946 5
7947 4
7948 4
7949 1
7950 36
7951 1
7952 38
7953 5
7954 5
7955 5
7956 92
7957 2
7958 5
7959 5
7960 21
7961 2
7962 5
7963 1
7964 11
7965 21
7966 5
7967 2
7968 64
7969 2
7970 5
7971 2
7972 4
7973 5
7974 11
7975 11
7976 7
7977 2
7978 2
7979 2
7980 135
7981 2
7982 5
7983 4
7984 12
7985 2
7986 21
7987 4
7988 4
7989 2
7990 15
7991 2
7992 109
7993 1
7994 5
7995 15
7996 4
7997 2
7998 15
7999 2
8000 162
8001 11
8002 2
8003 2
8004 36
8005 2
8006 2
8007 5
8008 74
8009 1
8010 36
8011 1
8012 4
8013 2
8014 2
8015 5
8016 38
8017 1
8018 5
8019 30
8020 11
8021 2
8022 15
8023 2
8024 21
8025 11
8026 2
8027 2
8028 26
8029 5
8030 15
8031 2
8032 19
8033 2
8034 15
8035 2
8036 26
8037 11
8038 2
8039 1
8040 74
8041 5
8042 2
8043 5
8044 4
8045 2
8046 21
8047 2
8048 12
8049 2
8050 36
8051 2
8052 36
8053 1
8054 2
8055 11
8056 21
8057 2
8058 15
8059 1
8060 36
8061 2
8062 5
8063 2
8064 467
8065 2
8066 5
8067 2
8068 4
8069 1
8070 15
8071 2
8072 7
8073 21
8074 5
8075 11
8076 11
8077 2
8078 5
8079 2
8080 38
8081 1
8082 11
8083 2
8084 11
8085 36
8086 5
8087 1
8088 21
8089 1
8090 5
8091 11
8092 26
8093 1
8094 15
8095 2
8096 64
8097 2
8098 2
8099 5
8100 269
8101 1
8102 2
8103 5
8104 7
8105 2
8106 15
8107 4
8108 4
8109 11
8110 5
8111 1
8112 98
8113 5
8114 2
8115 5
8116 4
8117 1
8118 36
8119 2
8120 74
8121 2
8122 5
8123 1
8124 11
8125 12
8126 5
8127 21
8128 30
8129 2
8130 15
8131 2
8132 11
8133 2
8134 11
8135 2
8136 52
8137 2
8138 5
8139 2
8140 36
8141 2
8142 15
8143 2
8144 12
8145 11
8146 2
8147 1
8148 36
8149 2
8150 11
8151 15
8152 7
8153 2
8154 21
8155 5
8156 4
8157 2
8158 2
8159 2
8160 250
8161 1
8162 15
8163 4
8164 11
8165 5
8166 5
8167 1
8168 7
8169 5
8170 15
8171 1
8172 26
8173 2
8174 5
8175 11
8176 38
8177 5
8178 15
8179 1
8180 11
8181 12
8182 2
8183 4
8184 74
8185 2
8186 2
8187 2
8188 11
8189 2
8190 135
8191 1
8192 101
8193 2
8194 5
8195 5
8196 11
8197 2
8198 2
8199 4
8200 52
8201 2
8202 5
8203 2
8204 11
8205 5
8206 5
8207 2
8208 212
8209 1
8210 5
8211 15
8212 4
8213 2
8214 11
8215 5
8216 21
8217 11
8218 5
8219 1
8220 36
8221 1
8222 2
8223 2
8224 19
8225 11
8226 11
8227 2
8228 26
8229 5
8230 5
8231 1
8232 109
8233 1
8234 5
8235 21
8236 11
8237 1
8238 5
8239 5
8240 38
8241 5
8242 5
8243 1
8244 26
8245 5
8246 15
8247 2
8248 7
8249 2
8250 74
8251 2
8252 4
8253 11
8254 2
8255 5
8256 105
8257 2
8258 2
8259 2
8260 36
8261 2
8262 64
8263 1
8264 7
8265 15
8266 2
8267 2
8268 36
8269 1
8270 5
8271 4
8272 38
8273 1
8274 15
8275 4
8276 4
8277 5
8278 2
8279 2
8280 198
8281 9
8282 5
8283 5
8284 11
8285 2
8286 5
8287 1
8288 64
8289 7
8290 5
8291 1
8292 11
8293 1
8294 15
8295 15
8296 21
8297 1
8298 11
8299 2
8300 26
8301 2
8302 5
8303 4
8304 38
8305 5
8306 2
8307 11
8308 11
8309 2
8310 15
8311 1
8312 7
8313 5
8314 2
8315 2
8316 198
8317 1
8318 2
8319 5
8320 165
8321 2
8322 15
8323 5
8324 4
8325 26
8326 5
8327 2
8328 21
8329 1
8330 36
8331 2
8332 4
8333 2
8334 11
8335 2
8336 12
8337 5
8338 5
8339 2
8340 36
8341 2
8342 5
8343 12
8344 21
8345 2
8346 15
8347 2
8348 4
8349 11
8350 11
8351 2
8352 171
8353 1
8354 2
8355 5
8356 4
8357 2
8358 15
8359 2
8360 74
8361 4
8362 5
8363 1
8364 36
8365 5
8366 5
8367 2
8368 12
8369 1
8370 74
8371 2
8372 36
8373 2
8374 5
8375 7
8376 21
8377 1
8378 5
8379 26
8380 11
8381 4
8382 15
8383 2
8384 30
8385 15
8386 5
8387 1
8388 26
8389 1
8390 5
8391 2
8392 7
8393 5
8394 5
8395 5
8396 4
8397 7
8398 15
8399 2
8400 392
8401 2
8402 2
8403 2
8404 11
8405 4
8406 11
8407 2
8408 7
8409 2
8410 11
8411 2
8412 11
8413 2
8414 5
8415 36
8416 19
8417 2
8418 15
8419 1
8420 11
8421 5
8422 2
8423 1
8424 212
8425 4
8426 5
8427 4
8428 26
8429 1
8430 15
8431 1
8432 38
8433 4
8434 2
8435 5
8436 36
8437 5
8438 2
8439 5
8440 21
8441 2
8442 36
8443 1
8444 4
8445 5
8446 5
8447 1
8448 254
8449 5
8450 26
8451 7
8452 4
8453 2
8454 5
8455 5
8456 21
8457 2
8458 2
8459 2
8460 92
8461 1
8462 2
8463 15
8464 29
8465 2
8466 15
8467 1
8468 11
8469 4
8470 36
8471 2
8472 21
8473 2
8474 5
8475 11
8476 11
8477 4
8478 21
8479 2
8480 64
8481 5
8482 2
8483 2
8484 36
8485 2
8486 2
8487 11
8488 7
8489 2
8490 15
8491 2
8492 11
8493 5
8494 5
8495 2
8496 98
8497 2
8498 5
8499 2
8500 52
8501 1
8502 15
8503 2
8504 7
8505 64
8506 2
8507 2
8508 11
8509 2
8510 15
8511 2
8512 105
8513 1
8514 36
8515 5
8516 4
8517 5
8518 2
8519 2
8520 74
8521 1
8522 2
8523 4
8524 4
8525 11
8526 36
8527 1
8528 38
8529 2
8530 5
8531 2
8532 52
8533 5
8534 5
8535 5
8536 21
8537 1
8538 5
8539 1
8540 36
8541 11
8542 2
8543 1
8544 64
8545 2
8546 2
8547 15
8548 4
8549 2
8550 92
8551 2
8552 7
8553 2
8554 15
8555 5
8556 36
8557 2
8558 5
8559 7
8560 38
8561 2
8562 5
8563 1
8564 4
8565 5
8566 2
8567 2
8568 198
8569 5
8570 5
8571 2
8572 4
8573 1
8574 5
8575 16
8576 45
8577 4
8578 2
8579 2
8580 135
8581 1
8582 5
8583 2
8584 21
8585 5
8586 38
8587 2
8588 11
8589 5
8590 5
8591 4
8592 38
8593 2
8594 2
8595 11
8596 11
8597 1
8598 5
8599 1
8600 52
8601 5
8602 15
8603 2
8604 26
8605 2
8606 5
8607 5
8608 19
8609 1
8610 52
8611 2
8612 4
8613 21
8614 5
8615 2
8616 21
8617 2
8618 5
8619 11
8620 11
8621 2
8622 11
8623 1
8624 98
8625 21
8626 5
8627 1
8628 11
8629 1
8630 5
8631 11
8632 21
8633 2
8634 5
8635 5
8636 11
8637 2
8638 5
8639 2
8640 662
8641 1
8642 5
8643 5
8644 4
8645 15
8646 15
8647 1
8648 21
8649 9
8650 11
8651 2
8652 36
8653 2
8654 2
8655 5
8656 12
8657 2
8658 36
8659 2
8660 11
8661 2
8662 5
8663 1
8664 52
8665 2
8666 5
8667 12
8668 11
8669 1
8670 36
8671 5
8672 19
8673 11
8674 2
8675 4
8676 26
8677 1
8678 2
8679 5
8680 74
8681 1
8682 5
8683 2
8684 11
8685 11
8686 5
8687 5
8688 38
8689 1
8690 15
8691 2
8692 11
8693 1
8694 74
8695 5
8696 7
8697 5
8698 2
8699 1
8700 92
8701 5
8702 5
8703 4
8704 97
8705 2
8706 5
8707 1
8708 11
8709 2
8710 15
8711 2
8712 137
8713 1
8714 2
8715 15
8716 4
8717 2
8718 5
8719 1
8720 38
8721 21
8722 11
8723 5
8724 11
8725 4
8726 2
8727 2
8728 7
8729 5
8730 36
8731 1
8732 11
8733 5
8734 5
8735 2
8736 250
8737 1
8738 5
8739 4
8740 36
8741 1
8742 15
8743 2
8744 7
8745 15
8746 2
8747 1
8748 118
8749 2
8750 38
8751 2
8752 12
8753 1
8754 5
8755 5
8756 11
8757 11
8758 5
8759 2
8760 74
8761 1
8762 5
8763 5
8764 11
8765 2
8766 11
8767 2
8768 30
8769 5
8770 5
8771 4
8772 36
8773 2
8774 5
8775 52
8776 7
8777 2
8778 52
8779 1
8780 11
8781 2
8782 2
8783 1
8784 98
8785 5
8786 5
8787 5
8788 16
8789 5
8790 15
8791 2
8792 21
8793 4
8794 2
8795 2
8796 11
8797 2
8798 5
8799 5
8800 171
8801 2
8802 21
8803 1
8804 11
8805 5
8806 15
8807 1
8808 21
8809 2
8810 5
8811 11
8812 4
8813 2
8814 15
8815 5
8816 38
8817 2
8818 2
8819 1
8820 249
8821 1
8822 5
8823 5
8824 7
8825 4
8826 5
8827 5
8828 4
8829 12
8830 5
8831 1
8832 165
8833 4
8834 5
8835 15
8836 9
8837 1
8838 11
8839 1
8840 74
8841 5
8842 2
8843 2
8844 36
8845 5
8846 2
8847 4
8848 38
8849 1
8850 36
8851 2
8852 4
8853 5
8854 5
8855 15
8856 109
8857 2
8858 5
8859 2
8860 11
8861 1
8862 15
8863 1
8864 19
8865 11
8866 15
8867 1
8868 11
8869 4
8870 5
8871 2
8872 7
8873 2
8874 36
8875 7
8876 11
8877 5
8878 5
8879 2
8880 141
8881 2
8882 2
8883 21
8884 4
8885 2
8886 5
8887 1
8888 21
8889 2
8890 15
8891 2
8892 92
8893 1
8894 2
8895 5
8896 30
8897 5
8898 5
8899 2
8900 26
8901 11
8902 2
8903 2
8904 74
8905 5
8906 5
8907 2
8908 11
8909 2
8910 141
8911 5
8912 12
8913 2
8914 2
8915 2
8916 11
8917 2
8918 21
8919 4
8920 21
8921 2
8922 5
8923 1
8924 11
8925 36
8926 2
8927 2
8928 171
8929 1
8930 15
8931 5
8932 36
8933 1
8934 5
8935 2
8936 7
8937 7
8938 5
8939 2
8940 36
8941 1
8942 5
8943 5
8944 38
8945 2
8946 36
8947 2
8948 4
8949 5
8950 11
8951 1
8952 21
8953 2
8954 11
8955 11
8956 4
8957 4
8958 5
8959 4
8960 254
8961 5
8962 2
8963 1
8964 52
8965 5
8966 2
8967 11
8968 21
8969 1
8970 52
8971 1
8972 4
8973 4
8974 5
8975 4
8976 141
8977 2
8978 4
8979 5
8980 11
8981 2
8982 11
8983 2
8984 7
8985 5
8986 2
8987 5
8988 36
8989 2
8990 15
8991 19
8992 19
8993 4
8994 5
8995 5
8996 11
8997 2
8998 5
8999 1
9000 300
9001 1
9002 5
9003 2
9004 4
9005 2
9006 15
9007 1
9008 12
9009 36
9010 15
9011 1
9012 11
9013 1
9014 2
9015 5
9016 52
9017 2
9018 21
9019 2
9020 36
9021 5
9022 5
9023 2
9024 105
9025 9
9026 2
9027 11
9028 11
9029 1
9030 52
9031 2
9032 7
9033 2
9034 2
9035 5
9036 26
9037 2
9038 2
9039 5
9040 38
9041 1
9042 15
9043 1
9044 36
9045 21
9046 2
9047 2
9048 74
9049 1
9050 11
9051 5
9052 11
9053 2
9054 11
9055 2
9056 19
9057 2
9058 5
9059 1
9060 36
9061 5
9062 5
9063 11
9064 21
9065 11
9066 5
9067 1
9068 4
9069 2
9070 5
9071 2
9072 424
9073 2
9074 5
9075 26
9076 4
9077 2
9078 15
9079 2
9080 21
9081 4
9082 5
9083 2
9084 11
9085 5
9086 15
9087 5
9088 45
9089 2
9090 36
9091 1
9092 4
9093 5
9094 2
9095 5
9096 21
9097 2
9098 2
9099 7
9100 92
9101 2
9102 15
9103 1
9104 12
9105 5
9106 5
9107 2
9108 92
9109 1
9110 5
9111 2
9112 21
9113 2
9114 36
9115 2
9116 11
9117 4
9118 5
9119 2
9120 250
9121 2
9122 2
9123 2
9124 4
9125 7
9126 52
9127 1
9128 21
9129 5
9130 15
9131 2
9132 11
9133 1
9134 2
9135 36
9136 12
9137 1
9138 5
9139 5
9140 11
9141 5
9142 5
9143 2
9144 52
9145 5
9146 5
9147 2
9148 4
9149 2
9150 36
9151 1
9152 105
9153 12
9154 5
9155 2
9156 36
9157 1
9158 5
9159 5
9160 21
9161 1
9162 11
9163 11
9164 11
9165 15
9166 2
9167 2
9168 38
9169 2
9170 15
9171 4
9172 4
9173 1
9174 15
9175 4
9176 21
9177 15
9178 5
9179 2
9180 198
9181 1
9182 2
9183 2
9184 64
9185 5
9186 5
9187 1
9188 4
9189 4
9190 5
9191 5
9192 21
9193 2
9194 2
9195 5
9196 26
9197 2
9198 36
9199 1
9200 98
9201 2
9202 5
9203 1
9204 36
9205 5
9206 2
9207 21
9208 7
9209 1
9210 15
9211 2
9212 26
9213 5
9214 5
9215 5
9216 392
9217 2
9218 5
9219 5
9220 11
9221 1
9222 15
9223 2
9224 7
9225 26
9226 5
9227 1
9228 11
9229 2
9230 15
9231 5
9232 12
9233 2
9234 64
9235 2
9236 4
9237 2
9238 5
9239 1
9240 296
9241 1
9242 2
9243 11
9244 4
9245 4
9246 15
9247 2
9248 47
9249 2
9250 21
9251 4
9252 26
9253 2
9254 5
9255 5
9256 21
9257 1
9258 5
9259 2
9260 11
9261 31
9262 5
9263 2
9264 38
9265 5
9266 5
9267 2
9268 11
9269 5
9270 36
9271 2
9272 21
9273 5
9274 2
9275 11
9276 11
9277 1
9278 2
9279 4
9280 105
9281 1
9282 52
9283 1
9284 11
9285 5
9286 2
9287 2
9288 109
9289 2
9290 5
9291 5
9292 11
9293 1
9294 5
9295 11
9296 38
9297 4
9298 2
9299 2
9300 92
9301 2
9302 2
9303 5
9304 7
9305 2
9306 36
9307 2
9308 11
9309 5
9310 36
9311 1
9312 64
9313 2
9314 2
9315 38
9316 11
9317 7
9318 5
9319 1
9320 21
9321 5
9322 5
9323 1
9324 92
9325 4
9326 2
9327 2
9328 38
9329 2
9330 15
9331 5
9332 4
9333 11
9334 5
9335 2
9336 21
9337 1
9338 15
9339 5
9340 11
9341 1
9342 21
9343 1
9344 45
9345 15
9346 2
9347 2
9348 36
9349 1
9350 36
9351 4
9352 21
9353 2
9354 5
9355 2
9356 4
9357 2
9358 2
9359 4
9360 392
9361 5
9362 5
9363 2
9364 4
9365 2
9366 15
9367 5
9368 7
9369 7
9370 5
9371 1
9372 36
9373 5
9374 5
9375 19
9376 19
9377 1
9378 11
9379 2
9380 36
9381 5
9382 2
9383 2
9384 74
9385 2
9386 11
9387 11
9388 4
9389 2
9390 15
9391 1
9392 12
9393 5
9394 15
9395 2
9396 98
9397 1
9398 5
9399 5
9400 52
9401 5
9402 5
9403 1
9404 4
9405 36
9406 2
9407 2
9408 289
9409 2
9410 5
9411 2
9412 11
9413 1
9414 11
9415 5
9416 21
9417 5
9418 5
9419 1
9420 36
9421 1
9422 5
9423 7
9424 38
9425 11
9426 5
9427 2
9428 4
9429 5
9430 15
9431 1
9432 52
9433 1
9434 5
9435 15
9436 11
9437 1
9438 36
9439 1
9440 64
9441 4
9442 2
9443 5
9444 11
9445 2
9446 2
9447 5
9448 7
9449 2
9450 198
9451 2
9452 11
9453 5
9454 5
9455 5
9456 38
9457 4
9458 2
9459 4
9460 36
9461 1
9462 15
9463 1
9464 52
9465 5
9466 2
9467 1
9468 26
9469 2
9470 5
9471 15
9472 67
9473 1
9474 5
9475 4
9476 11
9477 30
9478 5
9479 1
9480 74
9481 2
9482 5
9483 5
9484 4
9485 5
9486 36
9487 2
9488 12
9489 2
9490 15
9491 1
9492 36
9493 2
9494 5
9495 11
9496 7
9497 1
9498 5
9499 5
9500 52
9501 2
9502 2
9503 5
9504 382
9505 2
9506 11
9507 2
9508 4
9509 2
9510 15
9511 1
9512 21
9513 11
9514 5
9515 5
9516 36
9517 2
9518 2
9519 5
9520 141
9521 1
9522 26
9523 2
9524 4
9525 11
9526 5
9527 2
9528 21
9529 2
9530 5
9531 7
9532 4
9533 1
9534 15
9535 2
9536 30
9537 11
9538 5
9539 1
9540 92
9541 5
9542 5
9543 2
9544 7
9545 5
9546 15
9547 1
9548 36
9549 4
9550 11
9551 1
9552 38
9553 2
9554 5
9555 36
9556 4
9557 2
9558 38
9559 4
9560 21
9561 2
9562 5
9563 2
9564 11
9565 2
9566 2
9567 4
9568 64
9569 2
9570 52
9571 2
9572 4
9573 2
9574 2
9575 4
9576 198
9577 2
9578 2
9579 5
9580 11
9581 5
9582 5
9583 4
9584 12
9585 21
9586 2
9587 1
9588 36
9589 2
9590 15
9591 5
9592 21
9593 2
9594 36
9595 5
9596 4
9597 5
9598 2
9599 2
9600 467
9601 1
9602 2
9603 11
9604 29
9605 5
9606 5
9607 2
9608 7
9609 2
9610 11
9611 2
9612 52
9613 1
9614 15
9615 5
9616 12
9617 2
9618 15
9619 1
9620 36
9621 4
9622 5
9623 1
9624 21
9625 21
9626 2
9627 2
9628 11
9629 1
9630 36
9631 1
9632 64
9633 11
9634 2
9635 5
9636 36
9637 2
9638 5
9639 38
9640 21
9641 2
9642 5
9643 1
9644 4
9645 5
9646 15
9647 2
9648 98
9649 1
9650 11
9651 2
9652 11
9653 4
9654 5
9655 2
9656 21
9657 11
9658 5
9659 2
9660 135
9661 1
9662 2
9663 2
9664 30
9665 2
9666 21
9667 2
9668 4
9669 5
9670 5
9671 2
9672 74
9673 2
9674 5
9675 26
9676 11
9677 1
9678 5
9679 1
9680 98
9681 5
9682 5
9683 2
9684 26
9685 5
9686 5
9687 2
9688 21
9689 1
9690 52
9691 2
9692 4
9693 7
9694 5
9695 5
9696 64
9697 1
9698 5
9699 5
9700 26
9701 2
9702 92
9703 2
9704 7
9705 5
9706 5
9707 2
9708 11
9709 5
9710 5
9711 11
9712 12
9713 2
9714 5
9715 5
9716 11
9717 5
9718 5
9719 1
9720 382
9721 1
9722 2
9723 5
9724 36
9725 4
9726 5
9727 2
9728 97
9729 11
9730 15
9731 2
9732 11
9733 1
9734 5
9735 15
9736 7
9737 5
9738 11
9739 1
9740 11
9741 5
9742 2
9743 1
9744 141
9745 2
9746 5
9747 16
9748 4
9749 1
9750 74
9751 4
9752 21
9753 2
9754 2
9755 2
9756 26
9757 2
9758 15
9759 2
9760 64
9761 2
9762 5
9763 2
9764 4
9765 36
9766 5
9767 1
9768 74
9769 1
9770 5
9771 2
9772 11
9773 2
9774 21
9775 11
9776 38
9777 2
9778 2
9779 5
9780 36
9781 1
9782 5
9783 4
9784 7
9785 5
9786 15
9787 1
9788 4
9789 5
9790 15
9791 1
9792 289
9793 2
9794 5
9795 5
9796 11
9797 2
9798 15
9799 2
9800 137
9801 29
9802 11
9803 1
9804 36
9805 5
9806 2
9807 5
9808 12
9809 2
9810 36
9811 1
9812 11
9813 2
9814 5
9815 5
9816 21
9817 1
9818 2
9819 4
9820 11
9821 5
9822 5
9823 5
9824 19
9825 11
9826 7
9827 2
9828 198
9829 1
9830 5
9831 5
9832 7
9833 1
9834 15
9835 5
9836 4
9837 4
9838 2
9839 1
9840 141
9841 2
9842 15
9843 5
9844 11
9845 5
9846 11
9847 2
9848 7
9849 11
9850 11
9851 1
9852 11
9853 2
9854 5
9855 21
9856 165
9857 1
9858 15
9859 1
9860 36
9861 5
9862 2
9863 2
9864 52
9865 2
9866 2
9867 15
9868 4
9869 2
9870 52
9871 1
9872 12
9873 4
9874 2
9875 7
9876 11
9877 5
9878 5
9879 5
9880 74
9881 2
9882 38
9883 1
9884 11
9885 5
9886 2
9887 1
9888 64
9889 5
9890 15
9891 11
9892 4
9893 2
9894 15
9895 2
9896 7
9897 2
9898 11
9899 2
9900 249
9901 1
9902 2
9903 2
9904 12
9905 5
9906 15
9907 1
9908 4
9909 7
9910 5
9911 5
9912 74
9913 2
9914 2
9915 5
9916 11
9917 2
9918 36
9919 5
9920 105
9921 2
9922 11
9923 1
9924 11
9925 4
9926 5
9927 4
9928 21
9929 1
9930 15
9931 1
9932 11
9933 15
9934 2
9935 2
9936 212
9937 2
9938 2
9939 2
9940 36
9941 1
9942 5
9943 2
9944 21
9945 36
9946 2
9947 7
9948 11
9949 1
9950 11
9951 5
9952 19
9953 2
9954 36
9955 5
9956 11
9957 2
9958 5
9959 2
9960 74
9961 2
9962 5
9963 19
9964 11
9965 2
9966 15
9967 1
9968 38
9969 2
9970 5
9971 4
9972 26
9973 1
9974 2
9975 36
9976 21
9977 2
9978 5
9979 2
9980 11
9981 4
9982 15
9983 2
9984 254
9985 2
9986 2
9987 2
9988 11
9989 2
9990 74
9991 2
9992 7
9993 2
9994 5
9995 2
9996 92
9997 2
9998 2
9999 11
10000 109







