0 1
1 2
2 4
3 3
4 6
5 10
6 12
7 4
8 8
9 18
10 6
11 11
12 20
13 18
14 28
15 5
16 10
17 12
18 36
19 12
20 20
21 14
22 12
23 23
24 21
25 8
26 52
27 20
28 18
29 58
30 60
31 6
32 12
33 66
34 22
35 35
36 9
37 20
38 30
39 39
40 54
41 82
42 8
43 28
44 11
45 12
46 10
47 36
48 48
49 30
50 100
51 51
52 12
53 106
54 36
55 36
56 28
57 44
58 12
59 24
60 110
61 20
62 100
63 7
64 14
65 130
66 18
67 36
68 68
69 138
70 46
71 60
72 28
73 42
74 148
75 15
76 24
77 20
78 52
79 52
80 33
81 162
82 20
83 83
84 156
85 18
86 172
87 60
88 58
89 178
90 180
91 60
92 36
93 40
94 18
95 95
96 96
97 12
98 196
99 99
100 66
101 84
102 20
103 66
104 90
105 210
106 70
107 28
108 15
109 18
110 24
111 37
112 60
113 226
114 76
115 30
116 29
117 92
118 78
119 119
120 24
121 162
122 84
123 36
124 82
125 50
126 110
127 8
128 16
129 36
130 84
131 131
132 52
133 22
134 268
135 135
136 12
137 20
138 92
139 30
140 70
141 94
142 36
143 60
144 136
145 48
146 292
147 116
148 90
149 132
150 42
151 100
152 60
153 102
154 102
155 155
156 156
157 12
158 316
159 140
160 106
161 72
162 60
163 36
164 69
165 30
166 36
167 132
168 21
169 28
170 10
171 147
172 44
173 346
174 348
175 36
176 88
177 140
178 24
179 179
180 342
181 110
182 36
183 183
184 60
185 156
186 372
187 100
188 84
189 378
190 14
191 191
192 60
193 42
194 388
195 88
196 130
197 156
198 44
199 18
200 200
201 60
202 108
203 180
204 204
205 68
206 174
207 164
208 138
209 418
210 420
211 138
212 40
213 60
214 60
215 43
216 72
217 28
218 198
219 73
220 42
221 442
222 44
223 148
224 224
225 20
226 30
227 12
228 76
229 72
230 460
231 231
232 20
233 466
234 66
235 52
236 70
237 180
238 156
239 239
240 36
241 66
242 48
243 243
244 162
245 490
246 56
247 60
248 105
249 166
250 166
251 251
252 100
253 156
254 508
255 9
256 18
257 204
258 230
259 172
260 260
261 522
262 60
263 40
264 253
265 174
266 60
267 212
268 178
269 210
270 540
271 180
272 36
273 546
274 60
275 252
276 39
277 36
278 556
279 84
280 40
281 562
282 28
283 54
284 284
285 114
286 190
287 220
288 144
289 96
290 246
291 260
292 12
293 586
294 90
295 196
296 148
297 24
298 198
299 299
300 25
301 66
302 220
303 303
304 84
305 276
306 612
307 20
308 154
309 618
310 198
311 33
312 500
313 90
314 72
315 45
316 210
317 28
318 84
319 210
320 64
321 214
322 28
323 323
324 290
325 30
326 652
327 260
328 18
329 658
330 660
331 24
332 36
333 308
334 74
335 60
336 48
337 180
338 676
339 48
340 226
341 22
342 68
343 76
344 156
345 230
346 30
347 276
348 40
349 58
350 700
351 36
352 92
353 300
354 708
355 78
356 55
357 60
358 238
359 359
360 51
361 24
362 140
363 121
364 486
365 56
366 244
367 84
368 330
369 246
370 36
371 371
372 148
373 246
374 318
375 375
376 50
377 60
378 756
379 110
380 380
381 36
382 24
383 348
384 384
385 16
386 772
387 20
388 36
389 180
390 70
391 252
392 52
393 786
394 262
395 84
396 60
397 52
398 796
399 184
400 66
401 90
402 132
403 268
404 404
405 270
406 270
407 324
408 126
409 12
410 820
411 411
412 20
413 826
414 828
415 92
416 168
417 332
418 90
419 419
420 812
421 70
422 156
423 330
424 94
425 396
426 852
427 36
428 428
429 858
430 60
431 431
432 172
433 136
434 390
435 132
436 48
437 300
438 876
439 292
440 55
441 882
442 116
443 443
444 21
445 270
446 414
447 356
448 132
449 140
450 104
451 42
452 180
453 906
454 300
455 91
456 410
457 60
458 390
459 153
460 102
461 420
462 180
463 102
464 464
465 126
466 310
467 40
468 117
469 156
470 940
471 220
472 36
473 946
474 36
475 316
476 68
477 380
478 140
479 204
480 155
481 318
482 96
483 483
484 72
485 194
486 138
487 60
488 488
489 110
490 36
491 491
492 196
493 138
494 154
495 495
496 30
497 396
498 332
499 36
500 60
501 232
502 132
503 468
504 504
505 42
506 92
507 84
508 84
509 1018
510 340
511 10
512 20
513 156
514 294
515 515
516 258
517 132
518 120
519 519
520 346
521 444
522 180
523 348
524 262
525 350
526 108
527 420
528 15
529 88
530 1060
531 531
532 140
533 240
534 356
535 24
536 252
537 140
538 358
539 492
540 253
541 342
542 60
543 543
544 330
545 1090
546 364
547 36
548 274
549 156
550 366
551 29
552 24
553 180
554 1108
555 100
556 156
557 148
558 1116
559 372
560 522
561 1122
562 300
563 231
564 564
565 84
566 510
567 452
568 378
569 264
570 162
571 42
572 76
573 180
574 382
575 575
576 288
577 60
578 132
579 180
580 126
581 166
582 116
583 388
584 249
585 1170
586 88
587 460
588 530
589 390
590 236
591 156
592 156
593 1186
594 140
595 44
596 298
597 476
598 18
599 180
600 300
601 200
602 24
603 280
604 60
605 516
606 1212
607 324
608 152
609 572
610 180
611 611
612 420
613 204
614 1228
615 615
616 204
617 36
618 1236
619 174
620 72
621 140
622 164
623 28
624 156
625 138
626 534
627 100
628 418
629 1258
630 48
631 420
632 220
633 180
634 414
635 20
636 198
637 40
638 1276
639 639
640 60
641 1282
642 16
643 60
644 161
645 1290
646 86
647 36
648 648
649 72
650 1300
651 651
652 84
653 1306
654 120
655 198
656 300
657 524
658 146
659 659
660 60
661 126
662 260
663 221
664 442
665 1210
666 70
667 44
668 285
669 204
670 444
671 312
672 268
673 224
674 630
675 96
676 20
677 540
678 638
679 30
680 680
681 644
682 12
683 683
684 1332
685 76
686 1372
687 100
688 216
689 588
690 1380
691 460
692 92
693 18
694 462
695 636
696 99
697 60
698 70
699 233
700 466
701 660
702 140
703 66
704 704
705 328
706 156
707 188
708 36
709 70
710 84
711 237
712 180
713 1426
714 84
715 468
716 179
717 60
718 478
719 719
720 130
721 36
722 136
723 723
724 66
725 1450
726 1452
727 48
728 115
729 486
730 486
731 90
732 292
733 162
734 84
735 245
736 490
737 580
738 210
739 56
740 370
741 1482
742 180
743 743
744 744
745 210
746 1492
747 132
748 166
749 1498
750 234
751 498
752 84
753 340
754 502
755 755
756 88
757 100
758 180
759 105
760 156
761 1522
762 60
763 508
764 690
765 1530
766 18
767 204
768 364
769 54
770 66
771 771
772 204
773 24
774 1548
775 230
776 194
777 620
778 516
779 779
780 111
781 260
782 156
783 783
784 522
785 1570
786 660
787 60
788 738
789 526
790 40
791 791
792 316
793 506
794 678
795 252
796 522
797 140
798 532
799 60
800 400
801 228
802 212
803 803
804 201
805 534
806 52
807 72
808 210
809 1618
810 1620
811 540
812 300
813 542
814 180
815 87
816 385
817 36
818 1636
819 740
820 546
821 260
822 276
823 180
824 48
825 84
826 252
827 60
828 92
829 78
830 30
831 831
832 36
833 1666
834 1668
835 556
836 357
837 660
838 84
839 99
840 820
841 120
842 84
843 24
844 562
845 198
846 1692
847 28
848 848
849 566
850 162
851 780
852 20
853 284
854 244
855 812
856 114
857 588
858 200
859 570
860 215
861 574
862 220
863 260
864 36
865 144
866 1732
867 692
868 96
869 828
870 1740
871 246
872 348
873 1746
874 260
875 408
876 146
877 36
878 150
879 879
880 586
881 140
882 88
883 90
884 420
885 330
886 588
887 140
888 74
889 148
890 204
891 891
892 24
893 1786
894 596
895 198
896 810
897 716
898 598
899 48
900 25
901 50
902 684
903 276
904 198
905 362
906 252
907 220
908 429
909 424
910 606
911 911
912 180
913 84
914 290
915 305
916 276
917 732
918 830
919 612
920 393
921 144
922 60
923 923
924 602
925 154
926 72
927 156
928 618
929 780
930 1860
931 594
932 372
933 1866
934 66
935 935
936 936
937 500
938 1876
939 939
940 90
941 804
942 84
943 72
944 472
945 60
946 90
947 756
948 135
949 210
950 1900
951 860
952 28
953 1906
954 902
955 84
956 239
957 764
958 630
959 900
960 56
961 64
962 60
963 460
964 214
965 1930
966 644
967 84
968 444
969 276
970 646
971 924
972 388
973 290
974 1948
975 975
976 30
977 88
978 306
979 652
980 468
981 60
982 260
983 210
984 890
985 18
986 1972
987 780
988 658
989 1978
990 282
991 660
992 44
993 1986
994 24
995 180
996 996
997 36
998 1996
999 333
1000 308
1001 286
1002 200
1003 222
1004 420
1005 402
1006 60
1007 60
1008 336
1009 48
1010 322
1011 408
1012 540
1013 2026
1014 2028
1015 676
1016 954
1017 180
1018 48
1019 1019
1020 156
1021 678
1022 204
1023 11
1024 22
1025 876
1026 2052
1027 68
1028 440
1029 140
1030 228
1031 1031
1032 348
1033 156
1034 2068
1035 36
1036 230
1037 820
1038 330
1039 90
1040 1040
1041 2082
1042 276
1043 1043
1044 29
1045 40
1046 132
1047 836
1048 174
1049 2098
1050 190
1051 700
1052 420
1053 42
1054 36
1055 1055
1056 44
1057 276
1058 252
1059 324
1060 300
1061 480
1062 200
1063 708
1064 532
1065 2130
1066 234
1067 60
1068 1068
1069 110
1070 2140
1071 51
1072 60
1073 252
1074 102
1075 714
1076 1076
1077 172
1078 718
1079 56
1080 1080
1081 102
1082 72
1083 980
1084 24
1085 996
1086 260
1087 140
1088 465
1089 726
1090 242
1091 1044
1092 396
1093 1458
1094 990
1095 156
1096 56
1097 292
1098 2028
1099 244
1100 35
1101 734
1102 84
1103 1103
1104 1081
1105 330
1106 2212
1107 884
1108 246
1109 948
1110 2220
1111 36
1112 220
1113 520
1114 742
1115 528
1116 420
1117 148
1118 2236
1119 1119
1120 738
1121 2242
1122 224
1123 318
1124 516
1125 750
1126 750
1127 20
1128 180
1129 150
1130 72
1131 45
1132 60
1133 2266
1134 2268
1135 756
1136 568
1137 60
1138 330
1139 364
1140 190
1141 380
1142 76
1143 381
1144 36
1145 1092
1146 2292
1147 72
1148 1148
1149 990
1150 348
1151 483
1152 460
1153 384
1154 2308
1155 1155
1156 48
1157 924
1158 30
1159 772
1160 210
1161 1100
1162 20
1163 1068
1164 136
1165 36
1166 2332
1167 932
1168 180
1169 2338
1170 780
1171 70
1172 132
1173 782
1174 756
1175 47
1176 180
1177 52
1178 2356
1179 21
1180 786
1181 552
1182 140
1183 786
1184 561
1185 2370
1186 84
1187 900
1188 1188
1189 60
1190 476
1191 397
1192 156
1193 30
1194 2388
1195 796
1196 598
1197 956
1198 184
1199 1199
1200 1029
1201 198
1202 36
1203 1148
1204 90
1205 482
1206 126
1207 132
1208 1208
1209 580
1210 804
1211 1211
1212 240
1213 404
1214 1038
1215 120
1216 270
1217 972
1218 2436
1219 270
1220 305
1221 348
1222 324
1223 1223
1224 195
1225 126
1226 370
1227 980
1228 36
1229 2458
1230 1166
1231 820
1232 56
1233 2466
1234 822
1235 264
1236 618
1237 60
1238 2476
1239 396
1240 826
1241 1140
1242 420
1243 828
1244 1170
1245 1196
1246 276
1247 332
1248 1130
1249 168
1250 60
1251 1251
1252 332
1253 396
1254 96
1255 270
1256 537
1257 1004
1258 838
1259 380
1260 1260
1261 812
1262 100
1263 342
1264 210
1265 2530
1266 296
1267 156
1268 406
1269 2538
1270 330
1271 1271
1272 508
1273 282
1274 2548
1275 1275
1276 396
1277 36
1278 2556
1279 852
1280 588
1281 290
1282 36
1283 120
1284 183
1285 428
1286 410
1287 1020
1288 858
1289 2578
1290 308
1291 60
1292 460
1293 396
1294 862
1295 1295
1296 81
1297 172
1298 1092
1299 308
1300 408
1301 612
1302 260
1303 390
1304 1304
1305 372
1306 132
1307 1044
1308 1308
1309 144
1310 2620
1311 420
1312 300
1313 1260
1314 1190
1315 876
1316 1316
1317 40
1318 876
1319 84
1320 414
1321 110
1322 1012
1323 1323
1324 882
1325 120
1326 378
1327 348
1328 166
1329 2658
1330 886
1331 1331
1332 60
1333 42
1334 104
1335 445
1336 810
1337 1060
1338 2676
1339 414
1340 573
1341 2682
1342 356
1343 79
1344 224
1345 132
1346 2692
1347 420
1348 140
1349 2698
1350 36
1351 104
1352 540
1353 2706
1354 42
1355 1355
1356 1356
1357 180
1358 180
1359 1359
1360 906
1361 1164
1362 180
1363 900
1364 1364
1365 26
1366 182
1367 1092
1368 264
1369 410
1370 2740
1371 420
1372 60
1373 660
1374 916
1375 390
1376 1376
1377 252
1378 306
1379 55
1380 50
1381 102
1382 156
1383 461
1384 420
1385 648
1386 1334
1387 180
1388 1388
1389 132
1390 306
1391 110
1392 556
1393 464
1394 2788
1395 465
1396 126
1397 84
1398 2796
1399 930
1400 1400
1401 2802
1402 40
1403 600
1404 2756
1405 234
1406 336
1407 1124
1408 156
1409 2818
1410 60
1411 940
1412 140
1413 80
1414 220
1415 1332
1416 118
1417 108
1418 2836
1419 664
1420 946
1421 2842
1422 284
1423 36
1424 180
1425 2850
1426 948
1427 228
1428 102
1429 68
1430 2860
1431 204
1432 380
1433 1380
1434 90
1435 420
1436 312
1437 1100
1438 204
1439 1439
1440 462
1441 310
1442 144
1443 1443
1444 954
1445 1218
1446 1310
1447 96
1448 1448
1449 444
1450 966
1451 1451
1452 492
1453 72
1454 2908
1455 140
1456 194
1457 260
1458 972
1459 138
1460 77
1461 468
1462 60
1463 1463
1464 700
1465 488
1466 1254
1467 1172
1468 110
1469 2938
1470 344
1471 36
1472 180
1473 420
1474 982
1475 1356
1476 492
1477 196
1478 2956
1479 1340
1480 138
1481 2962
1482 148
1483 154
1484 371
1485 110
1486 990
1487 120
1488 228
1489 30
1490 270
1491 468
1492 396
1493 1428
1494 420
1495 332
1496 180
1497 1196
1498 108
1499 1499
1500 1500
1501 60
1502 100
1503 240
1504 232
1505 3010
1506 1430
1507 132
1508 129
1509 3018
1510 468
1511 1511
1512 220
1513 504
1514 348
1515 72
1516 42
1517 1212
1518 3036
1519 92
1520 1520
1521 712
1522 84
1523 460
1524 762
1525 252
1526 70
1527 276
1528 1018
1529 198
1530 204
1531 340
1532 612
1533 3066
1534 30
1535 1476
1536 219
1537 20
1538 360
1539 1539
1540 156
1541 3082
1542 308
1543 294
1544 772
1545 70
1546 1030
1547 1236
1548 162
1549 258
1550 1326
1551 1484
1552 396
1553 1428
1554 444
1555 120
1556 470
1557 132
1558 1038
1559 1559
1560 156
1561 1038
1562 2500
1563 1508
1564 444
1565 100
1566 24
1567 180
1568 784
1569 126
1570 348
1571 672
1572 72
1573 262
1574 1518
1575 748
1576 350
1577 180
1578 60
1579 324
1580 252
1581 1054
1582 420
1583 1583
1584 1584
1585 30
1586 1494
1587 140
1588 264
1589 680
1590 1060
1591 1060
1592 84
1593 3186
1594 1062
1595 55
1596 255
1597 420
1598 1518
1599 228
1600 240
1601 3202
1602 64
1603 356
1604 1604
1605 468
1606 72
1607 428
1608 804
1609 252
1610 644
1611 1460
1612 140
1613 1380
1614 1076
1615 1074
1616 780
1617 1292
1618 492
1619 780
1620 231
1621 506
1622 580
1623 760
1624 342
1625 650
1626 3252
1627 60
1628 407
1629 1086
1630 1086
1631 300
1632 652
1633 990
1634 1398
1635 545
1636 1090
1637 260
1638 28
1639 364
1640 96
1641 462
1642 36
1643 1548
1644 660
1645 274
1646 396
1647 1316
1648 156
1649 3298
1650 660
1651 366
1652 660
1653 3306
1654 58
1655 210
1656 828
1657 24
1658 530
1659 1659
1660 540
1661 3322
1662 180
1663 1108
1664 1664
1665 222
1666 100
1667 308
1668 805
1669 156
1670 48
1671 557
1672 148
1673 3346
1674 392
1675 1116
1676 717
1677 60
1678 372
1679 1679
1680 168
1681 522
1682 48
1683 36
1684 1122
1685 3370
1686 1124
1687 900
1688 510
1689 180
1690 462
1691 792
1692 676
1693 564
1694 484
1695 113
1696 84
1697 48
1698 546
1699 510
1700 1602
1701 820
1702 452
1703 1703
1704 243
1705 378
1706 3412
1707 44
1708 264
1709 1572
1710 310
1711 162
1712 340
1713 1628
1714 126
1715 207
1716 1716
1717 76
1718 1470
1719 180
1720 180
1721 780
1722 156
1723 1146
1724 431
1725 168
1726 1150
1727 460
1728 576
1729 288
1730 3460
1731 577
1732 60
1733 3466
1734 3468
1735 132
1736 165
1737 1380
1738 180
1739 105
1740 3422
1741 378
1742 40
1743 1580
1744 166
1745 3490
1746 498
1747 116
1748 804
1749 3498
1750 1164
1751 140
1752 700
1753 498
1754 1540
1755 1755
1756 1170
1757 36
1758 3516
1759 264
1760 753
1761 540
1762 460
1763 1763
1764 882
1765 530
1766 3532
1767 300
1768 1170
1769 3538
1770 236
1771 236
1772 708
1773 3546
1774 156
1775 1716
1776 360
1777 156
1778 3556
1779 1779
1780 1186
1781 1524
1782 220
1783 140
1784 574
1785 3570
1786 132
1787 60
1788 63
1789 298
1790 3580
1791 1791
1792 476
1793 840
1794 144
1795 18
1796 1796
1797 1436
1798 180
1799 1740
1800 276
1801 300
1802 204
1803 601
1804 600
1805 572
1806 3612
1807 24
1808 1808
1809 690
1810 280
1811 1811
1812 700
1813 60
1814 1710
1815 605
1816 516
1817 484
1818 3636
1819 1212
1820 30
1821 3642
1822 972
1823 780
1824 220
1825 152
1826 420
1827 56
1828 572
1829 3658
1830 522
1831 180
1832 244
1833 288
1834 1222
1835 1835
1836 918
1837 420
1838 3676
1839 564
1840 204
1841 28
1842 660
1843 1228
1844 120
1845 3690
1846 1230
1847 492
1848 1848
1849 612
1850 3700
1851 759
1852 36
1853 210
1854 3708
1855 1236
1856 897
1857 1484
1858 174
1859 1859
1860 3660
1861 72
1862 740
1863 1863
1864 140
1865 60
1866 3732
1867 492
1868 900
1869 534
1870 28
1871 1764
1872 636
1873 156
1874 1782
1875 110
1876 414
1877 1500
1878 408
1879 534
1880 188
1881 1820
1882 100
1883 1883
1884 1884
1885 1254
1886 1470
1887 60
1888 1258
1889 3778
1890 198
1891 48
1892 756
1893 540
1894 420
1895 296
1896 1896
1897 220
1898 3796
1899 1820
1900 180
1901 3802
1902 380
1903 1242
1904 876
1905 612
1906 20
1907 36
1908 1730
1909 198
1910 764
1911 637
1912 120
1913 154
1914 546
1915 1276
1916 958
1917 348
1918 1278
1919 1740
1920 913
1921 60
1922 384
1923 1923
1924 1282
1925 3850
1926 3852
1927 16
1928 252
1929 904
1930 180
1931 1931
1932 772
1933 322
1934 468
1935 273
1936 1290
1937 100
1938 3876
1939 258
1940 388
1941 440
1942 36
1943 1716
1944 648
1945 648
1946 152
1947 180
1948 72
1949 1668
1950 1886
1951 1300
1952 140
1953 3906
1954 1302
1955 1955
1956 84
1957 252
1958 3916
1959 1959
1960 1306
1961 3922
1962 260
1963 120
1964 1964
1965 3930
1966 198
1967 1572
1968 35
1969 300
1970 1686
1971 219
1972 524
1973 3946
1974 1790
1975 438
1976 1914
1977 84
1978 1318
1979 1908
1980 232
1981 60
1982 60
1983 1983
1984 378
1985 1710
1986 476
1987 260
1988 240
1989 1892
1990 442
1991 852
1992 796
1993 1326
1994 3988
1995 204
1996 1210
1997 184
1998 114
1999 70
2000 1000
2001 4002
2002 132
2003 2003
2004 630
2005 570
2006 4012
2007 180
2008 204
2009 4018
2010 4020
2011 1332
2012 660
2013 1342
2014 312
2015 1932
2016 36
2017 268
2018 1830
2019 144
2020 672
2021 1860
2022 404
2023 630
2024 506
2025 50
2026 96
2027 540
2028 169
2029 60
2030 130
2031 952
2032 540
2033 1722
2034 156
2035 638
2036 2036
2037 1620
2038 90
2039 2039
2040 780
2041 680
2042 252
2043 660
2044 644
2045 4090
2046 4092
2047 12
2048 24
2049 4098
2050 1366
2051 1860
2052 820
2053 1332
2054 1758
2055 2055
2056 228
2057 1644
2058 1958
2059 1372
2060 948
2061 90
2062 100
2063 2063
2064 688
2065 648
2066 4132
2067 1652
2068 588
2069 4138
2070 100
2071 1380
2072 828
2073 420
2074 1380
2075 444
2076 346
2077 92
2078 4156
2079 2079
2080 18
2081 1980
2082 168
2083 462
2084 1890
2085 336
2086 636
2087 1660
2088 87
2089 198
2090 252
2091 253
2092 180
2093 156
2094 2030
2095 70
2096 897
2097 1676
2098 466
2099 72
2100 525
2101 1398
2102 812
2103 75
2104 660
2105 842
2106 1910
2107 140
2108 1054
2109 4218
2110 66
2111 1020
2112 780
2113 704
2114 4228
2115 2115
2116 328
2117 660
2118 666
2119 468
2120 2120
2121 4242
2122 188
2123 340
2124 303
2125 36
2126 4252
2127 396
2128 210
2129 4258
2130 4260
2131 84
2132 852
2133 200
2134 474
2135 305
2136 534
2137 180
2138 276
2139 1940
2140 1426
2141 4282
2142 428
2143 84
2144 1072
2145 612
2146 1404
2147 1716
2148 537
2149 358
2150 440
2151 60
2152 60
2153 522
2154 690
2155 1434
2156 2034
2157 1724
2158 1438
2159 462
2160 1036
2161 130
2162 860
2163 2163
2164 36
2165 420
2166 618
2167 136
2168 2168
2169 1446
2170 1446
2171 700
2172 780
2173 198
2174 4348
2175 684
2176 1450
2177 132
2178 4356
2179 1452
2180 231
2181 4362
2182 48
2183 220
2184 16
2185 230
2186 4372
2187 1500
2188 486
2189 420
2190 84
2191 486
2192 876
2193 1060
2194 90
2195 2195
2196 1045
2197 292
2198 4396
2199 2132
2200 162
2201 72
2202 220
2203 84
2204 551
2205 200
2206 490
2207 1764
2208 45
2209 1470
2210 340
2211 737
2212 580
2213 522
2214 714
2215 210
2216 60
2217 1772
2218 168
2219 1056
2220 2220
2221 370
2222 84
2223 2223
2224 1482
2225 4450
2226 180
2227 540
2228 1114
2229 588
2230 1486
2231 2231
2232 828
2233 744
2234 180
2235 1048
2236 210
2237 1780
2238 1980
2239 1492
2240 560
2241 4482
2242 132
2243 192
2244 4422
2245 498
2246 4492
2247 140
2248 1498
2249 1020
2250 642
2251 234
2252 104
2253 4506
2254 1494
2255 2076
2256 47
2257 84
2258 4516
2259 753
2260 340
2261 266
2262 180
2263 1506
2264 969
2265 2156
2266 1510
2267 1812
2268 348
2269 88
2270 2142
2271 870
2272 300
2273 4546
2274 1516
2275 180
2276 364
2277 364
2278 210
2279 1104
2280 2280
2281 468
2282 820
2283 761
2284 1522
2285 1956
2286 536
2287 60
2288 99
2289 72
2290 1524
2291 2291
2292 780
2293 690
2294 264
2295 2295
2296 1530
2297 612
2298 1532
2299 18
2300 742
2301 4602
2302 204
2303 1080
2304 2090
2305 364
2306 1974
2307 420
2308 162
2309 740
2310 4620
2311 66
2312 900
2313 660
2314 1542
2315 420
2316 140
2317 204
2318 4636
2319 2319
2320 24
2321 422
2322 464
2323 1548
2324 2324
2325 1550
2326 690
2327 252
2328 388
2329 194
2330 2262
2331 777
2332 620
2333 2148
2334 924
2335 1548
2336 2336
2337 40
2338 1558
2339 2339
2340 15
2341 222
2342 468
2343 252
2344 780
2345 4690
2346 684
2347 156
2348 60
2349 252
2350 1566
2351 2351
2352 940
2353 522
2354 184
2355 48
2356 1570
2357 220
2358 572
2359 660
2360 295
2361 4722
2362 180
2363 2268
2364 788
2365 738
2366 364
2367 1892
2368 526
2369 2028
2370 430
2371 120
2372 36
2373 2300
2374 1582
2375 475
2376 336
2377 316
2378 2310
2379 793
2380 1518
2381 360
2382 68
2383 678
2384 450
2385 732
2386 252
2387 380
2388 280
2389 1566
2390 66
2391 2391
2392 140
2393 4786
2394 4788
2395 532
2396 2396
2397 204
2398 60
2399 2399
2400 1200
2401 400
2402 620
2403 990
2404 228
2405 376
2406 4812
2407 636
2408 1204
2409 780
2410 1606
2411 156
2412 480
2413 402
2414 730
2415 2415
2416 1602
2417 1932
2418 690
2419 52
2420 1173
2421 2324
2422 72
2423 2340
2424 372
2425 210
2426 2310
2427 388
2428 1618
2429 28
2430 972
2431 1620
2432 276
2433 260
2434 540
2435 487
2436 2210
2437 300
2438 4876
2439 120
2440 542
2441 144
2442 488
2443 180
2444 2444
2445 198
2446 174
2447 220
2448 2378
2449 770
2450 1092
2451 2451
2452 36
2453 2100
2454 1636
2455 1636
2456 2312
2457 1964
2458 740
2459 2459
2460 36
2461 546
2462 980
2463 756
2464 260
2465 986
2466 4932
2467 276
2468 1234
2469 1120
2470 540
2471 2471
2472 308
2473 48
2474 2100
2475 2475
2476 84
2477 1980
2478 4956
2479 252
2480 220
2481 708
2482 60
2483 2483
2484 2484
2485 92
2486 4972
2487 1980
2488 78
2489 2292
2490 584
2491 30
2492 332
2493 4986
2494 1662
2495 165
2496 624
2497 36
2498 2358
2499 357
2500 1666
2501 5002
2502 60
2503 1668
2504 2504
2505 5010
2506 1668
2507 232
2508 1204
2509 714
2510 1004
2511 2511
2512 660
2513 380
2514 2438
2515 84
2516 1077
2517 468
2518 198
2519 2519
2520 2485
2521 820
2522 504
2523 357
2524 360
2525 5050
2526 810
2527 84
2528 1164
2529 5058
2530 24
2531 2460
2532 92
2533 1686
2534 612
2535 460
2536 198
2537 420
2538 5076
2539 1692
2540 635
2541 264
2542 84
2543 2543
2544 363
2545 848
2546 2310
2547 2036
2548 566
2549 5098
2550 1700
2551 486
2552 340
2553 5106
2554 780
2555 2412
2556 426
2557 20
2558 168
2559 2559
2560 852
2561 828
2562 100
2563 244
2564 407
2565 732
2566 812
2567 156
2568 2330
2569 114
2570 624
2571 828
2572 588
2573 5146
2574 270
2575 200
2576 112
2577 2060
2578 1710
2579 330
2580 132
2581 430
2582 516
2583 861
2584 574
2585 5170
2586 246
2587 660
2588 415
2589 5178
2590 260
2591 315
2592 120
2593 36
2594 5188
2595 2492
2596 144
2597 2076
2598 1732
2599 1732
2600 1113
2601 770
2602 692
2603 140
2604 217
2605 288
2606 600
2607 444
2608 828
2609 408
2610 2486
2611 1740
2612 180
2613 5226
2614 246
2615 2615
2616 1308
2617 348
2618 748
2619 780
2620 1746
2621 2226
2622 524
2623 780
2624 1260
2625 638
2626 408
2627 700
2628 375
2629 146
2630 5260
2631 828
2632 108
2633 836
2634 2390
2635 150
2636 2636
2637 420
2638 1758
2639 377
2640 2640
2641 1758
2642 60
2643 1240
2644 140
2645 180
2646 858
2647 88
2648 662
2649 756
2650 90
2651 2651
2652 1060
2653 420
2654 5308
2655 644
2656 330
2657 2124
2658 204
2659 1764
2660 312
2661 1774
2662 140
2663 1140
2664 657
2665 74
2666 5332
2667 240
2668 444
2669 630
2670 252
2671 204
2672 356
2673 198
2674 1782
2675 2675
2676 1300
2677 24
2678 2430
2679 319
2680 1786
2681 860
2682 252
2683 596
2684 348
2685 260
2686 198
2687 700
2688 846
2689 810
2690 1076
2691 384
2692 716
2693 5386
2694 632
2695 1794
2696 1348
2697 492
2698 48
2699 2699
2700 490
2701 50
2702 1012
2703 2703
2704 150
2705 2316
2706 1804
2707 684
2708 2708
2709 42
2710 276
2711 280
2712 60
2713 594
2714 660
2715 2715
2716 362
2717 2172
2718 1812
2719 252
2720 544
2721 5442
2722 660
2723 2508
2724 908
2725 858
2726 180
2727 2180
2728 424
2729 2652
2730 14
2731 606
2732 364
2733 210
2734 1822
2735 547
2736 420
2737 180
2738 5476
2739 2739
2740 252
2741 5482
2742 548
2743 290
2744 830
2745 1224
2746 610
2747 156
2748 1309
2749 276
2750 5500
2751 917
2752 732
2753 5506
2754 786
2755 830
2756 1332
2757 116
2758 612
2759 2759
2760 2760
2761 786
2762 120
2763 2763
2764 144
2765 790
2766 2510
2767 180
2768 84
2769 2660
2770 1846
2771 264
2772 1108
2773 602
2774 890
2775 60
2776 462
2777 100
2778 5556
2779 72
2780 2706
2781 5562
2782 156
2783 2628
2784 464
2785 618
2786 5572
2787 740
2788 780
2789 2388
2790 124
2791 1860
2792 1116
2793 180
2794 1782
2795 2795
2796 552
2797 372
2798 672
2799 2540
2800 1866
2801 516
2802 1044
2803 66
2804 1365
2805 180
2806 1870
2807 2244
2808 340
2809 936
2810 90
2811 2811
2812 1500
2813 120
2814 72
2815 1876
2816 910
2817 924
2818 1878
2819 2819
2820 564
2821 90
2822 564
2823 2823
2824 804
2825 5650
2826 1884
2827 84
2828 2828
2829 5658
2830 72
2831 1212
2832 1020
2833 472
2834 436
2835 2756
2836 60
2837 2260
2838 270
2839 90
2840 396
2841 5682
2842 756
2843 2530
2844 711
2845 270
2846 5692
2847 264
2848 630
2849 1380
2850 5700
2851 1900
2852 324
2853 876
2854 860
2855 571
2856 196
2857 84
2858 5716
2859 126
2860 1906
2861 1392
2862 380
2863 902
2864 168
2865 260
2866 84
2867 180
2868 239
2869 478
2870 5740
2871 2871
2872 764
2873 2460
2874 5748
2875 1890
2876 2610
2877 2300
2878 900
2879 2652
2880 411
2881 56
2882 288
2883 117
2884 192
2885 2772
2886 550
2887 60
2888 468
2889 5778
2890 460
2891 2891
2892 132
2893 642
2894 2478
2895 2895
2896 1930
2897 180
2898 40
2899 644
2900 2900
2901 828
2902 252
2903 2903
2904 468
2905 444
2906 5812
2907 332
2908 276
2909 2530
2910 388
2911 1938
2912 580
2913 5826
2914 924
2915 1176
2916 306
2917 388
2918 672
2919 2919
2920 870
2921 5842
2922 996
2923 1948
2924 2924
2925 5850
2926 1950
2927 2340
2928 2928
2929 90
2930 1172
2931 60
2932 88
2933 838
2934 5868
2935 306
2936 1257
2937 2300
2938 1956
2939 2939
2940 1470
2941 468
2942 1060
2943 2436
2944 60
2945 476
2946 2870
2947 780
2948 2948
2949 1384
2950 210
2951 2951
2952 236
2953 890
2954 2790
2955 176
2956 54
2957 156
2958 240
2959 1972
2960 95
2961 5922
2962 780
2963 2963
2964 2310
2965 1974
2966 696
2967 2372
2968 1978
2969 5938
2970 228
2971 282
2972 140
2973 468
2974 660
2975 540
2976 992
2977 44
2978 396
2979 2900
2980 1986
2981 66
2982 596
2983 72
2984 161
2985 852
2986 180
2987 2380
2988 966
2989 996
2990 460
2991 480
2992 36
2993 5986
2994 364
2995 1996
2996 1380
2997 180
2998 666
2999 1284
3000 88
3001 924
3002 300
3003 1001
3004 286
3005 6010
3006 858
3007 200
3008 2730
3009 924
3010 666
3011 2844
3012 120
3013 420
3014 6028
3015 324
3016 402
3017 280
3018 2012
3019 60
3020 1293
3021 318
3022 60
3023 3023
3024 1441
3025 336
3026 6052
3027 516
3028 48
3029 738
3030 1260
3031 322
3032 1212
3033 6066
3034 408
3035 2796
3036 3036
3037 1620
3038 2958
3039 1013
3040 2026
3041 390
3042 152
3043 2028
3044 761
3045 2030
3046 2028
3047 572
3048 132
3049 954
3050 6100
3051 1432
3052 180
3053 980
3054 740
3055 48
3056 3056
3057 2444
3058 2038
3059 420
3060 1530
3061 156
3062 2100
3063 2780
3064 2034
3065 6130
3066 2044
3067 204
3068 1368
3069 876
3070 22
3071 3071
3072 1228
3073 66
3074 420
3075 1025
3076 876
3077 2460
3078 2990
3079 2052
3080 300
3081 2054
3082 204
3083 165
3084 495
3085 440
3086 6172
3087 180
3088 140
3089 2988
3090 882
3091 684
3092 1236
3093 2948
3094 2062
3095 60
3096 2810
3097 348
3098 6196
3099 3099
3100 156
3101 6202
3102 72
3103 2068
3104 1329
3105 6210
3106 36
3107 140
3108 1036
3109 690
3110 1244
3111 21
3112 820
3113 2868
3114 6228
3115 330
3116 1485
3117 28
3118 270
3119 1464
3120 3081
3121 1040
3122 156
3123 3123
3124 2082
3125 414
3126 468
3127 276
3128 3128
3129 1420
3130 2086
3131 3131
3132 1068
3133 58
3134 6268
3135 1045
3136 120
3137 100
3138 6276
3139 132
3140 570
3141 1020
3142 836
3143 3143
3144 90
3145 522
3146 420
3147 2516
3148 2098
3149 6298
3150 2100
3151 190
3152 48
3153 312
3154 2100
3155 3155
3156 3074
3157 420
3158 6316
3159 385
3160 42
3161 6322
3162 220
3163 36
3164 3164
3165 972
3166 2110
3167 180
3168 288
3169 44
3170 744
3171 3171
3172 828
3173 720
3174 906
3175 252
3176 397
3177 20
3178 324
3179 3179
3180 53
3181 300
3182 396
3183 3183
3184 480
3185 1012
3186 6372
3187 200
3188 273
3189 6378
3190 708
3191 2940
3192 1276
3193 532
3194 6388
3195 1230
3196 2130
3197 2556
3198 6396
3199 702
3200 1548
3201 126
3202 60
3203 1036
3204 168
3205 1068
3206 2860
3207 2564
3208 330
3209 2730
3210 2140
3211 2140
3212 80
3213 2142
3214 102
3215 1044
3216 153
3217 60
3218 260
3219 1564
3220 252
3221 1512
3222 644
3223 102
3224 806
3225 2150
3226 2142
3227 2580
3228 2930
3229 1076
3230 420
3231 770
3232 172
3233 1036
3234 6468
3235 2154
3236 3236
3237 180
3238 56
3239 90
3240 810
3241 1080
3242 648
3243 996
3244 102
3245 6490
3246 210
3247 72
3248 99
3249 528
3250 980
3251 1392
3252 1300
3253 72
3254 1034
3255 1528
3256 996
3257 2604
3258 882
3259 260
3260 1630
3261 740
3262 420
3263 3180
3264 102
3265 930
3266 138
3267 2612
3268 726
3269 3012
3270 210
3271 726
3272 120
3273 6546
3274 1044
3275 3275
3276 117
3277 396
3278 3198
3279 117
3280 4374
3281 386
3282 300
3283 990
3284 1642
3285 1314
3286 156
3287 2620
3288 3288
3289 168
3290 1316
3291 3164
3292 292
3293 2820
3294 2990
3295 2028
3296 3114
3297 2636
3298 732
3299 3299
3300 660
3301 70
3302 60
3303 3303
3304 734
3305 50
3306 776
3307 252
3308 1524
3309 6618
3310 2206
3311 3204
3312 1300
3313 2162
3314 2838
3315 1044
3316 330
3317 884
3318 6636
3319 2212
3320 532
3321 36
3322 884
3323 1496
3324 180
3325 246
3326 6652
3327 2420
3328 948
3329 6658
3330 2220
3331 2220
3332 140
3333 812
3334 36
3335 204
3336 1112
3337 220
3338 3030
3339 159
3340 520
3341 1620
3342 1140
3343 2226
3344 836
3345 6690
3346 528
3347 204
3348 180
3349 420
3350 6700
3351 3351
3352 444
3353 792
3354 6708
3355 2236
3356 1428
3357 312
3358 2238
3359 3359
3360 1380
3361 2214
3362 1340
3363 465
3364 2242
3365 364
3366 6732
3367 224
3368 3368
3369 3212
3370 318
3371 3060
3372 1260
3373 516
3374 88
3375 364
3376 750
3377 96
3378 812
3379 750
3380 1690
3381 6762
3382 20
3383 3300
3384 483
3385 180
3386 780
3387 540
3388 450
3389 6778
3390 6780
3391 72
3392 1276
3393 770
3394 90
3395 679
3396 1698
3397 60
3398 582
3399 1044
3400 2266
3401 6802
3402 680
3403 2268
3404 3090
3405 966
3406 756
3407 644
3408 200
3409 568
3410 3222
3411 3411
3412 60
3413 6826
3414 6828
3415 990
3416 3416
3417 2732
3418 364
3419 1464
3420 1710
3421 190
3422 1332
3423 1660
3424 1140
3425 120
3426 330
3427 76
3428 857
3429 6498
3430 762
3431 3431
3432 1372
3433 36
3434 6868
3435 687
3436 1092
3437 500
3438 3036
3439 2292
3440 1473
3441 6882
3442 216
3443 1680
3444 6806
3445 1148
3446 420
3447 588
3448 990
3449 6898
3450 1122
3451 348
3452 1380
3453 6906
3454 966
3455 3455
3456 185
3457 460
3458 6916
3459 360
3460 384
3461 462
3462 460
3463 2308
3464 780
3465 476
3466 2310
3467 36
3468 495
3469 144
3470 90
3471 260
3472 924
3473 6946
3474 6948
3475 30
3476 408
3477 636
3478 2316
3479 497
3480 1160
3481 210
3482 396
3483 1161
3484 1100
3485 6970
3486 1098
3487 60
3488 3488
3489 996
3490 1068
3491 3491
3492 140
3493 136
3494 168
3495 3495
3496 36
3497 932
3498 2332
3499 2332
3500 500
3501 3404
3502 932
3503 420
3504 1134
3505 180
3506 7012
3507 660
3508 2338
3509 7018
3510 696
3511 780
3512 140
3513 7026
3514 210
3515 429
3516 540
3517 132
3518 1130
3519 3519
3520 782
3521 7042
3522 704
3523 2268
3524 468
3525 320
3526 94
3527 328
3528 392
3529 180
3530 1122
3531 504
3532 156
3533 3420
3534 7068
3535 2356
3536 1070
3537 940
3538 42
3539 3539
3540 144
3541 786
3542 36
3543 1116
3544 552
3545 276
3546 860
3547 140
3548 345
3549 380
3550 2358
3551 3551
3552 84
3553 1122
3554 7108
3555 1092
3556 2370
3557 948
3558 3230
3559 84
3560 890
3561 1672
3562 900
3563 3563
3564 1782
3565 1188
3566 3054
3567 2852
3568 60
3569 3190
3570 288
3571 476
3572 84
3573 1020
3574 794
3575 325
3576 1705
3577 468
3578 840
3579 3579
3580 30
3581 252
3582 716
3583 2388
3584 3498
3585 700
3586 2388
3587 60
3588 3588
3589 598
3590 1162
3591 3260
3592 956
3593 7186
3594 156
3595 552
3596 3596
3597 2876
3598 2398
3599 1716
3600 378
3601 2058
3602 260
3603 3603
3604 594
3605 7210
3606 2404
3607 36
3608 1545
3609 7218
3610 1148
3611 145
3612 680
3613 90
3614 7228
3615 258
3616 482
3617 2892
3618 7236
3619 126
3620 1668
3621 7242
3622 132
3623 3623
3624 3290
3625 1208
3626 7252
3627 2900
3628 580
3629 120
3630 884
3631 2412
3632 1452
3633 1092
3634 2422
3635 660
3636 519
3637 240
3638 3438
3639 700
3640 1212
3641 7282
3642 460
3643 1038
3644 1764
3645 3476
3646 120
3647 972
3648 3648
3649 270
3650 3108
3651 396
3652 972
3653 7306
3654 1044
3655 2436
3656 1785
3657 180
3658 270
3659 3372
3660 1220
3661 610
3662 1460
3663 344
3664 348
3665 7330
3666 2444
3667 324
3668 1540
3669 1780
3670 2446
3671 786
3672 84
3673 390
3674 7348
3675 525
3676 126
3677 980
3678 1050
3679 370
3680 72
3681 396
3682 980
3683 3588
3684 1228
3685 108
3686 900
3687 2900
3688 2458
3689 1196
3690 660
3691 1166
3692 420
3693 902
3694 2460
3695 3492
3696 264
3697 56
3698 852
3699 105
3700 2466
3701 240
3702 740
3703 822
3704 595
3705 7410
3706 264
3707 2964
3708 3708
3709 618
3710 180
3711 228
3712 180
3713 3180
3714 792
3715 2476
3716 3716
3717 2972
3718 396
3719 1204
3720 531
3721 2478
3722 744
3723 3380
3724 1140
3725 7450
3726 112
3727 420
3728 3728
3729 7458
3730 828
3731 584
3732 1492
3733 1170
3734 240
3735 120
3736 1196
3737 660
3738 7476
3739 828
3740 1870
3741 1068
3742 332
3743 197
3744 468
3745 1130
3746 406
3747 2996
3748 168
3749 7498
3750 144
3751 60
3752 468
3753 7506
3754 2502
3755 252
3756 110
3757 996
3758 7516
3759 153
3760 396
3761 7522
3762 420
3763 96
3764 941
3765 1768
3766 810
3767 340
3768 1256
3769 1074
3770 7540
3771 396
3772 1004
3773 7546
3774 7548
3775 2514
3776 492
3777 3020
3778 380
3779 3779
3780 3780
3781 1260
3782 88
3783 759
3784 2436
3785 924
3786 7572
3787 100
3788 1894
3789 780
3790 342
3791 3791
3792 180
3793 630
3794 7588
3795 3795
3796 2530
3797 420
3798 3710
3799 296
3800 230
3801 7602
3802 156
3803 3803
3804 543
3805 406
3806 330
3807 3044
3808 2538
3809 1800
3810 7620
3811 330
3812 300
3813 3668
3814 2542
3815 3516
3816 224
3817 508
3818 3270
3819 1273
3820 846
3821 7642
3822 1380
3823 2548
3824 3824
3825 1092
3826 2550
3827 3060
3828 180
3829 396
3830 3726
3831 624
3832 36
3833 40
3834 7668
3835 2556
3836 3836
3837 1020
3838 852
3839 822
3840 3840
3841 588
3842 364
3843 3843
3844 290
3845 7690
3846 1092
3847 108
3848 1246
3849 2566
3850 120
3851 3851
3852 132
3853 366
3854 444
3855 700
3856 1284
3857 3084
3858 7716
3859 410
3860 87
3861 2574
3862 1020
3863 3863
3864 3770
3865 858
3866 180
3867 24
3868 2578
3869 1260
3870 2580
3871 308
3872 1548
3873 420
3874 180
3875 231
3876 323
3877 460
3878 7756
3879 3879
3880 396
3881 3324
3882 388
3883 2586
3884 152
3885 612
3886 2590
3887 620
3888 300
3889 162
3890 50
3891 1260
3892 516
3893 3588
3894 7788
3895 1092
3896 1948
3897 3116
3898 308
3899 3540
3900 1876
3901 1224
3902 444
3903 1260
3904 612
3905 954
3906 300
3907 260
3908 1954
3909 1116
3910 390
3911 3911
3912 780
3913 1304
3914 7828
3915 380
3916 372
3917 3132
3918 920
3919 132
3920 1960
3921 110
3922 1044
3923 522
3924 1909
3925 1308
3926 7852
3927 3140
3928 432
3929 3780
3930 1122
3931 2620
3932 660
3933 874
3934 420
3935 1848
3936 1312
3937 300
3938 7876
3939 3939
3940 1260
3941 7882
3942 1476
3943 1190
3944 1617
3945 1212
3946 876
3947 1052
3948 1924
3949 1316
3950 7900
3951 564
3952 40
3953 7906
3954 3590
3955 2628
3956 480
3957 3164
3958 84
3959 3959
3960 979
3961 414
3962 1580
3963 1321
3964 330
3965 510
3966 7932
3967 1012
3968 3968
3969 1864
3970 2646
3971 3588
3972 1356
3973 882
3974 7948
3975 3975
3976 120
3977 252
3978 36
3979 378
3980 3762
3981 2654
3982 1044
3983 80
3984 612
3985 166
3986 264
3987 140
3988 2658
3989 3900
3990 3806
3991 2658
3992 532
3993 1134
3994 2662
3995 780
3996 999
3997 60
3998 1210
3999 1260
4000 42
4001 780
4002 400
4003 104
4004 4004
4005 2670
4006 890
4007 228
4008 4008
4009 2430
4010 924
4011 140
4012 1060
4013 3828
4014 180
4015 2676
4016 644
4017 3212
4018 414
4019 4019
4020 280
4021 1146
4022 804
4023 1236
4024 2682
4025 1968
4026 8052
4027 1068
4028 1725
4029 2686
4030 158
4031 1220
4032 52
4033 224
4034 8068
4035 288
4036 396
4037 360
4038 980
4039 2692
4040 1010
4041 1972
4042 420
4043 4043
4044 4044
4045 420
4046 8092
4047 3236
4048 2698
4049 132
4050 100
4051 36
4052 1620
4053 330
4054 312
4055 4055
4056 180
4057 540
4058 8116
4059 88
4060 2706
4061 8122
4062 1500
4063 126
4064 1230
4065 3956
4066 2710
4067 1084
4068 663
4069 1356
4070 498
4071 1912
4072 180
4073 8146
4074 140
4075 180
4076 655
4077 348
4078 2718
4079 1980
4080 408
4081 906
4082 1540
4083 1361
4084 1164
4085 8170
4086 3710
4087 180
4088 72
4089 8178
4090 2700
4091 1743
4092 1636
4093 1364
4094 774
4095 13
4096 26
4097 740
4098 1170
4099 546
4100 4002
4101 180
4102 1092
4103 1316
4104 2052
4105 264
4106 1330
4107 260
4108 1230
4109 8218
4110 8220
4111 2740
4112 1380
4113 72
4114 420
4115 4115
4116 2058
4117 180
4118 8236
4119 1590
4120 660
4121 8242
4122 48
4123 916
4124 252
4125 1332
4126 390
4127 84
4128 1969
4129 1376
4130 750
4131 4131
4132 252
4133 708
4134 8268
4135 306
4136 2068
4137 60
4138 110
4139 1944
4140 1092
4141 50
4142 92
4143 1381
4144 306
4145 8290
4146 8292
4147 156
4148 4148
4149 672
4150 922
4151 3762
4152 60
4153 420
4154 3558
4155 4155
4156 648
4157 3324
4158 308
4159 1334
4160 52
4161 420
4162 180
4163 3780
4164 4164
4165 1388
4166 192
4167 3332
4168 132
4169 1340
4170 1314
4171 918
4172 1668
4173 1960
4174 110
4175 894
4176 464
4177 556
4178 1020
4179 1284
4180 1392
4181 8362
4182 1428
4183 2788
4184 2092
4185 380
4186 930
4187 3300
4188 1396
4189 126
4190 952
4191 4100
4192 84
4193 8386
4194 2796
4195 2796
4196 180
4197 396
4198 2790
4199 4068
4200 135
4201 1400
4202 820
4203 300
4204 2802
4205 3876
4206 4094
4207 120
4208 3978
4209 2806
4210 600
4211 4211
4212 420
4213 2756
4214 8428
4215 4215
4216 234
4217 24
4218 1740
4219 336
4220 2013
4221 8442
4222 1124
4223 4223
4224 840
4225 468
4226 4134
4227 396
4228 2818
4229 1920
4230 1692
4231 60
4232 1692
4233 8466
4234 2820
4235 196
4236 684
4237 140
4238 3612
4239 1380
4240 80
4241 664
4242 848
4243 660
4244 1956
4245 1212
4246 1332
4247 1132
4248 2044
4249 118
4250 1700
4251 3860
4252 324
4253 4140
4254 462
4255 2836
4256 4256
4257 780
4258 664
4259 456
4260 4260
4261 2838
4262 20
4263 4263
4264 2842
4265 2016
4266 1716
4267 284
4268 2134
4269 8538
4270 36
4271 4271
4272 244
4273 180
4274 4182
4275 2008
4276 2850
4277 812
4278 1386
4279 2844
4280 1833
4281 8562
4282 228
4283 3948
4284 180
4285 102
4286 8572
4287 2940
4288 204
4289 4092
4290 660
4291 2860
4292 200
4293 460
4294 204
4295 770
4296 660
4297 1140
4298 8596
4299 4299
4300 1380
4301 3684
4302 860
4303 90
4304 1076
4305 468
4306 1260
4307 1148
4308 615
4309 312
4310 1044
4311 4311
4312 1100
4313 8626
4314 2876
4315 204
4316 528
4317 260
4318 2878
4319 4212
4320 4320
4321 462
4322 36
4323 4323
4324 930
4325 420
4326 1016
4327 144
4328 3930
4329 1236
4330 2886
4331 4331
4332 1732
4333 2862
4334 8668
4335 924
4336 1218
4337 3460
4338 8676
4339 1310
4340 124
4341 684
4342 96
4343 72
4344 4344
4345 1448
4346 8692
4347 828
4348 444
4349 8698
4350 420
4351 966
4352 1740
4353 2902
4354 2902
4355 70
4356 363
4357 492
4358 4158
4359 1453
4360 72
4361 60
4362 1740
4363 2908
4364 84
4365 8730
4366 140
4367 3492
4368 4368
4369 582
4370 8740
4371 156
4372 260
4373 8746
4374 48
4375 972
4376 4376
4377 408
4378 138
4379 4140
4380 365
4381 154
4382 292
4383 3980
4384 468
4385 3738
4386 470
4387 180
4388 4290
4389 2926
4390 2926
4391 4391
4392 300
4393 700
4394 920
4395 4292
4396 1464
4397 3516
4398 1386
4399 1254
4400 2028
4401 8802
4402 1172
4403 4403
4404 2101
4405 330
4406 3774
4407 140
4408 2938
4409 8818
4410 8820
4411 344
4412 440
4413 48
4414 108
4415 883
4416 990
4417 180
4418 8836
4419 4419
4420 420
4421 4284
4422 420
4423 2946
4424 4424
4425 4316
4426 1356
4427 660
4428 520
4429 492
4430 8860
4431 1477
4432 588
4433 8866
4434 1260
4435 2956
4436 4194
4437 700
4438 1340
4439 132
4440 4346
4441 414
4442 148
4443 4443
4444 2962
4445 2088
4446 2964
4447 148
4448 60
4449 2020
4450 462
4451 1428
4452 204
4453 742
4454 870
4455 198
4456 110
4457 3564
4458 72
4459 990
4460 270
4461 8922
4462 120
4463 1092
4464 496
4465 228
4466 8932
4467 3572
4468 90
4469 3828
4470 2980
4471 270
4472 596
4473 4268
4474 468
4475 4475
4476 639
4477 396
4478 156
4479 680
4480 1428
4481 8962
4482 1620
4483 420
4484 1121
4485 8970
4486 996
4487 3580
4488 2185
4489 180
4490 3846
4491 1380
4492 1196
4493 630
4494 1100
4495 324
4496 2024
4497 48
4498 2998
4499 4499
4500 2250
4501 1500
4502 100
4503 4503
4504 60
4505 9010
4506 3004
4507 100
4508 35
4509 4340
4510 240
4511 483
4512 3420
4513 696
4514 9028
4515 820
4516 3010
4517 276
4518 1290
4519 1430
4520 904
4521 3014
4522 396
4523 1476
4524 4524
4525 258
4526 4110
4527 724
4528 3018
4529 9058
4530 120
4531 468
4532 252
4533 3022
4534 3022
4535 2208
4536 210
4537 220
4538 1092
4539 648
4540 504
4541 1460
4542 1716
4543 348
4544 2220
4545 1818
4546 72
4547 424
4548 4130
4549 126
4550 4302
4551 4551
4552 1212
4553 3900
4554 3036
4555 3036
4556 2100
4557 3644
4558 276
4559 4140
4560 651
4561 1520
4562 900
4563 4563
4564 712
4565 44
4566 3044
4567 84
4568 1142
4569 36
4570 460
4571 740
4572 580
4573 762
4574 3918
4575 4575
4576 756
4577 1220
4578 1308
4579 70
4580 4580
4581 840
4582 276
4583 561
4584 2236
4585 3054
4586 9172
4587 3660
4588 198
4589 2244
4590 9180
4591 204
4592 1660
4593 3062
4594 1020
4595 300
4596 2212
4597 612
4598 1080
4599 4599
4600 3066
4601 9202
4602 1572
4603 90
4604 2302
4605 60
4606 1476
4607 144
4608 708
4609 438
4610 9220
4611 2200
4612 60
4613 9226
4614 4190
4615 360
4616 1977
4617 3692
4618 3078
4619 4619
4620 2310
4621 156
4622 1204
4623 60
4624 3082
4625 4060
4626 486
4627 308
4628 4628
4629 4508
4630 882
4631 1508
4632 72
4633 772
4634 660
4635 63
4636 70
4637 780
4638 3092
4639 3090
4640 1160
4641 9282
4642 1236
4643 900
4644 663
4645 162
4646 9292
4647 780
4648 258
4649 2184
4650 910
4651 1326
4652 1860
4653 2260
4654 1484
4655 4655
4656 1518
4657 1188
4658 3630
4659 4659
4660 1428
4661 9322
4662 1860
4663 444
4664 4410
4665 210
4666 120
4667 3732
4668 2334
4669 470
4670 9340
4671 4671
4672 132
4673 4308
4674 9348
4675 1038
4676 2277
4677 3740
4678 3118
4679 1995
4680 1980
4681 156
4682 936
4683 504
4684 3114
4685 9370
4686 204
4687 2500
4688 2344
4689 1148
4690 1508
4691 4260
4692 1876
4693 444
4694 380
4695 4695
4696 100
4697 3756
4698 9396
4699 24
4700 312
4701 3134
4702 180
4703 2244
4704 4656
4705 784
4706 724
4707 804
4708 126
4709 9418
4710 9420
4711 1044
4712 420
4713 2140
4714 672
4715 943
4716 4716
4717 72
4718 9436
4719 1573
4720 786
4721 630
4722 472
4723 1518
4724 4290
4725 1452
4726 748
4727 60
4728 672
4729 1050
4730 1892
4731 1577
4732 180
4733 9466
4734 1112
4735 60
4736 2368
4737 3780
4738 972
4739 4739
4740 1494
4741 252
4742 540
4743 4628
4744 1054
4745 9490
4746 4310
4747 420
4748 4748
4749 1914
4750 3166
4751 168
4752 1900
4753 1584
4754 144
4755 317
4756 30
4757 860
4758 510
4759 1494
4760 476
4761 1166
4762 140
4763 2040
4764 732
4765 792
4766 9532
4767 3812
4768 680
4769 9538
4770 1932
4771 1060
4772 1804
4773 9546
4774 3180
4775 4775
4776 580
4777 84
4778 4518
4779 4290
4780 3186
4781 1170
4782 956
4783 1062
4784 2049
4785 2248
4786 110
4787 3820
4788 780
4789 510
4790 660
4791 1332
4792 1260
4793 9586
4794 518
4795 1518
4796 2340
4797 900
4798 228
4799 420
4800 2400
4801 240
4802 56
4803 492
4804 3202
4805 4116
4806 9612
4807 64
4808 4698
4809 9618
4810 1068
4811 283
4812 300
4813 1604
4814 9628
4815 1605
4816 468
4817 460
4818 418
4819 216
4820 155
4821 9642
4822 428
4823 4380
4824 402
4825 804
4826 588
4827 3860
4828 252
4829 4452
4830 9660
4831 644
4832 644
4833 1380
4834 1460
4835 4572
4836 568
4837 420
4838 9676
4839 4839
4840 1380
4841 4620
4842 444
4843 1076
4844 4844
4845 110
4846 3222
4847 276
4848 2424
4849 780
4850 396
4851 780
4852 1292
4853 456
4854 18
4855 492
4856 4410
4857 924
4858 780
4859 43
4860 810
4861 462
4862 1940
4863 2380
4864 1518
4865 4716
4866 9732
4867 580
4868 636
4869 3246
4870 760
4871 4871
4872 1948
4873 342
4874 9748
4875 693
4876 650
4877 3900
4878 4430
4879 3252
4880 1582
4881 1500
4882 60
4883 4883
4884 1221
4885 814
4886 84
4887 440
4888 1086
4889 210
4890 652
4891 1086
4892 612
4893 3262
4894 300
4895 4895
4896 699
4897 652
4898 1200
4899 2380
4900 2970
4901 9802
4902 468
4903 1398
4904 144
4905 3270
4906 1090
4907 60
4908 1636
4909 3270
4910 660
4911 2070
4912 260
4913 1580
4914 1404
4915 28
4916 4916
4917 420
4918 1092
4919 4919
4920 756
4921 96
4922 1780
4923 532
4924 462
4925 9850
4926 4814
4927 36
4928 4928
4929 9858
4930 1548
4931 2112
4932 1972
4933 660
4934 4830
4935 4935
4936 822
4937 3900
4938 984
4939 396
4940 120
4941 9882
4942 1316
4943 4943
4944 140
4945 156
4946 1140
4947 3956
4948 3298
4949 2340
4950 9900
4951 660
4952 564
4953 9906
4954 1098
4955 520
4956 473
4957 660
4958 4830
4959 36
4960 3306
4961 9922
4962 220
4963 174
4964 292
4965 3310
4966 210
4967 3972
4968 522
4969 828
4970 9940
4971 1620
4972 24
4973 588
4974 9948
4975 530
4976 2412
4977 180
4978 3318
4979 792
4980 237
4981 1620
4982 996
4983 4983
4984 3322
4985 4524
4986 3324
4987 180
4988 4530
4989 2344
4990 3324
4991 4884
4992 1996
4993 1664
4994 4278
4995 816
4996 222
4997 1332
4998 384
4999 300
5000 612
5001 84
5002 308
5003 5003
5004 1668
5005 1610
5006 360
5007 572
5008 468
5009 406
5010 910
5011 48
5012 200
5013 540
5014 1114
5015 537
5016 273
5017 444
5018 10036
5019 1673
5020 3346
5021 4510
5022 420
5023 392
5024 2316
5025 4554
5026 1116
5027 804
5028 308
5029 1434
5030 2012
5031 4844
5032 60
5033 10066
5034 10068
5035 1116
5036 2157
5037 60
5038 3358
5039 5039
5040 296
5041 168
5042 336
5043 390
5044 522
5045 10090
5046 10092
5047 48
5048 803
5049 10098
5050 36
5051 5051
5052 644
5053 1122
5054 1530
5055 5055
5056 3370
5057 408
5058 330
5059 1124
5060 2436
5061 4940
5062 2700
5063 180
5064 723
5065 510
5066 10132
5067 4052
5068 180
5069 10138
5070 10140
5071 462
5072 2028
5073 414
5074 792
5075 5075
5076 420
5077 676
5078 4350
5079 1693
5080 564
5081 10162
5082 1908
5083 484
5084 164
5085 1452
5086 226
5087 180
5088 636
5089 252
5090 10180
5091 2392
5092 48
5093 4980
5094 4862
5095 546
5096 5096
5097 4076
5098 510
5099 345
5100 10100
5101 1602
5102 156
5103 4988
5104 820
5105 2042
5106 486
5107 1356
5108 200
5109 2320
5110 3406
5111 5111
5112 1020
5113 486
5114 1248
5115 1572
5116 378
5117 44
5118 616
5119 3412
5120 630
5121 1138
5122 44
5123 5123
5124 828
5125 264
5126 10252
5127 876
5128 1572
5129 10258
5130 30
5131 310
5132 2052
5133 10266
5134 162
5135 5135
5136 5136
5137 340
5138 238
5139 540
5140 1628
5141 84
5142 440
5143 378
5144 5144
5145 100
5146 414
5147 140
5148 735
5149 1716
5150 10300
5151 1717
5152 228
5153 1170
5154 780
5155 1470
5156 5156
5157 4124
5158 180
5159 2424
5160 5160
5161 180
5162 1740
5163 2464
5164 780
5165 10330
5166 1148
5167 156
5168 1292
5169 210
5170 3438
5171 5171
5172 2068
5173 862
5174 390
5175 940
5176 168
5177 36
5178 10356
5179 3450
5180 2388
5181 168
5182 460
5183 1110
5184 1296
5185 576
5186 220
5187 4100
5188 288
5189 2544
5190 1482
5191 3460
5192 660
5193 552
5194 1154
5195 5195
5196 1638
5197 180
5198 1260
5199 5199
5200 3466
5201 5100
5202 1040
5203 3468
5204 2229
5205 5012
5206 132
5207 4164
5208 4730
5209 330
5210 1224
5211 744
5212 1380
5213 10426
5214 3476
5215 180
5216 1304
5217 4172
5218 210
5219 180
5220 2548
5221 3422
5222 116
5223 105
5224 1134
5225 4476
5226 804
5227 40
5228 2614
5229 10458
5230 1580
5231 5231
5232 132
5233 498
5234 4788
5235 1692
5236 3490
5237 4180
5238 10476
5239 498
5240 851
5241 340
5242 348
5243 5243
5244 616
5245 804
5246 4494
5247 4196
5248 3498
5249 10498
5250 10500
5251 3492
5252 380
5253 234
5254 140
5255 836
5256 2628
5257 700
5258 1212
5259 1716
5260 498
5261 2472
5262 420
5263 1540
5264 5264
5265 3510
5266 3510
5267 84
5268 80
5269 1170
5270 574
5271 540
5272 36
5273 5148
5274 1020
5275 3516
5276 2580
5277 4220
5278 792
5279 5279
5280 5162
5281 1506
5282 44
5283 5283
5284 540
5285 310
5286 144
5287 1380
5288 2265
5289 5180
5290 3526
5291 5004
5292 252
5293 882
5294 10588
5295 264
5296 1590
5297 324
5298 3532
5299 3532
5300 5300
5301 5060
5302 300
5303 5303
5304 5253
5305 3510
5306 10612
5307 480
5308 3538
5309 180
5310 252
5311 236
5312 1000
5313 1518
5314 708
5315 5315
5316 735
5317 708
5318 4830
5319 5319
5320 3546
5321 5124
5322 532
5323 156
5324 231
5325 3550
5326 1716
5327 4260
5328 333
5329 360
5330 4566
5331 1777
5332 468
5333 10666
5334 5198
5335 3556
5336 2460
5337 60
5338 3558
5339 5220
5340 970
5341 3558
5342 1068
5343 5343
5344 1524
5345 10690
5346 1224
5347 220
5348 5058
5349 1644
5350 420
5351 690
5352 2140
5353 574
5354 10708
5355 1071
5356 3570
5357 204
5358 1530
5359 396
5360 105
5361 10722
5362 60
5363 360
5364 5364
5365 126
5366 10732
5367 252
5368 894
5369 1534
5370 5126
5371 3580
5372 204
5373 2440
5374 3582
5375 4956
5376 1792
5377 1428
5378 1730
5379 1092
5380 840
5381 1748
5382 1076
5383 144
5384 110
5385 3590
5386 54
5387 860
5388 828
5389 1796
5390 2156
5391 2620
5392 1436
5393 66
5394 10788
5395 180
5396 350
5397 56
5398 1740
5399 5399
5400 771
5401 276
5402 1080
5403 5300
5404 300
5405 2556
5406 4910
5407 204
5408 2604
5409 1740
5410 1202
5411 2652
5412 360
5413 1800
5414 168
5415 5415
5416 572
5417 980
5418 10836
5419 3612
5420 2628
5421 1548
5422 24
5423 5423
5424 342
5425 1808
5426 10852
5427 996
5428 690
5429 10858
5430 10860
5431 840
5432 260
5433 10866
5434 3622
5435 582
5436 5330
5437 700
5438 1332
5439 770
5440 180
5441 10882
5442 1860
5443 1710
5444 2722
5445 10890
5446 1210
5447 1452
5448 64
5449 516
5450 990
5451 1817
5452 484
5453 5028
5454 10908
5455 3636
5456 2337
5457 1044
5458 1212
5459 5340
5460 1782
5461 30
5462 1980
5463 777
5464 3642
5465 856
5466 2436
5467 2916
5468 1367
5469 3646
5470 780
5471 440
5472 1980
5473 220
5474 10948
5475 667
5476 456
5477 156
5478 3652
5479 420
5480 336
5481 144
5482 56
5483 1660
5484 783
5485 1716
5486 10972
5487 1460
5488 3658
5489 10978
5490 1794
5491 522
5492 2028
5493 10986
5494 180
5495 756
5496 2748
5497 244
5498 4710
5499 2584
5500 288
5501 11002
5502 140
5503 3666
5504 900
5505 660
5506 3670
5507 1468
5508 2629
5509 918
5510 5406
5511 45
5512 420
5513 11026
5514 1340
5515 3676
5516 1160
5517 4412
5518 564
5519 738
5520 180
5521 612
5522 4324
5523 5523
5524 28
5525 112
5526 1578
5527 660
5528 2764
5529 3686
5530 3684
5531 396
5532 2212
5533 120
5534 11068
5535 5535
5536 3690
5537 4420
5538 2340
5539 1230
5540 2373
5541 11082
5542 492
5543 5543
5544 852
5545 1848
5546 11092
5547 948
5548 1836
5549 2520
5550 1304
5551 3700
5552 2220
5553 5348
5554 1518
5555 540
5556 463
5557 36
5558 1588
5559 51
5560 210
5561 4746
5562 1100
5563 3708
5564 895
5565 11130
5566 1236
5567 520
5568 252
5569 1794
5570 1284
5571 460
5572 1484
5573 1820
5574 3716
5575 522
5576 5274
5577 528
5578 3718
5579 5579
5580 310
5581 3660
5582 420
5583 1716
5584 72
5585 11170
5586 3724
5587 740
5588 1397
5589 1596
5590 3726
5591 5460
5592 2236
5593 420
5594 5478
5595 1710
5596 60
5597 4476
5598 11196
5599 3732
5600 2673
5601 2632
5602 1476
5603 1200
5604 5090
5605 900
5606 11212
5607 4484
5608 534
5609 5172
5610 1596
5611 84
5612 1120
5613 612
5614 1764
5615 340
5616 2737
5617 636
5618 1320
5619 5619
5620 156
5621 1606
5622 516
5623 1782
5624 2409
5625 2250
5626 110
5627 1500
5628 1407
5629 1242
5630 11260
5631 201
5632 1500
5633 1332
5634 5510
5635 408
5636 5636
5637 20
5638 534
5639 5639
5640 2716
5641 188
5642 180
5643 627
5644 1820
5645 156
5646 5390
5647 300
5648 780
5649 1614
5650 3766
5651 77
5652 72
5653 1884
5654 1834
5655 5655
5656 3762
5657 180
5658 11316
5659 1470
5660 2830
5661 1716
5662 60
5663 552
5664 472
5665 3774
5666 4854
5667 4532
5668 3778
5669 616
5670 1030
5671 198
5672 2268
5673 1620
5674 48
5675 5675
5676 5676
5677 756
5678 460
5679 612
5680 540
5681 1290
5682 568
5683 1260
5684 5684
5685 2788
5686 296
5687 300
5688 915
5689 1896
5690 5382
5691 5691
5692 660
5693 2784
5694 1626
5695 3796
5696 5696
5697 364
5698 1820
5699 5699
5700 876
5701 180
5702 380
5703 120
5704 3802
5705 1630
5706 700
5707 380
5708 609
5709 450
5710 3726
5711 5711
5712 380
5713 876
5714 5190
5715 1155
5716 612
5717 1524
5718 11436
5719 60
5720 48
5721 11442
5722 36
5723 97
5724 11342
5725 1730
5726 660
5727 1092
5728 198
5729 4908
5730 468
5731 764
5732 2292
5733 1638
5734 1274
5735 155
5736 2220
5737 360
5738 1826
5739 1764
5740 154
5741 11482
5742 1148
5743 546
5744 5744
5745 3830
5746 3828
5747 1980
5748 5748
5749 958
5750 780
5751 5751
5752 348
5753 5580
5754 1352
5755 1278
5756 308
5757 1932
5758 1740
5759 5759
5760 140
5761 1826
5762 460
5763 5763
5764 180
5765 5316
5766 1818
5767 384
5768 5658
5769 1310
5770 3846
5771 48
5772 2308
5773 3846
5774 11548
5775 1925
5776 3850
5777 4620
5778 84
5779 3852
5780 350
5781 1860
5782 48
5783 1876
5784 2761
5785 252
5786 5670
5787 4620
5788 904
5789 11578
5790 468
5791 540
5792 60
5793 11586
5794 3862
5795 5676
5796 5796
5797 772
5798 892
5799 276
5800 966
5801 940
5802 420
5803 468
5804 828
5805 88
5806 546
5807 1100
5808 1452
5809 1290
5810 11620
5811 5684
5812 100
5813 30
5814 1400
5815 3876
5816 1454
5817 1068
5818 774
5819 1428
5820 831
5821 388
5822 136
5823 612
5824 440
5825 1140
5826 1890
5827 36
5828 1457
5829 1430
5830 1716
5831 1908
5832 2332
5833 648
5834 4998
5835 1060
5836 648
5837 4660
5838 11676
5839 152
5840 5840
5841 1668
5842 180
5843 420
5844 5844
5845 72
5846 5310
5847 4676
5848 1668
5849 11698
5850 2340
5851 1886
5852 780
5853 5588
5854 3900
5855 357
5856 312
5857 140
5858 11716
5859 5859
5860 3906
5861 1386
5862 660
5863 1302
5864 2844
5865 3910
5866 3910
5867 1564
5868 2640
5869 84
5870 5742
5871 5871
5872 756
5873 920
5874 1890
5875 3916
5876 99
5877 188
5878 3918
5879 1780
5880 1854
5881 3918
5882 180
5883 2460
5884 3922
5885 5772
5886 480
5887 260
5888 2944
5889 11778
5890 120
5891 5891
5892 2356
5893 1964
5894 11788
5895 1812
5896 3930
5897 84
5898 1150
5899 198
5900 1475
5901 1260
5902 1572
5903 5903
5904 168
5905 70
5906 11812
5907 552
5908 300
5909 1924
5910 11820
5911 1686
5912 140
5913 11826
5914 438
5915 5915
5916 5916
5917 1572
5918 198
5919 5919
5920 3946
5921 1092
5922 2244
5923 1790
5924 680
5925 1692
5926 1314
5927 4740
5928 2905
5929 1914
5930 1428
5931 1977
5932 84
5933 11866
5934 2460
5935 3954
5936 955
5937 4500
5938 1908
5939 2544
5940 3924
5941 232
5942 1188
5943 5943
5944 60
5945 2530
5946 1698
5947 60
5948 5948
5949 162
5950 3966
5951 5951
5952 476
5953 1134
5954 11908
5955 644
5956 1710
5957 1588
5958 1400
5959 476
5960 780
5961 3974
5962 780
5963 5963
5964 195
5965 240
5966 11932
5967 60
5968 1892
5969 11938
5970 2388
5971 1326
5972 2388
5973 612
5974 852
5975 72
5976 664
5977 796
5978 5430
5979 1993
5980 3978
5981 732
5982 1196
5983 3988
5984 2992
5985 3990
5986 204
5987 4780
5988 2436
5989 3630
5990 11980
5991 2860
5992 184
5993 11986
5994 90
5995 114
5996 5874
5997 4796
5998 210
5999 5460
6000 1090
6001 1000
6002 4116
6003 667
6004 4002
6005 12010
6006 1460
6007 396
6008 2940
6009 600
6010 4006
6011 1820
6012 180
6013 630
6014 5742
6015 5876
6016 570
6017 1148
6018 708
6019 4012
6020 1505
6021 12042
6022 180
6023 645
6024 753
6025 204
6026 1416
6027 964
6028 4018
6029 1940
6030 1722
6031 4020
6032 252
6033 1370
6034 3996
6035 6035
6036 1509
6037 660
6038 1392
6039 368
6040 1342
6041 70
6042 1208
6043 312
6044 780
6045 1484
6046 1932
6047 580
6048 6048
6049 36
6050 1100
6051 252
6052 804
6053 12106
6054 4036
6055 1830
6056 6056
6057 4844
6058 144
6059 6059
6060 440
6061 2016
6062 1200
6063 1980
6064 1860
6065 5196
6066 290
6067 404
6068 988
6069 1980
6070 630
6071 6071
6072 2076
6073 506
6074 12148
6075 5852
6076 50
6077 120
6078 12156
6079 96
6080 3040
6081 4054
6082 540
6083 5819
6084 658
6085 338
6086 828
6087 4860
6088 180
6089 576
6090 468
6091 130
6092 2436
6093 1740
6094 952
6095 747
6096 748
6097 540
6098 12196
6099 5540
6100 1722
6101 12202
6102 1220
6103 156
6104 420
6105 12210
6106 1914
6107 348
6108 1926
6109 2036
6110 1100
6111 2872
6112 1620
6113 12226
6114 1746
6115 270
6116 2820
6117 4892
6118 4078
6119 6119
6120 510
6121 780
6122 780
6123 180
6124 2040
6125 12250
6126 12252
6127 252
6128 408
6129 660
6130 660
6131 6131
6132 740
6133 1932
6134 12268
6135 438
6136 4090
6137 980
6138 12276
6139 4092
6140 6140
6141 6020
6142 36
6143 5580
6144 6144
6145 24
6146 5814
6147 4916
6148 4098
6149 1050
6150 12300
6151 4098
6152 2332
6153 220
6154 1860
6155 5676
6156 879
6157 820
6158 252
6159 336
6160 1332
6161 12322
6162 280
6163 1758
6164 3082
6165 2610
6166 4110
6167 4932
6168 468
6169 684
6170 420
6171 2057
6172 1644
6173 12346
6174 1508
6175 1958
6176 5610
6177 264
6178 4116
6179 968
6180 3013
6181 948
6182 1236
6183 6068
6184 90
6185 1518
6186 12372
6187 300
6188 3094
6189 12378
6190 4126
6191 420
6192 2476
6193 688
6194 204
6195 2065
6196 1944
6197 396
6198 2310
6199 4132
6200 6200
6201 156
6202 1652
6203 5868
6204 1551
6205 588
6206 12412
6207 1140
6208 4138
6209 2820
6210 4140
6211 100
6212 420
6213 952
6214 1380
6215 200
6216 6216
6217 828
6218 12436
6219 222
6220 420
6221 5940
6222 2340
6223 4140
6224 6090
6225 4150
6226 444
6227 1196
6228 1557
6229 346
6230 488
6231 5610
6232 276
6233 204
6234 252
6235 4156
6236 3118
6237 1660
6238 4158
6239 367
6240 891
6241 18
6242 2260
6243 6243
6244 1980
6245 12490
6246 1860
6247 168
6248 3124
6249 1204
6250 1386
6251 329
6252 60
6253 1890
6254 5358
6255 6255
6256 336
6257 5004
6258 4172
6259 636
6260 5922
6261 1788
6262 1660
6263 6263
6264 1320
6265 174
6266 1230
6267 396
6268 198
6269 12538
6270 2508
6271 252
6272 96
6273 12546
6274 506
6275 810
6276 3138
6277 540
6278 504
6279 1980
6280 156
6281 984
6282 2148
6283 2030
6284 3142
6285 1932
6286 210
6287 5020
6288 1572
6289 1794
6290 6006
6291 2097
6292 1676
6293 1020
6294 12588
6295 1398
6296 336
6297 380
6298 72
6299 2044
6300 6300
6301 1050
6302 1260
6303 75
6304 4194
6305 12610
6306 12612
6307 812
6308 180
6309 12618
6310 150
6311 1164
6312 100
6313 660
6314 1548
6315 2968
6316 842
6317 684
6318 12636
6319 1910
6320 395
6321 6164
6322 420
6323 6323
6324 276
6325 1054
6326 12652
6327 5060
6328 4218
6329 12658
6330 1150
6331 198
6332 296
6333 6188
6334 1020
6335 6335
6336 2772
6337 780
6338 1086
6339 1020
6340 2112
6341 1440
6342 812
6343 4228
6344 6344
6345 1764
6346 4230
6347 5076
6348 3174
6349 984
6350 1464
6351 2117
6352 660
6353 3120
6354 6230
6355 666
6356 3178
6357 5084
6358 1404
6359 429
6360 1272
6361 2120
6362 2540
6363 660
6364 4242
6365 2044
6366 1272
6367 564
6368 3105
6369 12738
6370 340
6371 6371
6372 2548
6373 606
6374 180
6375 620
6376 36
6377 5100
6378 12756
6379 4252
6380 2733
6381 12762
6382 396
6383 3000
6384 3164
6385 630
6386 312
6387 180
6388 4258
6389 5892
6390 12780
6391 4260
6392 2556
6393 144
6394 84
6395 6395
6396 830
6397 852
6398 6270
6399 2133
6400 200
6401 870
6402 588
6403 474
6404 6404
6405 6116
6406 610
6407 580
6408 915
6409 534
6410 12820
6411 6411
6412 180
6413 700
6414 12828
6415 276
6416 780
6417 120
6418 1940
6419 6228
6420 535
6421 4278
6422 732
6423 6188
6424 4282
6425 1260
6426 1428
6427 428
6428 924
6429 2490
6430 84
6431 6084
6432 820
6433 1072
6434 1512
6435 420
6436 612
6437 5100
6438 2106
6439 4212
6440 1170
6441 1980
6442 1716
6443 2751
6444 6444
6445 1074
6446 1172
6447 5156
6448 1074
6449 12898
6450 144
6451 440
6452 308
6453 12906
6454 60
6455 6455
6456 1044
6457 60
6458 12916
6459 6459
6460 522
6461 12922
6462 460
6463 690
6464 2769
6465 1056
6466 4302
6467 396
6468 760
6469 2034
6470 12940
6471 1806
6472 1724
6473 5830
6474 6182
6475 4314
6476 6476
6477 5180
6478 462
6479 6479
6480 996
6481 1036
6482 324
6483 6483
6484 390
6485 72
6486 4324
6487 860
6488 198
6489 12978
6490 4326
6491 6491
6492 1092
6493 36
6494 2090
6495 1180
6496 420
6497 308
6498 1580
6499 618
6500 6500
6501 4334
6502 408
6503 929
6504 2168
6505 2168
6506 780
6507 612
6508 1446
6509 92
6510 224
6511 1446
6512 260
6513 1860
6514 700
6515 2132
6516 6516
6517 780
6518 13036
6519 696
6520 594
6521 13042
6522 1304
6523 4348
6524 1631
6525 420
6526 684
6527 372
6528 5930
6529 4350
6530 792
6531 2177
6532 132
6533 1602
6534 1866
6535 4356
6536 384
6537 5220
6538 1452
6539 140
6540 357
6541 462
6542 1308
6543 3124
6544 4362
6545 468
6546 4364
6547 144
6548 2805
6549 354
6550 220
6551 6551
6552 2620
6553 16
6554 13108
6555 936
6556 690
6557 420
6558 504
6559 4372
6560 328
6561 1490
6562 1500
6563 6563
6564 2070
6565 486
6566 1254
6567 1260
6568 420
6569 5628
6570 1544
6571 84
6572 2380
6573 13146
6574 486
6575 6575
6576 939
6577 876
6578 2146
6579 6579
6580 1060
6581 13162
6582 1316
6583 90
6584 276
6585 2634
6586 4390
6587 40
6588 2196
6589 2090
6590 5628
6591 6591
6592 876
6593 13186
6594 1980
6595 4396
6596 3237
6597 84
6598 2132
6599 6468
6600 714
6601 162
6602 828
6603 1610
6604 72
6605 300
6606 180
6607 220
6608 3304
6609 4406
6610 84
6611 1416
6612 5060
6613 1102
6614 13228
6615 1300
6616 200
6617 5292
6618 60
6619 1470
6620 6620
6621 360
6622 1764
6623 6108
6624 6624
6625 90
6626 532
6627 120
6628 4410
6629 1894
6630 1628
6631 340
6632 756
6633 4422
6634 1474
6635 1584
6636 1020
6637 1740
6638 280
6639 945
6640 522
6641 6444
6642 332
6643 714
6644 816
6645 13290
6646 210
6647 5316
6648 2216
6649 60
6650 2162
6651 1300
6652 1772
6653 5700
6654 4436
6655 504
6656 6656
6657 5324
6658 1056
6659 6300
6660 2580
6661 2220
6662 60
6663 6663
6664 1110
6665 13330
6666 198
6667 84
6668 1667
6669 13338
6670 4446
6671 6060
6672 104
6673 1482
6674 5718
6675 156
6676 4450
6677 1780
6678 684
6679 180
6680 215
6681 2706
6682 1620
6683 41
6684 3220
6685 1114
6686 2170
6687 5300
6688 588
6689 3144
6690 2676
6691 4458
6692 2676
6693 760
6694 4462
6695 717
6696 6554
6697 828
6698 13396
6699 2233
6700 744
6701 6180
6702 2292
6703 180
6704 2860
6705 13410
6706 1048
6707 5364
6708 1677
6709 630
6710 2684
6711 360
6712 1780
6713 924
6714 516
6715 1980
6716 900
6717 316
6718 4476
6719 165
6720 1680
6721 560
6722 224
6723 168
6724 4482
6725 13450
6726 6110
6727 132
6728 6728
6729 1092
6730 192
6731 6731
6732 2692
6733 4422
6734 13468
6735 2124
6736 1494
6737 420
6738 13476
6739 4492
6740 120
6741 1104
6742 140
6743 6743
6744 1380
6745 4494
6746 6630
6747 5396
6748 1020
6749 794
6750 6446
6751 642
6752 36
6753 2076
6754 234
6755 2204
6756 6756
6757 104
6758 5790
6759 6140
6760 4506
6761 13522
6762 540
6763 4482
6764 6642
6765 1932
6766 2076
6767 5412
6768 6768
6769 94
6770 1230
6771 6524
6772 84
6773 990
6774 1592
6775 4516
6776 616
6777 5420
6778 1506
6779 444
6780 665
6781 1020
6782 1356
6783 6783
6784 266
6785 60
6786 1932
6787 180
6788 6788
6789 2196
6790 4518
6791 3128
6792 180
6793 1938
6794 742
6795 2265
6796 2156
6797 5436
6798 4532
6799 4530
6800 924
6801 2220
6802 1812
6803 6180
6804 365
6805 348
6806 13612
6807 1164
6808 264
6809 13618
6810 208
6811 2142
6812 900
6813 13626
6814 870
6815 2212
6816 1704
6817 900
6818 1572
6819 1628
6820 4546
6821 5844
6822 1364
6823 1516
6824 6824
6825 360
6826 180
6827 52
6828 975
6829 364
6830 6462
6831 2100
6832 364
6833 6708
6834 204
6835 210
6836 1540
6837 5460
6838 1104
6839 6839
6840 6840
6841 2280
6842 264
6843 6843
6844 1404
6845 13690
6846 4564
6847 820
6848 6848
6849 306
6850 1522
6851 3360
6852 2740
6853 4566
6854 13708
6855 6855
6856 1956
6857 420
6858 140
6859 536
6860 6860
6861 13722
6862 60
6863 468
6864 6864
6865 198
6866 2210
6867 660
6868 72
6869 780
6870 60
6871 4572
6872 916
6873 58
6874 4582
6875 1375
6876 808
6877 780
6878 13756
6879 6879
6880 690
6881 13762
6882 1376
6883 264
6884 210
6885 6716
6886 4590
6887 1260
6888 3289
6889 1530
6890 2756
6891 2670
6892 612
6893 1080
6894 1532
6895 1532
6896 3180
6897 220
6898 18
6899 6899
6900 1116
6901 742
6902 100
6903 6903
6904 4602
6905 5916
6906 2178
6907 204
6908 420
6909 2124
6910 1080
6911 275
6912 780
6913 2090
6914 13828
6915 6915
6916 1092
6917 1844
6918 1700
6919 1974
6920 3460
6921 252
6922 420
6923 6780
6924 6290
6925 486
6926 5934
6927 648
6928 740
6929 13858
6930 6806
6931 4620
6932 2668
6933 1974
6934 66
6935 240
6936 6936
6937 900
6938 13876
6939 6939
6940 660
6941 13882
6942 1388
6943 1542
6944 504
6945 6692
6946 420
6947 132
6948 1068
6949 140
6950 13900
6951 6951
6952 612
6953 13906
6954 1986
6955 4636
6956 3478
6957 220
6958 4638
6959 1120
6960 3480
6961 24
6962 2780
6963 2196
6964 422
6965 13930
6966 13932
6967 464
6968 180
6969 6812
6970 1548
6971 855
6972 2788
6973 2324
6974 252
6975 996
6976 1550
6977 1860
6978 1640
6979 2070
6980 3333
6981 1074
6982 252
6983 6983
6984 1140
6985 388
6986 572
6987 420
6988 582
6989 5988
6990 20
6991 2262
6992 2796
6993 980
6994 1554
6995 3288
6996 333
6997 1860
6998 13996
6999 6999
7000 2148
7001 990
7002 1400
7003 924
7004 7004
7005 14010
7006 4644
7007 5604
7008 6890
7009 2336
7010 858
7011 756
7012 40
7013 6396
7014 4676
7015 4674
7016 7016
7017 600
7018 4678
7019 6900
7020 738
7021 30
7022 2756
7023 6380
7024 222
7025 14050
7026 3036
7027 468
7028 7028
7029 3304
7030 252
7031 2940
7032 336
7033 2340
7034 6390
7035 1407
7036 4690
7037 5620
7038 402
7039 684
7040 7040
7041 4694
7042 156
7043 7043
7044 288
7045 60
7046 1656
7047 5636
7048 252
7049 6732
7050 6902
7051 1566
7052 60
7053 14106
7054 4702
7055 204
7056 6410
7057 940
7058 6678
7059 336
7060 522
7061 6804
7062 700
7063 184
7064 3465
7065 2172
7066 48
7067 80
7068 2310
7069 4710
7070 6942
7071 7071
7072 220
7073 966
7074 1572
7075 572
7076 7076
7077 1332
7078 660
7079 7079
7080 2856
7081 590
7082 236
7083 380
7084 4722
7085 6876
7086 14172
7087 540
7088 7088
7089 1610
7090 2268
7091 6540
7092 2836
7093 788
7094 6078
7095 154
7096 738
7097 664
7098 4732
7099 364
7100 1290
7101 2028
7102 1892
7103 7103
7104 1092
7105 1578
7106 1740
7107 5684
7108 2028
7109 696
7110 14220
7111 430
7112 1420
7113 3460
7114 360
7115 954
7116 210
7117 36
7118 6798
7119 980
7120 2300
7121 14242
7122 180
7123 4746
7124 3562
7125 2850
7126 950
7127 5700
7128 3484
7129 336
7130 1644
7131 3352
7132 948
7133 3240
7134 2250
7135 2310
7136 3057
7137 1140
7138 1586
7139 2340
7140 2380
7141 4554
7142 204
7143 156
7144 360
7145 460
7146 1588
7147 68
7148 1624
7149 2340
7150 678
7151 7151
7152 2860
7153 450
7154 1740
7155 1300
7156 732
7157 204
7158 2346
7159 252
7160 1790
7161 462
7162 380
7163 551
7164 33
7165 280
7166 6510
7167 1380
7168 4698
7169 348
7170 14340
7171 66
7172 180
7173 4782
7174 4782
7175 28
7176 1155
7177 420
7178 6132
7179 7052
7180 4786
7181 7020
7182 312
7183 4788
7184 3592
7185 2052
7186 1596
7187 5500
7188 6530
7189 2396
7190 1764
7191 756
7192 204
7193 14386
7194 14388
7195 180
7196 3492
7197 5756
7198 4798
7199 1320
7200 3600
7201 1200
7202 924
7203 2401
7204 1200
7205 14410
7206 420
7207 620
7208 3324
7209 14418
7210 990
7211 7211
7212 720
7213 228
7214 2346
7215 1443
7216 376
7217 5772
7218 4812
7219 4812
7220 3093
7221 300
7222 1908
7223 7223
7224 84
7225 1204
7226 1776
7227 2436
7228 780
7229 3420
7230 14460
7231 4818
7232 2620
7233 792
7234 156
7235 2324
7236 440
7237 480
7238 2330
7239 2413
7240 402
7241 6204
7242 1448
7243 730
7244 7244
7245 42
7246 4830
7247 444
7248 36
7249 4806
7250 1704
7251 2417
7252 1932
7253 1782
7254 6590
7255 690
7256 495
7257 5804
7258 156
7259 7259
7260 1116
7261 2346
7262 2460
7263 99
7264 2324
7265 60
7266 14532
7267 72
7268 1817
7269 330
7270 2340
7271 7271
7272 2908
7273 372
7274 14548
7275 7275
7276 630
7277 140
7278 14556
7279 2310
7280 7280
7281 1618
7282 388
7283 3120
7284 856
7285 4854
7286 1044
7287 260
7288 28
7289 7140
7290 2082
7291 972
7292 972
7293 7028
7294 1620
7295 1459
7296 1216
7297 276
7298 2210
7299 2244
7300 260
7301 3432
7302 308
7303 540
7304 3129
7305 1152
7306 974
7307 468
7308 3565
7309 2210
7310 14620
7311 87
7312 300
7313 14626
7314 14628
7315 4876
7316 1829
7317 5852
7318 120
7319 7319
7320 13310
7321 1626
7322 700
7323 240
7324 144
7325 924
7326 14652
7327 488
7328 7328
7329 3604
7330 540
7331 70
7332 2508
7333 2444
7334 14668
7335 3448
7336 198
7337 5860
7338 564
7339 174
7340 1196
7341 4894
7342 220
7343 6948
7344 396
7345 2378
7346 6294
7347 5876
7348 2310
7349 14698
7350 120
7351 1092
7352 344
7353 570
7354 4902
7355 3588
7356 3678
7357 36
7358 14716
7359 3580
7360 2100
7361 14722
7362 180
7363 1636
7364 1020
7365 4910
7366 4908
7367 420
7368 3684
7369 2312
7370 14740
7371 704
7372 1964
7373 14746
7374 294
7375 2220
7376 1844
7377 1356
7378 4918
7379 7379
7380 3556
7381 36
7382 492
7383 2461
7384 1638
7385 14770
7386 1560
7387 980
7388 3165
7389 4926
7390 756
7391 7391
7392 2956
7393 780
7394 2354
7395 132
7396 986
7397 1340
7398 14796
7399 4932
7400 3420
7401 1820
7402 276
7403 264
7404 1450
7405 1234
7406 14812
7407 5924
7408 1120
7409 252
7410 14820
7411 1620
7412 740
7413 14826
7414 4942
7415 7415
7416 324
7417 308
7418 1800
7419 630
7420 48
7421 14842
7422 1484
7423 2100
7424 1195
7425 14850
7426 4950
7427 220
7428 7298
7429 84
7430 480
7431 913
7432 1980
7433 14866
7434 14868
7435 4956
7436 7314
7437 600
7438 252
7439 7439
7440 3553
7441 220
7442 228
7443 7443
7444 708
7445 14890
7446 1820
7447 60
7448 931
7449 7268
7450 4966
7451 1596
7452 540
7453 2484
7454 1752
7455 180
7456 276
7457 468
7458 2130
7459 4972
7460 2422
7461 14922
7462 1980
7463 3190
7464 3732
7465 234
7466 612
7467 1428
7468 2292
7469 14938
7470 2442
7471 584
7472 420
7473 14946
7474 30
7475 115
7476 2358
7477 332
7478 14956
7479 1068
7480 4986
7481 6900
7482 180
7483 1662
7484 1871
7485 680
7486 330
7487 5980
7488 440
7489 624
7490 210
7491 7491
7492 108
7493 6420
7494 288
7495 2358
7496 3220
7497 5996
7498 714
7499 2444
7500 51
7501 4998
7502 1500
7503 2436
7504 5002
7505 3528
7506 15012
7507 60
7508 1877
7509 7172
7510 1668
7511 7380
7512 100
7513 2504
7514 252
7515 7515
7516 5010
7517 240
7518 6830
7519 5004
7520 1716
7521 714
7522 232
7523 3660
7524 3700
7525 1204
7526 15052
7527 6020
7528 714
7529 6660
7530 15060
7531 1004
7532 2860
7533 180
7534 5022
7535 3228
7536 314
7537 660
7538 15076
7539 3544
7540 380
7541 15082
7542 516
7543 2438
7544 3705
7545 15090
7546 252
7547 6036
7548 1215
7549 2154
7550 15100
7551 6860
7552 468
7553 15106
7554 1820
7555 198
7556 168
7557 6044
7558 5038
7559 996
7560 270
7561 4970
7562 1100
7563 1080
7564 2460
7565 15130
7566 612
7567 504
7568 7568
7569 15138
7570 714
7571 7164
7572 348
7573 1080
7574 15148
7575 828
7576 5050
7577 72
7578 7238
7579 810
7580 7580
7581 464
7582 84
7583 7308
7584 2940
7585 1164
7586 15172
7587 6060
7588 5058
7589 616
7590 1656
7591 24
7592 3036
7593 15186
7594 2460
7595 1380
7596 211
7597 92
7598 996
7599 2533
7600 5058
7601 660
7602 1520
7603 612
7604 7458
7605 780
7606 460
7607 712
7608 3804
7609 198
7610 490
7611 2340
7612 420
7613 15226
7614 624
7615 5076
7616 1088
7617 460
7618 1692
7619 3255
7620 381
7621 1270
7622 1524
7623 1248
7624 264
7625 300
7626 726
7627 252
7628 90
7629 15258
7630 5086
7631 7631
7632 140
7633 726
7634 15268
7635 2545
7636 2544
7637 1380
7638 5092
7639 2310
7640 1044
7641 280
7642 2036
7643 7643
7644 637
7645 1698
7646 1860
7647 396
7648 5098
7649 15298
7650 3180
7651 1700
7652 204
7653 5102
7654 1458
7655 300
7656 3828
7657 340
7658 1768
7659 7659
7660 5106
7661 990
7662 3060
7663 780
7664 7664
7665 15330
7666 2412
7667 6132
7668 1092
7669 426
7670 7084
7671 2508
7672 60
7673 7548
7674 15348
7675 168
7676 708
7677 1476
7678 5118
7679 7679
7680 3840
7681 2556
7682 876
7683 770
7684 828
7685 3636
7686 15372
7687 100
7688 7688
7689 2028
7690 732
7691 7691
7692 360
7693 814
7694 2330
7695 7695
7696 732
7697 6156
7698 1892
7699 2436
7700 7700
7701 630
7702 156
7703 105
7704 270
7705 2330
7706 15412
7707 6164
7708 342
7709 3624
7710 2202
7711 624
7712 1540
7713 15426
7714 828
7715 7116
7716 660
7717 588
7718 2506
7719 2573
7720 5146
7721 15442
7722 772
7723 270
7724 3309
7725 618
7726 600
7727 140
7728 420
7729 112
7730 15460
7731 3243
7732 2060
7733 814
7734 830
7735 5130
7736 7736
7737 6180
7738 330
7739 528
7740 476
7741 132
7742 324
7743 728
7744 1290
7745 6636
7746 5164
7747 516
7748 7748
7749 3520
7750 1722
7751 7524
7752 2652
7753 1722
7754 1788
7755 7755
7756 5170
7757 1484
7758 7598
7759 246
7760 1640
7761 2394
7762 1980
7763 7763
7764 3796
7765 830
7766 6636
7767 1428
7768 5178
7769 3780
7770 3108
7771 780
7772 444
7773 2220
7774 630
7775 1555
7776 255
7777 120
7778 690
7779 2593
7780 36
7781 7644
7782 940
7783 5188
7784 1946
7785 7436
7786 2492
7787 660
7788 1260
7789 144
7790 15580
7791 1113
7792 2076
7793 180
7794 1560
7795 1732
7796 1255
7797 6236
7798 5196
7799 7380
7800 2600
7801 2226
7802 156
7803 7803
7804 770
7805 1914
7806 300
7807 2076
7808 528
7809 274
7810 140
7811 1224
7812 12500
7813 434
7814 15628
7815 420
7816 864
7817 1508
7818 2466
7819 600
7820 7820
7821 1738
7822 444
7823 7823
7824 7824
7825 828
7826 2370
7827 100
7828 408
7829 6708
7830 15660
7831 2486
7832 24
7833 15666
7834 1740
7835 7835
7836 1119
7837 180
7838 240
7839 871
7840 5226
7841 15682
7842 784
7843 738
7844 3780
7845 840
7846 5230
7847 252
7848 7130
7849 1308
7850 6726
7851 3820
7852 348
7853 1932
7854 22
7855 748
7856 7434
7857 672
7858 780
7859 420
7860 1287
7861 1746
7862 360
7863 2621
7864 2226
7865 15730
7866 5244
7867 524
7868 7868
7869 15738
7870 2340
7871 516
7872 3036
7873 1260
7874 15748
7875 828
7876 638
7877 748
7878 750
7879 408
7880 3940
7881 1790
7882 700
7883 7883
7884 1212
7885 750
7886 15772
7887 180
7888 438
7889 2540
7890 2562
7891 5260
7892 60
7893 15786
7894 828
7895 7895
7896 464
7897 324
7898 15796
7899 180
7900 836
7901 15802
7902 252
7903 2390
7904 247
7905 1296
7906 150
7907 2108
7908 7908
7909 2636
7910 456
7911 7911
7912 420
7913 504
7914 7190
7915 1758
7916 1295
7917 6332
7918 754
7919 483
7920 45
7921 2640
7922 1584
7923 1716
7924 5274
7925 1430
7926 7790
7927 60
7928 1300
7929 15858
7930 1240
7931 1092
7932 2988
7933 420
7934 6798
7935 7772
7936 180
7937 700
7938 5292
7939 858
7940 3970
7941 2268
7942 264
7943 7943
7944 2648
7945 662
7946 2530
7947 680
7948 756
7949 7332
7950 5300
7951 90
7952 1060
7953 15906
7954 5302
7955 1704
7956 2652
7957 1060
7958 7230
7959 7959
7960 420
7961 15922
7962 420
7963 5308
7964 936
7965 1958
7966 644
7967 6372
7968 2656
7969 330
7970 7542
7971 7844
7972 2124
7973 1548
7974 1940
7975 204
7976 1092
7977 220
7978 5292
7979 7979
7980 1450
7981 312
7982 1020
7983 570
7984 1774
7985 15970
7986 5324
7987 420
7988 3684
7989 7308
7990 1140
7991 7260
7992 3036
7993 1314
7994 7830
7995 7995
7996 222
7997 228
7998 1880
7999 5332
8000 8000
8001 2460
8002 240
8003 8003
8004 381
8005 1332
8006 7854
8007 6404
8008 630
8009 3936
8010 72
8011 252
8012 320
8013 230
8014 204
8015 440
8016 8016
8017 356
8018 1092
8019 2604
8020 198
8021 7860
8022 1604
8023 1782
8024 2430
8025 2292
8026 5350
8027 468
8028 2676
8029 1300
8030 1460
8031 8031
8032 72
8033 16066
8034 16068
8035 2430
8036 1148
8037 2140
8038 638
8039 3444
8040 1236
8041 5358
8042 804
8043 8043
8044 860
8045 3218
8046 990
8047 252
8048 8048
8049 3784
8050 1788
8051 8051
8052 644
8053 348
8054 1980
8055 537
8056 260
8057 1460
8058 7910
8059 594
8060 3381
8061 7700
8062 700
8063 8063
8064 889
8065 846
8066 72
8067 1380
8068 810
8069 16138
8070 3228
8071 1076
8072 1076
8073 264
8074 384
8075 260
8076 3892
8077 2148
8078 1590
8079 420
8080 5386
8081 6924
8082 780
8083 632
8084 396
8085 2652
8086 5382
8087 6460
8088 1155
8089 1348
8090 490
8091 279
8092 492
8093 16186
8094 16188
8095 48
8096 4048
8097 780
8098 5398
8099 3984
8100 136
8101 490
8102 924
8103 2556
8104 150
8105 84
8106 2610
8107 1012
8108 8108
8109 210
8110 5406
8111 8111
8112 580
8113 450
8114 16228
8115 8115
8116 2316
8117 760
8118 156
8119 1804
8120 1332
8121 2628
8122 684
8123 210
8124 2031
8125 2708
8126 16252
8127 1300
8128 42
8129 2660
8130 3300
8131 276
8132 3252
8133 5422
8134 280
8135 2652
8136 8136
8137 60
8138 220
8139 333
8140 1782
8141 3852
8142 1628
8143 660
8144 1068
8145 370
8146 5430
8147 2172
8148 378
8149 1086
8150 16300
8151 408
8152 2172
8153 7788
8154 7958
8155 1812
8156 7410
8157 300
8158 252
8159 8159
8160 2574
8161 544
8162 3260
8163 7868
8164 5442
8165 6996
8166 16332
8167 1980
8168 1240
8169 16338
8170 2508
8171 2668
8172 2796
8173 908
8174 16348
8175 8036
8176 858
8177 2180
8178 7430
8179 180
8180 2045
8181 16362
8182 2180
8183 7548
8184 2728
8185 1272
8186 7014
8187 1300
8188 2652
8189 3720
8190 16380
8191 14
8192 28
8193 780
8194 1818
8195 7956
8196 624
8197 364
8198 7758
8199 1265
8200 210
8201 8004
8202 96
8203 5466
8204 4020
8205 5470
8206 1094
8207 924
8208 2052
8209 420
8210 16420
8211 7460
8212 180
8213 16426
8214 2346
8215 5476
8216 2054
8217 1548
8218 5478
8219 3864
8220 200
8221 756
8222 660
8223 8223
8224 5482
8225 3290
8226 16452
8227 548
8228 141
8229 180
8230 870
8231 8100
8232 396
8233 830
8234 2674
8235 180
8236 1224
8237 6580
8238 16476
8239 1830
8240 8240
8241 8060
8242 156
8243 8243
8244 7490
8245 2618
8246 16492
8247 6596
8248 828
8249 7068
8250 1988
8251 5500
8252 660
8253 776
8254 1834
8255 1170
8256 21
8257 732
8258 8118
8259 8259
8260 5506
8261 60
8262 660
8263 786
8264 8264
8265 540
8266 2490
8267 6612
8268 3949
8269 1332
8270 552
8271 1015
8272 116
8273 16546
8274 396
8275 612
8276 4138
8277 420
8278 5518
8279 1596
8280 2760
8281 2760
8282 828
8283 8283
8284 786
8285 2034
8286 16572
8287 120
8288 3740
8289 2030
8290 5526
8291 561
8292 1060
8293 144
8294 156
8295 2024
8296 790
8297 6636
8298 2370
8299 2510
8300 3828
8301 16602
8302 540
8303 8303
8304 488
8305 84
8306 2016
8307 6644
8308 2660
8309 16618
8310 1510
8311 5538
8312 900
8313 2556
8314 264
8315 1663
8316 2079
8317 1108
8318 910
8319 1188
8320 1806
8321 440
8322 1664
8323 890
8324 4162
8325 16650
8326 60
8327 444
8328 2776
8329 1386
8330 3332
8331 2628
8332 100
8333 1428
8334 2730
8335 5556
8336 2084
8337 1540
8338 72
8339 7692
8340 1191
8341 2706
8342 3220
8343 180
8344 5562
8345 3338
8346 16692
8347 156
8348 2726
8349 5566
8350 2628
8351 8351
8352 48
8353 464
8354 210
8355 3928
8356 1854
8357 2228
8358 684
8359 5572
8360 121
8361 2388
8362 740
8363 2716
8364 697
8365 780
8366 1008
8367 6692
8368 2388
8369 990
8370 5580
8371 124
8372 392
8373 16746
8374 1860
8375 1794
8376 7610
8377 1116
8378 1932
8379 8379
8380 180
8381 16762
8382 2868
8383 5346
8384 1020
8385 540
8386 5590
8387 60
8388 882
8389 552
8390 2064
8391 2580
8392 372
8393 16786
8394 2754
8395 672
8396 3597
8397 6716
8398 2540
8399 2756
8400 4108
8401 1866
8402 168
8403 7203
8404 516
8405 3362
8406 616
8407 1044
8408 1650
8409 7590
8410 198
8411 8411
8412 240
8413 2730
8414 16828
8415 765
8416 180
8417 36
8418 1036
8419 5610
8420 1530
8421 16842
8422 2244
8423 3960
8424 3444
8425 340
8426 7974
8427 6740
8428 936
8429 2684
8430 648
8431 90
8432 1124
8433 8300
8434 5622
8435 1687
8436 4117
8437 4500
8438 1446
8439 2813
8440 120
8441 16882
8442 1020
8443 72
8444 8444
8445 126
8446 5628
8447 180
8448 1380
8449 910
8450 16900
8451 8451
8452 924
8453 1820
8454 684
8455 1878
8456 3900
8457 792
8458 5638
8459 3624
8460 2820
8461 564
8462 3380
8463 2821
8464 270
8465 16930
8466 1740
8467 564
8468 8468
8469 2604
8470 5646
8471 8471
8472 484
8473 804
8474 664
8475 330
8476 5650
8477 452
8478 2730
8479 1884
8480 3633
8481 16962
8482 84
8483 7866
8484 595
8485 2828
8486 7710
8487 240
8488 5658
8489 16978
8490 16980
8491 72
8492 1092
8493 5662
8494 1212
8495 7836
8496 8496
8497 1020
8498 2706
8499 1045
8500 1416
8501 7266
8502 3204
8503 436
8504 261
8505 17010
8506 2756
8507 820
8508 120
8509 60
8510 17020
8511 8204
8512 2260
8513 17026
8514 516
8515 270
8516 4258
8517 6812
8518 90
8519 7740
8520 2840
8521 396
8522 972
8523 8523
8524 5682
8525 3944
8526 17052
8527 756
8528 4140
8529 2436
8530 2530
8531 420
8532 3412
8533 1422
8534 3900
8535 308
8536 270
8537 220
8538 17076
8539 5692
8540 1260
8541 970
8542 264
8543 915
8544 4081
8545 1890
8546 17092
8547 1572
8548 1380
8549 17098
8550 2436
8551 5700
8552 620
8553 5702
8554 5700
8555 840
8556 468
8557 324
8558 1556
8559 936
8560 876
8561 17122
8562 1700
8563 2580
8564 3669
8565 2772
8566 1142
8567 1628
8568 2142
8569 196
8570 420
8571 195
8572 252
8573 7908
8574 7790
8575 5716
8576 504
8577 828
8578 126
8579 8579
8580 17030
8581 5718
8582 1716
8583 8583
8584 1392
8585 1110
8586 60
8587 380
8588 1056
8589 4180
8590 2706
8591 8591
8592 2940
8593 168
8594 17188
8595 955
8596 260
8597 180
8598 1036
8599 252
8600 4233
8601 17202
8602 180
8603 8603
8604 2151
8605 478
8606 7374
8607 780
8608 1434
8609 528
8610 184
8611 5740
8612 780
8613 3498
8614 5742
8615 1723
8616 2718
8617 2292
8618 7830
8619 8619
8620 2460
8621 1400
8622 1724
8623 5748
8624 4209
8625 2652
8626 5670
8627 168
8628 8628
8629 2610
8630 420
8631 2820
8632 2300
8633 2780
8634 2466
8635 900
8636 4125
8637 460
8638 2652
8639 8388
8640 1570
8641 822
8642 576
8643 8468
8644 168
8645 3458
8646 5764
8647 288
8648 1848
8649 17298
8650 234
8651 7260
8652 3460
8653 576
8654 1638
8655 618
8656 2772
8657 2308
8658 17316
8659 550
8660 4330
8661 4072
8662 60
8663 8663
8664 420
8665 468
8666 17332
8667 6932
8668 5778
8669 7428
8670 5780
8671 1380
8672 3468
8673 3690
8674 5782
8675 8675
8676 396
8677 132
8678 680
8679 2893
8680 1926
8681 4272
8682 660
8683 2478
8684 2630
8685 8372
8686 5790
8687 6900
8688 4344
8689 5790
8690 1140
8691 2897
8692 180
8693 17386
8694 17388
8695 40
8696 8696
8697 420
8698 1932
8699 476
8700 580
8701 2900
8702 6844
8703 2652
8704 828
8705 8316
8706 7910
8707 756
8708 4354
8709 5806
8710 5806
8711 1170
8712 40
8713 468
8714 700
8715 8715
8716 444
8717 1580
8718 3588
8719 5812
8720 8586
8721 17442
8722 332
8723 1071
8724 8724
8725 276
8726 2810
8727 6980
8728 2530
8729 312
8730 306
8731 388
8732 996
8733 426
8734 5814
8735 8735
8736 4300
8737 580
8738 17476
8739 3390
8740 5826
8741 17482
8742 804
8743 924
8744 8744
8745 1166
8746 1176
8747 6996
8748 4374
8749 306
8750 1260
8751 4180
8752 1164
8753 60
8754 17508
8755 672
8756 8610
8757 140
8758 5838
8759 8759
8760 1251
8761 2610
8762 700
8763 4120
8764 5842
8765 8556
8766 2156
8767 996
8768 1260
8769 222
8770 5844
8771 780
8772 1540
8773 2924
8774 396
8775 2925
8776 5850
8777 7020
8778 720
8779 1950
8780 1032
8781 96
8782 2340
8783 2660
8784 8784
8785 2928
8786 17572
8787 180
8788 270
8789 17578
8790 3516
8791 1172
8792 3516
8793 1428
8794 60
8795 3759
8796 72
8797 264
8798 17596
8799 8799
8800 838
8801 8484
8802 3012
8803 5868
8804 4402
8805 400
8806 306
8807 540
8808 1443
8809 2514
8810 8646
8811 8811
8812 2300
8813 17626
8814 2040
8815 5868
8816 1140
8817 7052
8818 5878
8819 1420
8820 3828
8821 1470
8822 1764
8823 1260
8824 468
8825 4176
8826 966
8827 1060
8828 8828
8829 1962
8830 2436
8831 4152
8832 3532
8833 60
8834 17668
8835 860
8836 476
8837 300
8838 8030
8839 2870
8840 1768
8841 5894
8842 2340
8843 4224
8844 2394
8845 2948
8846 2040
8847 7076
8848 1384
8849 2010
8850 570
8851 210
8852 236
8853 5902
8854 5902
8855 99
8856 8856
8857 236
8858 7590
8859 1932
8860 2670
8861 8604
8862 3540
8863 2790
8864 4432
8865 888
8866 176
8867 7092
8868 2217
8869 162
8870 364
8871 260
8872 156
8873 17746
8874 17748
8875 240
8876 360
8877 1716
8878 5916
8879 1218
8880 2960
8881 190
8882 360
8883 324
8884 5922
8885 8196
8886 2538
8887 780
8888 4284
8889 8492
8890 5926
8891 8891
8892 3556
8893 2310
8894 17788
8895 1779
8896 5922
8897 7116
8898 1332
8899 696
8900 3813
8901 234
8902 2372
8903 8903
8904 8090
8905 5934
8906 8694
8907 1524
8908 5938
8909 8772
8910 350
8911 228
8912 220
8913 17826
8914 282
8915 1620
8916 1048
8917 140
8918 17836
8919 8919
8920 468
8921 7644
8922 1148
8923 1980
8924 4116
8925 17850
8926 540
8927 7140
8928 1275
8929 992
8930 1092
8931 8931
8932 132
8933 1400
8934 8798
8935 396
8936 4380
8937 300
8938 2900
8939 8460
8940 2235
8941 1986
8942 252
8943 720
8944 66
8945 17890
8946 308
8947 596
8948 2710
8949 2556
8950 216
8951 8951
8952 3580
8953 322
8954 17908
8955 8955
8956 852
8957 7164
8958 1980
8959 180
8960 8960
8961 17922
8962 2380
8963 588
8964 4482
8965 966
8966 8814
8967 840
8968 996
8969 17938
8970 870
8971 460
8972 144
8973 4420
8974 480
8975 8652
8976 1380
8977 36
8978 17956
8979 8979
8980 5986
8981 770
8982 1796
8983 364
8984 120
8985 3594
8986 5988
8987 7180
8988 8988
8989 1380
8990 17980
8991 1281
8992 180
8993 1058
8994 17988
8995 666
8996 8514
8997 1740
8998 1284
8999 1460
9000 4393
9001 88
9002 276
9003 8180
9004 2772
9005 1230
9006 18012
9007 300
9008 2926
9009 972
9010 2002
9011 8844
9012 1020
9013 858
9014 8140
9015 36
9016 6010
9017 2404
9018 2120
9019 858
9020 451
9021 18042
9022 600
9023 9023
9024 3008
9025 2730
9026 7734
9027 572
9028 924
9029 18058
9030 1204
9031 1998
9032 3612
9033 924
9034 2844
9035 4248
9036 260
9037 120
9038 18076
9039 8900
9040 420
9041 8268
9042 1808
9043 6028
9044 9044
9045 2964
9046 324
9047 1380
9048 9048
9049 402
9050 8646
9051 420
9052 280
9053 612
9054 396
9055 2012
9056 2958
9057 7244
9058 180
9059 9059
9060 151
9061 2586
9062 3500
9063 3021
9064 318
9065 3626
9066 6044
9067 60
9068 3885
9069 240
9070 6046
9071 9071
9072 3420
9073 2882
9074 18148
9075 81
9076 336
9077 2420
9078 2970
9079 6052
9080 420
9081 4420
9082 516
9083 8820
9084 4542
9085 144
9086 712
9087 2420
9088 738
9089 7644
9090 18180
9091 1260
9092 3636
9093 2796
9094 966
9095 9095
9096 924
9097 1212
9098 2930
9099 337
9100 6066
9101 2988
9102 60
9103 408
9104 8970
9105 6070
9106 2796
9107 7284
9108 828
9109 3036
9110 612
9111 3037
9112 4860
9113 460
9114 18228
9115 2958
9116 4558
9117 780
9118 2026
9119 660
9120 504
9121 6078
9122 220
9123 560
9124 390
9125 18250
9126 6084
9127 152
9128 2282
9129 2790
9130 2028
9131 3912
9132 420
9133 1522
9134 18268
9135 330
9136 2030
9137 280
9138 2604
9139 6084
9140 900
9141 8924
9142 572
9143 223
9144 4572
9145 132
9146 8310
9147 7316
9148 954
9149 1260
9150 6100
9151 6100
9152 1044
9153 6102
9154 1432
9155 9155
9156 9156
9157 180
9158 2112
9159 1308
9160 980
9161 450
9162 1220
9163 740
9164 9164
9165 8756
9166 144
9167 288
9168 8330
9169 3056
9170 3668
9171 984
9172 2444
9173 7860
9174 8990
9175 6114
9176 4588
9177 7340
9178 420
9179 8340
9180 420
9181 1530
9182 1836
9183 9183
9184 156
9185 3674
9186 2898
9187 2100
9188 2024
9189 2042
9190 2780
9191 740
9192 3676
9193 6102
9194 1260
9195 8996
9196 6130
9197 564
9198 6132
9199 2044
9200 1840
9201 3570
9202 204
9203 1131
9204 1120
9205 1368
9206 18412
9207 28
9208 876
9209 2268
9210 468
9211 66
9212 660
9213 18426
9214 6142
9215 3948
9216 2304
9217 1228
9218 9078
9219 1317
9220 198
9221 18442
9222 120
9223 420
9224 1746
9225 738
9226 2050
9227 7380
9228 9228
9229 876
9230 18460
9231 2988
9232 2460
9233 4524
9234 990
9235 2990
9236 84
9237 2460
9238 2052
9239 4344
9240 2310
9241 300
9242 1848
9243 414
9244 2054
9245 820
9246 18492
9247 612
9248 4524
9249 948
9250 330
9251 319
9252 3700
9253 990
9254 3034
9255 9116
9256 1320
9257 3036
9258 6172
9259 6172
9260 2315
9261 6174
9262 180
9263 4560
9264 1323
9265 420
9266 602
9267 420
9268 2988
9269 806
9270 2060
9271 882
9272 3708
9273 4360
9274 2052
9275 8556
9276 9276
9277 1236
9278 120
9279 3036
9280 2948
9281 4392
9282 3588
9283 6186
9284 1495
9285 378
9286 60
9287 7420
9288 84
9289 2810
9290 728
9291 3097
9292 348
9293 18586
9294 448
9295 6196
9296 1162
9297 7436
9298 6198
9299 498
9300 990
9301 468
9302 3660
9303 4444
9304 6202
9305 9036
9306 2658
9307 72
9308 2327
9309 504
9310 6204
9311 8460
9312 3700
9313 2658
9314 2148
9315 25
9316 6210
9317 7452
9318 18636
9319 36
9320 3993
9321 3060
9322 140
9323 2996
9324 1096
9325 1036
9326 2970
9327 60
9328 2070
9329 1012
9330 6220
9331 1244
9332 3732
9333 4240
9334 42
9335 9335
9336 4585
9337 2460
9338 8838
9339 849
9340 2868
9341 312
9342 900
9343 6228
9344 2830
9345 3738
9346 330
9347 1068
9348 1335
9349 2970
9350 18700
9351 9164
9352 28
9353 8628
9354 1144
9355 810
9356 4678
9357 1764
9358 1464
9359 9359
9360 96
9361 6162
9362 3180
9363 1020
9364 3120
9365 18730
9366 780
9367 156
9368 380
9369 2676
9370 6246
9371 9371
9372 3564
9373 2082
9374 18748
9375 232
9376 414
9377 220
9378 18756
9379 468
9380 144
9381 9044
9382 828
9383 4011
9384 9316
9385 3128
9386 18772
9387 1500
9388 1420
9389 2310
9390 2682
9391 6258
9392 408
9393 18786
9394 6262
9395 1386
9396 3132
9397 1068
9398 508
9399 1220
9400 174
9401 2686
9402 188
9403 6268
9404 237
9405 2892
9406 2090
9407 1820
9408 1515
9409 360
9410 4060
9411 672
9412 100
9413 2310
9414 990
9415 6276
9416 4572
9417 7532
9418 132
9419 9419
9420 9266
9421 570
9422 1884
9423 4600
9424 1020
9425 8076
9426 2216
9427 2508
9428 1548
9429 18858
9430 6286
9431 8700
9432 2940
9433 90
9434 18868
9435 2324
9436 1566
9437 300
9438 1022
9439 420
9440 4641
9441 9020
9442 2516
9443 200
9444 1452
9445 6294
9446 8094
9447 7556
9448 6298
9449 18898
9450 460
9451 2100
9452 396
9453 36
9454 570
9455 9455
9456 9456
9457 48
9458 18916
9459 9459
9460 312
9461 1036
9462 3780
9463 6300
9464 4521
9465 430
9466 6310
9467 540
9468 4564
9469 3074
9470 1380
9471 2988
9472 420
9473 18946
9474 2706
9475 6316
9476 2870
9477 296
9478 770
9479 9479
9480 3102
9481 42
9482 1896
9483 972
9484 6322
9485 1860
9486 18972
9487 220
9488 4065
9489 18978
9490 36
9491 4620
9492 3796
9493 3164
9494 2232
9495 1356
9496 972
9497 1820
9498 2860
9499 6330
9500 9500
9501 3060
9502 180
9503 3116
9504 9504
9505 288
9506 19012
9507 7604
9508 132
9509 180
9510 9086
9511 744
9512 380
9513 9308
9514 6342
9515 1903
9516 1359
9517 2484
9518 19036
9519 312
9520 720
9521 4692
9522 876
9523 906
9524 3094
9525 19050
9526 252
9527 612
9528 2088
9529 794
9530 8148
9531 8660
9532 20
9533 9108
9534 19068
9535 324
9536 9536
9537 180
9538 6358
9539 9539
9540 3180
9541 106
9542 3460
9543 3181
9544 900
9545 4488
9546 780
9547 396
9548 1092
9549 9380
9550 6366
9551 4092
9552 764
9553 480
9554 2352
9555 1316
9556 1012
9557 2548
9558 78
9559 6372
9560 4780
9561 2940
9562 600
9563 770
9564 4140
9565 546
9566 8892
9567 308
9568 6378
9569 19138
9570 19140
9571 2124
9572 1092
9573 4660
9574 2940
9575 1740
9576 9434
9577 1276
9578 19156
9579 1848
9580 1596
9581 19162
9582 1916
9583 6388
9584 4620
9585 504
9586 1230
9587 1740
9588 105
9589 2130
9590 19180
9591 3197
9592 2556
9593 8220
9594 3090
9595 6396
9596 1128
9597 1740
9598 2106
9599 1179
9600 420
9601 1548
9602 3652
9603 9603
9604 126
9605 1130
9606 6404
9607 60
9608 8730
9609 19218
9610 1036
9611 4692
9612 1920
9613 168
9614 660
9615 9615
9616 1068
9617 7692
9618 19236
9619 2860
9620 945
9621 2748
9622 2564
9623 828
9624 1203
9625 990
9626 2220
9627 7700
9628 2730
9629 19258
9630 2040
9631 2140
9632 3852
9633 1482
9634 6420
9635 4128
9636 3212
9637 80
9638 2340
9639 2964
9640 2142
9641 730
9642 252
9643 102
9644 2411
9645 1900
9646 1044
9647 904
9648 4609
9649 306
9650 19300
9651 1584
9652 180
9653 224
9654 6436
9655 260
9656 165
9657 7724
9658 1564
9659 9659
9660 19182
9661 252
9662 3860
9663 150
9664 1512
9665 8916
9666 19332
9667 644
9668 4740
9669 2378
9670 102
9671 8932
9672 468
9673 806
9674 8790
9675 1044
9676 2150
9677 1092
9678 744
9679 6426
9680 9162
9681 4488
9682 2580
9683 9540
9684 1383
9685 2930
9686 19372
9687 500
9688 3228
9689 19378
9690 3876
9691 420
9692 3876
9693 19386
9694 770
9695 9695
9696 140
9697 516
9698 648
9699 3060
9700 1036
9701 19402
9702 388
9703 6468
9704 4476
9705 4002
9706 6462
9707 440
9708 1618
9709 3236
9710 3884
9711 9711
9712 180
9713 19426
9714 6476
9715 168
9716 4858
9717 1716
9718 90
9719 4164
9720 4860
9721 810
9722 648
9723 3241
9724 1080
9725 9516
9726 924
9727 648
9728 4864
9729 420
9730 996
9731 9731
9732 152
9733 306
9734 19468
9735 1947
9736 6490
9737 180
9738 6492
9739 210
9740 330
9741 19482
9742 72
9743 8988
9744 9744
9745 198
9746 2400
9747 1668
9748 528
9749 360
9750 19500
9751 2940
9752 3772
9753 19506
9754 1392
9755 3204
9756 468
9757 1300
9758 336
9759 9620
9760 216
9761 8364
9762 140
9763 1034
9764 870
9765 6510
9766 1528
9767 7812
9768 465
9769 996
9770 19540
9771 9771
9772 2604
9773 370
9774 1204
9775 882
9776 9776
9777 7820
9778 780
9779 9779
9780 45
9781 1630
9782 84
9783 4600
9784 740
9785 19570
9786 9108
9787 1260
9788 4894
9789 2796
9790 3180
9791 9791
9792 3916
9793 102
9794 9270
9795 1020
9796 930
9797 7836
9798 19596
9799 138
9800 288
9801 19602
9802 2612
9803 4200
9804 9804
9805 726
9806 8910
9807 7844
9808 3012
9809 9372
9810 2802
9811 210
9812 1300
9813 774
9814 2178
9815 9636
9816 4732
9817 120
9818 2412
9819 4780
9820 6546
9821 9060
9822 1964
9823 1044
9824 4200
9825 532
9826 6550
9827 7860
9828 8930
9829 234
9830 19660
9831 8268
9832 396
9833 3220
9834 264
9835 3198
9836 4845
9837 7860
9838 234
9839 2980
9840 3280
9841 13122
9842 140
9843 3281
9844 386
9845 336
9846 9614
9847 300
9848 9848
9849 6566
9850 990
9851 360
9852 3372
9853 1642
9854 19708
9855 4708
9856 1314
9857 876
9858 19716
9859 156
9860 180
9861 8910
9862 2620
9863 9863
9864 180
9865 3288
9866 8454
9867 7892
9868 504
9869 19738
9870 3114
9871 1316
9872 3580
9873 420
9874 3164
9875 9875
9876 3292
9877 876
9878 858
9879 3293
9880 2820
9881 19762
9882 3828
9883 2990
9884 4836
9885 664
9886 2028
9887 420
9888 1648
9889 3114
9890 390
9891 135
9892 2636
9893 9660
9894 240
9895 2196
9896 2474
9897 1908
9898 6598
9899 9132
9900 9900
9901 660
9902 232
9903 308
9904 210
9905 50
9906 19812
9907 60
9908 1332
9909 734
9910 6606
9911 3220
9912 60
9913 2202
9914 1950
9915 354
9916 50
9917 7932
9918 9758
9919 776
9920 4960
9921 6614
9922 756
9923 407
9924 4741
9925 1524
9926 19852
9927 3420
9928 6618
9929 8508
9930 6620
9931 6618
9932 476
9933 19866
9934 3204
9935 320
9936 1992
9937 1300
9938 1380
9939 1632
9940 6486
9941 1218
9942 240
9943 2838
9944 9944
9945 19890
9946 1044
9947 1892
9948 4900
9949 990
9950 8526
9951 3060
9952 884
9953 4680
9954 462
9955 6636
9956 9956
9957 852
9958 6636
9959 9959
9960 1810
9961 532
9962 3980
9963 9963
9964 36
9965 2358
9966 1070
9967 2652
9968 9968
9969 364
9970 1496
9971 1260
9972 3988
9973 180
9974 19948
9975 70
9976 738
9977 204
9978 2850
9979 6652
9980 9980
9981 19962
9982 2420
9983 4860
9984 3150
9985 948
9986 19972
9987 920
9988 6658
9989 19978
9990 1092
9991 2220
9992 228
9993 4290
9994 2220
9995 9995
9996 4998
9997 140
9998 19996
9999 102
10000 812







