1 14
2 21
3 25
4 30
5 33
6 38
7 41
8 43
9 48
10 50
11 53
12 56
13 59
14 61
15 65
16 67
17 70
18 72
19 76
20 77
21 79
22 83
23 85
24 87
25 89
26 92
27 95
28 96
29 99
30 101
31 104
32 105
33 107
34 111
35 112
36 114
37 116
38 119
39 121
40 123
41 124
42 128
43 130
44 131
45 133
46 135
47 138
48 140
49 141
50 143
51 146
52 147
53 150
54 151
55 153
56 156
57 158
58 159
59 161
60 163
61 166
62 167
63 169
64 170
65 173
66 175
67 176
68 178
69 180
70 182
71 185
72 186
73 187
74 189
75 192
76 193
77 195
78 197
79 198
80 201
81 202
82 204
83 205
84 208
85 210
86 212
87 213
88 215
89 216
90 219
91 221
92 221
93 224
94 225
95 227
96 229
97 231
98 232
99 234
100 237
101 238
102 240
103 241
104 243
105 244
106 247
107 248
108 250
109 251
110 253
111 255
112 256
113 259
114 260
115 261
116 264
117 266
118 267
119 268
120 270
121 271
122 273
123 276
124 276
125 278
126 279
127 282
128 283
129 285
130 287
131 288
132 290
133 292
134 294
135 295
136 296
137 298
138 300
139 302
140 303
141 305
142 306
143 307
144 310
145 311
146 312
147 314
148 315
149 318
150 319
151 321
152 322
153 323
154 325
155 327
156 329
157 330
158 331
159 334
160 334
161 337
162 338
163 340
164 341
165 342
166 345
167 346
168 347
169 349
170 350
171 352
172 353
173 356
174 357
175 358
176 360
177 361
178 363
179 365
180 366
181 368
182 369
183 370
184 373
185 374
186 376
187 376
188 378
189 380
190 381
191 383
192 385
193 386
194 387
195 389
196 391
197 392
198 393
199 396
200 396
201 398
202 400
203 402
204 403
205 404
206 405
207 408
208 409
209 411
210 412
211 413
212 415
213 415
214 418
215 420
216 421
217 422
218 424
219 425
220 427
221 428
222 430
223 431
224 432
225 434
226 436
227 438
228 439
229 440
230 442
231 443
232 444
233 447
234 447
235 449
236 450
237 451
238 454
239 455
240 456
241 458
242 460
243 460
244 462
245 464
246 466
247 467
248 467
249 470
250 471
251 473
252 474
253 476
254 477
255 478
256 479
257 482
258 483
259 484
260 486
261 487
262 488
263 490
264 491
265 493
266 494
267 495
268 496
269 499
270 500
271 502
272 502
273 504
274 505
275 506
276 509
277 510
278 512
279 513
280 514
281 515
282 518
283 518
284 520
285 522
286 522
287 524
288 525
289 528
290 528
291 530
292 531
293 533
294 534
295 536
296 537
297 538
298 540
299 541
300 542
301 544
302 546
303 547
304 548
305 549
306 551
307 552
308 554
309 556
310 557
311 558
312 559
313 560
314 563
315 564
316 565
317 567
318 568
319 569
320 570
321 572
322 574
323 575
324 576
325 577
326 579
327 580
328 582
329 583
330 585
331 586
332 587
333 588
334 591
335 592
336 593
337 594
338 596
339 596
340 598
341 600
342 602
343 603
344 604
345 605
346 606
347 608
348 609
349 611
350 612
351 614
352 615
353 616
354 618
355 619
356 620
357 622
358 622
359 624
360 626
361 627
362 628
363 630
364 631
365 632
366 634
367 636
368 637
369 638
370 639
371 641
372 642
373 643
374 645
375 646
376 648
377 649
378 650
379 651
380 654
381 654
382 656
383 657
384 658
385 660
386 661
387 662
388 664
389 665
390 667
391 667
392 669
393 670
394 672
395 673
396 674
397 676
398 677
399 678
400 680
401 682
402 683
403 684
404 685
405 686
406 688
407 689
408 690
409 692
410 693
411 695
412 696
413 697
414 699
415 700
416 701
417 702
418 704
419 705
420 706
421 708
422 709
423 711
424 712
425 713
426 714
427 716
428 717
429 719
430 720
431 721
432 722
433 724
434 725
435 727
436 728
437 729
438 730
439 731
440 733
441 735
442 736
443 737
444 739
445 740
446 741
447 742
448 744
449 745
450 746
451 748
452 748
453 751
454 751
455 753
456 754
457 756
458 757
459 758
460 759
461 760
462 763
463 764
464 764
465 766
466 767
467 768
468 770
469 771
470 773
471 774
472 775
473 776
474 777
475 779
476 780
477 782
478 783
479 784
480 786
481 786
482 787
483 790
484 791
485 792
486 793
487 794
488 796
489 797
490 799
491 800
492 802
493 803
494 803
495 805
496 806
497 808
498 809
499 810
500 811
501 813
502 814
503 815
504 817
505 818
506 819
507 821
508 822
509 822
510 825
511 826
512 827
513 828
514 829
515 831
516 832
517 833
518 835
519 837
520 837
521 838
522 839
523 841
524 842
525 844
526 845
527 846
528 848
529 848
530 850
531 851
532 853
533 854
534 855
535 856
536 857
537 859
538 860
539 861
540 863
541 864
542 866
543 866
544 868
545 869
546 871
547 872
548 873
549 874
550 876
551 877
552 878
553 879
554 881
555 882
556 883
557 884
558 885
559 887
560 888
561 890
562 891
563 892
564 893
565 895
566 895
567 897
568 899
569 900
570 901
571 902
572 903
573 905
574 906
575 908
576 908
577 910
578 911
579 912
580 913
581 915
582 916
583 918
584 919
585 919
586 921
587 923
588 923
589 925
590 927
591 928
592 929
593 930
594 931
595 932
596 934
597 935
598 936
599 938
600 939
601 940
602 941
603 942
604 944
605 945
606 947
607 947
608 948
609 950
610 951
611 953
612 954
613 955
614 957
615 958
616 958
617 959
618 962
619 963
620 964
621 965
622 966
623 967
624 969
625 970
626 971
627 973
628 974
629 975
630 976
631 977
632 979
633 981
634 981
635 982
636 984
637 985
638 986
639 987
640 989
641 990
642 991
643 993
644 993
645 994
646 996
647 998
648 999
649 1000
650 1001
651 1002
652 1003
653 1005
654 1006
655 1008
656 1009
657 1010
658 1011
659 1012
660 1013
661 1015
662 1016
663 1017
664 1019
665 1020
666 1021
667 1022
668 1023
669 1025
670 1026
671 1027
672 1028
673 1029
674 1031
675 1032
676 1033
677 1035
678 1036
679 1037
680 1038
681 1039
682 1040
683 1042
684 1044
685 1045
686 1045
687 1047
688 1048
689 1049
690 1050
691 1052
692 1053
693 1055
694 1055
695 1057
696 1057
697 1059
698 1060
699 1062
700 1063
701 1064
702 1065
703 1066
704 1067
705 1068
706 1071
707 1072
708 1073
709 1074
710 1075
711 1076
712 1077
713 1079
714 1080
715 1081
716 1083
717 1083
718 1084
719 1086
720 1087
721 1089
722 1090
723 1091
724 1092
725 1093
726 1094
727 1095
728 1096
729 1099
730 1099
731 1101
732 1102
733 1103
734 1104
735 1106
736 1107
737 1108
738 1109
739 1110
740 1111
741 1112
742 1113
743 1115
744 1117
745 1118
746 1119
747 1119
748 1121
749 1122
750 1123
751 1125
752 1126
753 1128
754 1128
755 1130
756 1130
757 1131
758 1134
759 1135
760 1136
761 1137
762 1138
763 1139
764 1141
765 1141
766 1143
767 1145
768 1145
769 1147
770 1148
771 1149
772 1150
773 1152
774 1153
775 1154
776 1155
777 1157
778 1157
779 1158
780 1159
781 1161
782 1162
783 1164
784 1165
785 1165
786 1167
787 1168
788 1170
789 1170
790 1172
791 1173
792 1174
793 1175
794 1177
795 1177
796 1180
797 1181
798 1181
799 1183
800 1184
801 1185
802 1186
803 1187
804 1189
805 1190
806 1191
807 1192
808 1193
809 1194
810 1196
811 1197
812 1199
813 1199
814 1201
815 1202
816 1203
817 1204
818 1205
819 1207
820 1208
821 1209
822 1210
823 1211
824 1212
825 1214
826 1215
827 1216
828 1217
829 1219
830 1220
831 1221
832 1222
833 1223
834 1225
835 1226
836 1227
837 1228
838 1229
839 1231
840 1232
841 1233
842 1234
843 1236
844 1236
845 1238
846 1238
847 1239
848 1241
849 1243
850 1244
851 1245
852 1246
853 1247
854 1248
855 1249
856 1251
857 1252
858 1254
859 1254
860 1255
861 1256
862 1258
863 1259
864 1260
865 1262
866 1263
867 1264
868 1265
869 1266
870 1267
871 1268
872 1270
873 1271
874 1272
875 1273
876 1274
877 1275
878 1277
879 1278
880 1279
881 1280
882 1282
883 1283
884 1283
885 1285
886 1286
887 1287
888 1289
889 1290
890 1290
891 1292
892 1293
893 1294
894 1295
895 1297
896 1298
897 1299
898 1300
899 1301
900 1302
901 1303
902 1305
903 1307
904 1307
905 1309
906 1309
907 1311
908 1312
909 1313
910 1314
911 1316
912 1317
913 1318
914 1319
915 1320
916 1322
917 1322
918 1324
919 1325
920 1326
921 1328
922 1329
923 1329
924 1330
925 1332
926 1334
927 1335
928 1336
929 1337
930 1338
931 1339
932 1340
933 1341
934 1343
935 1344
936 1345
937 1346
938 1348
939 1348
940 1349
941 1351
942 1352
943 1353
944 1354
945 1356
946 1357
947 1358
948 1358
949 1360
950 1361
951 1363
952 1364
953 1365
954 1365
955 1367
956 1368
957 1370
958 1371
959 1372
960 1373
961 1374
962 1375
963 1376
964 1377
965 1380
966 1380
967 1381
968 1382
969 1383
970 1384
971 1386
972 1387
973 1388
974 1390
975 1391
976 1392
977 1393
978 1393
979 1395
980 1397
981 1398
982 1399
983 1400
984 1400
985 1403
986 1403
987 1404
988 1406
989 1407
990 1408
991 1409
992 1410
993 1411
994 1412
995 1414
996 1416
997 1416
998 1417
999 1419
1000 1419
1001 1420
1002 1422
1003 1422
1004 1424
1005 1426
1006 1427
1007 1427
1008 1429
1009 1430
1010 1431
1011 1432
1012 1434
1013 1435
1014 1436
1015 1437
1016 1438
1017 1439
1018 1440
1019 1442
1020 1443
1021 1444
1022 1445
1023 1446
1024 1447
1025 1448
1026 1449
1027 1451
1028 1452
1029 1454
1030 1454
1031 1455
1032 1456
1033 1458
1034 1458
1035 1461
1036 1461
1037 1462
1038 1463
1039 1465
1040 1466
1041 1467
1042 1468
1043 1469
1044 1471
1045 1471
1046 1473
1047 1474
1048 1474
1049 1476
1050 1477
1051 1478
1052 1480
1053 1481
1054 1482
1055 1483
1056 1484
1057 1485
1058 1486
1059 1488
1060 1489
1061 1490
1062 1491
1063 1492
1064 1493
1065 1494
1066 1496
1067 1497
1068 1498
1069 1500
1070 1500
1071 1501
1072 1502
1073 1503
1074 1505
1075 1506
1076 1507
1077 1508
1078 1509
1079 1510
1080 1512
1081 1513
1082 1514
1083 1516
1084 1516
1085 1518
1086 1518
1087 1520
1088 1520
1089 1522
1090 1523
1091 1525
1092 1525
1093 1527
1094 1528
1095 1529
1096 1529
1097 1531
1098 1532
1099 1534
1100 1535
1101 1536
1102 1537
1103 1538
1104 1539
1105 1540
1106 1542
1107 1542
1108 1544
1109 1545
1110 1546
1111 1547
1112 1548
1113 1549
1114 1551
1115 1552
1116 1553
1117 1554
1118 1555
1119 1556
1120 1557
1121 1558
1122 1560
1123 1561
1124 1562
1125 1563
1126 1564
1127 1565
1128 1566
1129 1568
1130 1569
1131 1571
1132 1571
1133 1572
1134 1574
1135 1574
1136 1576
1137 1576
1138 1578
1139 1580
1140 1580
1141 1581
1142 1582
1143 1583
1144 1584
1145 1586
1146 1587
1147 1588
1148 1589
1149 1591
1150 1591
1151 1593
1152 1594
1153 1594
1154 1596
1155 1598
1156 1598
1157 1600
1158 1600
1159 1602
1160 1603
1161 1604
1162 1606
1163 1606
1164 1608
1165 1609
1166 1610
1167 1610
1168 1611
1169 1613
1170 1615
1171 1616
1172 1616
1173 1618
1174 1619
1175 1620
1176 1621
1177 1622
1178 1623
1179 1625
1180 1626
1181 1626
1182 1628
1183 1629
1184 1630
1185 1631
1186 1633
1187 1634
1188 1635
1189 1636
1190 1637
1191 1638
1192 1639
1193 1640
1194 1642
1195 1642
1196 1644
1197 1645
1198 1646
1199 1647
1200 1648
1201 1649
1202 1650
1203 1652
1204 1653
1205 1654
1206 1655
1207 1656
1208 1657
1209 1658
1210 1660
1211 1661
1212 1662
1213 1662
1214 1664
1215 1665
1216 1666
1217 1667
1218 1668
1219 1670
1220 1671
1221 1672
1222 1673
1223 1674
1224 1675
1225 1676
1226 1678
1227 1679
1228 1680
1229 1681
1230 1682
1231 1683
1232 1684
1233 1685
1234 1686
1235 1688
1236 1689
1237 1690
1238 1691
1239 1692
1240 1693
1241 1694
1242 1696
1243 1697
1244 1697
1245 1699
1246 1700
1247 1701
1248 1702
1249 1703
1250 1704
1251 1706
1252 1707
1253 1708
1254 1709
1255 1710
1256 1711
1257 1712
1258 1713
1259 1715
1260 1716
1261 1717
1262 1718
1263 1719
1264 1720
1265 1720
1266 1723
1267 1724
1268 1725
1269 1726
1270 1727
1271 1728
1272 1729
1273 1730
1274 1731
1275 1732
1276 1734
1277 1735
1278 1736
1279 1736
1280 1738
1281 1739
1282 1740
1283 1742
1284 1742
1285 1743
1286 1745
1287 1746
1288 1747
1289 1748
1290 1749
1291 1751
1292 1752
1293 1753
1294 1754
1295 1755
1296 1755
1297 1757
1298 1758
1299 1759
1300 1760
1301 1762
1302 1762
1303 1764
1304 1765
1305 1765
1306 1767
1307 1768
1308 1770
1309 1770
1310 1771
1311 1772
1312 1774
1313 1775
1314 1775
1315 1777
1316 1778
1317 1780
1318 1781
1319 1781
1320 1782
1321 1783
1322 1785
1323 1786
1324 1787
1325 1788
1326 1789
1327 1790
1328 1791
1329 1793
1330 1794
1331 1794
1332 1796
1333 1797
1334 1798
1335 1799
1336 1800
1337 1801
1338 1802
1339 1804
1340 1805
1341 1806
1342 1807
1343 1809
1344 1809
1345 1810
1346 1811
1347 1812
1348 1814
1349 1815
1350 1816
1351 1817
1352 1818
1353 1819
1354 1820
1355 1821
1356 1822
1357 1824
1358 1825
1359 1826
1360 1827
1361 1828
1362 1829
1363 1830
1364 1832
1365 1833
1366 1833
1367 1835
1368 1836
1369 1837
1370 1838
1371 1839
1372 1840
1373 1841
1374 1843
1375 1844
1376 1845
1377 1845
1378 1846
1379 1848
1380 1849
1381 1851
1382 1851
1383 1852
1384 1854
1385 1855
1386 1856
1387 1856
1388 1857
1389 1859
1390 1861
1391 1861
1392 1862
1393 1863
1394 1864
1395 1865
1396 1867
1397 1868
1398 1869
1399 1870
1400 1871
1401 1872
1402 1873
1403 1875
1404 1875
1405 1877
1406 1878
1407 1879
1408 1880
1409 1881
1410 1882
1411 1883
1412 1884
1413 1885
1414 1887
1415 1888
1416 1889
1417 1890
1418 1891
1419 1892
1420 1893
1421 1895
1422 1896
1423 1897
1424 1898
1425 1899
1426 1900
1427 1901
1428 1902
1429 1903
1430 1904
1431 1906
1432 1907
1433 1907
1434 1908
1435 1909
1436 1911
1437 1912
1438 1913
1439 1914
1440 1915
1441 1917
1442 1917
1443 1919
1444 1919
1445 1920
1446 1922
1447 1923
1448 1924
1449 1925
1450 1926
1451 1927
1452 1928
1453 1929
1454 1930
1455 1932
1456 1933
1457 1934
1458 1935
1459 1936
1460 1937
1461 1938
1462 1939
1463 1941
1464 1942
1465 1943
1466 1943
1467 1945
1468 1946
1469 1947
1470 1948
1471 1949
1472 1951
1473 1952
1474 1953
1475 1953
1476 1954
1477 1955
1478 1957
1479 1958
1480 1959
1481 1960
1482 1961
1483 1962
1484 1964
1485 1964
1486 1965
1487 1966
1488 1968
1489 1969
1490 1970
1491 1971
1492 1972
1493 1973
1494 1974
1495 1975
1496 1977
1497 1977
1498 1979
1499 1980
1500 1981
1501 1982
1502 1983
1503 1984
1504 1985
1505 1987
1506 1988
1507 1988
1508 1990
1509 1990
1510 1992
1511 1993
1512 1994
1513 1995
1514 1997
1515 1997
1516 1998
1517 2000
1518 2000
1519 2001
1520 2003
1521 2004
1522 2005
1523 2006
1524 2007
1525 2008
1526 2009
1527 2010
1528 2011
1529 2013
1530 2014
1531 2015
1532 2016
1533 2017
1534 2017
1535 2019
1536 2020
1537 2021
1538 2023
1539 2024
1540 2024
1541 2026
1542 2027
1543 2028
1544 2029
1545 2029
1546 2032
1547 2032
1548 2033
1549 2035
1550 2035
1551 2037
1552 2037
1553 2039
1554 2039
1555 2041
1556 2042
1557 2043
1558 2044
1559 2045
1560 2046
1561 2047
1562 2048
1563 2050
1564 2051
1565 2052
1566 2052
1567 2054
1568 2055
1569 2056
1570 2057
1571 2058
1572 2059
1573 2061
1574 2061
1575 2063
1576 2063
1577 2064
1578 2066
1579 2067
1580 2068
1581 2069
1582 2071
1583 2071
1584 2072
1585 2073
1586 2074
1587 2075
1588 2077
1589 2078
1590 2079
1591 2080
1592 2081
1593 2082
1594 2083
1595 2084
1596 2085
1597 2087
1598 2087
1599 2089
1600 2090
1601 2090
1602 2091
1603 2092
1604 2094
1605 2095
1606 2096
1607 2097
1608 2098
1609 2099
1610 2101
1611 2101
1612 2103
1613 2103
1614 2105
1615 2106
1616 2107
1617 2108
1618 2109
1619 2110
1620 2111
1621 2113
1622 2113
1623 2114
1624 2116
1625 2117
1626 2118
1627 2119
1628 2119
1629 2121
1630 2122
1631 2123
1632 2124
1633 2126
1634 2126
1635 2127
1636 2129
1637 2129
1638 2131
1639 2132
1640 2133
1641 2134
1642 2135
1643 2136
1644 2137
1645 2138
1646 2139
1647 2141
1648 2142
1649 2142
1650 2143
1651 2145
1652 2146
1653 2147
1654 2148
1655 2149
1656 2150
1657 2152
1658 2152
1659 2153
1660 2154
1661 2155
1662 2156
1663 2158
1664 2159
1665 2160
1666 2161
1667 2162
1668 2163
1669 2164
1670 2165
1671 2166
1672 2168
1673 2169
1674 2169
1675 2171
1676 2171
1677 2172
1678 2174
1679 2175
1680 2176
1681 2177
1682 2178
1683 2179
1684 2180
1685 2181
1686 2182
1687 2183
1688 2184
1689 2186
1690 2187
1691 2188
1692 2189
1693 2189
1694 2191
1695 2192
1696 2193
1697 2194
1698 2195
1699 2197
1700 2197
1701 2199
1702 2199
1703 2200
1704 2201
1705 2203
1706 2204
1707 2205
1708 2206
1709 2207
1710 2208
1711 2209
1712 2210
1713 2211
1714 2212
1715 2214
1716 2215
1717 2216
1718 2216
1719 2217
1720 2219
1721 2220
1722 2221
1723 2223
1724 2223
1725 2224
1726 2226
1727 2226
1728 2227
1729 2228
1730 2229
1731 2231
1732 2232
1733 2233
1734 2234
1735 2235
1736 2236
1737 2237
1738 2238
1739 2239
1740 2240
1741 2242
1742 2243
1743 2243
1744 2244
1745 2246
1746 2246
1747 2247
1748 2250
1749 2250
1750 2251
1751 2252
1752 2253
1753 2255
1754 2255
1755 2256
1756 2257
1757 2259
1758 2260
1759 2261
1760 2262
1761 2263
1762 2263
1763 2265
1764 2266
1765 2267
1766 2268
1767 2269
1768 2270
1769 2271
1770 2272
1771 2273
1772 2274
1773 2275
1774 2277
1775 2278
1776 2279
1777 2280
1778 2281
1779 2281
1780 2283
1781 2284
1782 2285
1783 2286
1784 2287
1785 2289
1786 2289
1787 2290
1788 2291
1789 2292
1790 2294
1791 2295
1792 2296
1793 2297
1794 2297
1795 2299
1796 2300
1797 2301
1798 2301
1799 2303
1800 2304
1801 2306
1802 2307
1803 2307
1804 2308
1805 2309
1806 2310
1807 2312
1808 2313
1809 2314
1810 2315
1811 2316
1812 2317
1813 2318
1814 2319
1815 2320
1816 2321
1817 2323
1818 2324
1819 2325
1820 2326
1821 2326
1822 2327
1823 2329
1824 2330
1825 2331
1826 2332
1827 2333
1828 2334
1829 2336
1830 2336
1831 2337
1832 2338
1833 2340
1834 2341
1835 2341
1836 2343
1837 2343
1838 2344
1839 2346
1840 2346
1841 2348
1842 2349
1843 2350
1844 2351
1845 2352
1846 2353
1847 2354
1848 2355
1849 2356
1850 2358
1851 2359
1852 2359
1853 2360
1854 2361
1855 2363
1856 2363
1857 2365
1858 2365
1859 2367
1860 2368
1861 2369
1862 2370
1863 2371
1864 2372
1865 2372
1866 2374
1867 2376
1868 2376
1869 2378
1870 2378
1871 2380
1872 2381
1873 2382
1874 2383
1875 2383
1876 2385
1877 2386
1878 2387
1879 2388
1880 2389
1881 2390
1882 2391
1883 2392
1884 2394
1885 2394
1886 2395
1887 2397
1888 2398
1889 2399
1890 2399
1891 2400
1892 2401
1893 2403
1894 2404
1895 2405
1896 2406
1897 2407
1898 2408
1899 2409
1900 2410
1901 2411
1902 2412
1903 2414
1904 2414
1905 2416
1906 2417
1907 2417
1908 2418
1909 2420
1910 2421
1911 2422
1912 2423
1913 2424
1914 2425
1915 2426
1916 2427
1917 2428
1918 2429
1919 2430
1920 2432
1921 2433
1922 2434
1923 2434
1924 2435
1925 2436
1926 2438
1927 2439
1928 2440
1929 2441
1930 2442
1931 2443
1932 2444
1933 2445
1934 2446
1935 2446
1936 2449
1937 2449
1938 2451
1939 2451
1940 2452
1941 2453
1942 2454
1943 2455
1944 2457
1945 2458
1946 2459
1947 2460
1948 2461
1949 2462
1950 2462
1951 2464
1952 2465
1953 2466
1954 2468
1955 2468
1956 2469
1957 2470
1958 2472
1959 2472
1960 2473
1961 2474
1962 2476
1963 2477
1964 2478
1965 2478
1966 2480
1967 2480
1968 2481
1969 2483
1970 2485
1971 2485
1972 2486
1973 2487
1974 2488
1975 2489
1976 2490
1977 2491
1978 2492
1979 2493
1980 2495
1981 2496
1982 2496
1983 2498
1984 2498
1985 2500
1986 2501
1987 2502
1988 2503
1989 2504
1990 2505
1991 2506
1992 2507
1993 2508
1994 2509
1995 2510
1996 2512
1997 2513
1998 2514
1999 2514
2000 2515
2001 2517
2002 2517
2003 2519
2004 2520
2005 2520
2006 2522
2007 2523
2008 2524
2009 2525
2010 2526
2011 2527
2012 2527
2013 2529
2014 2530
2015 2532
2016 2532
2017 2533
2018 2534
2019 2536
2020 2536
2021 2537
2022 2539
2023 2540
2024 2541
2025 2542
2026 2543
2027 2543
2028 2544
2029 2546
2030 2547
2031 2548
2032 2549
2033 2550
2034 2551
2035 2552
2036 2553
2037 2554
2038 2555
2039 2556
2040 2558
2041 2559
2042 2559
2043 2560
2044 2561
2045 2562
2046 2564
2047 2564
2048 2566
2049 2567
2050 2568
2051 2569
2052 2570
2053 2571
2054 2572
2055 2572
2056 2574
2057 2575
2058 2576
2059 2578
2060 2578
2061 2579
2062 2580
2063 2581
2064 2582
2065 2583
2066 2585
2067 2586
2068 2587
2069 2588
2070 2588
2071 2590
2072 2590
2073 2592
2074 2593
2075 2594
2076 2595
2077 2596
2078 2598
2079 2598
2080 2599
2081 2600
2082 2601
2083 2602
2084 2604
2085 2605
2086 2605
2087 2606
2088 2607
2089 2608
2090 2610
2091 2610
2092 2612
2093 2613
2094 2614
2095 2615
2096 2616
2097 2617
2098 2617
2099 2618
2100 2620
2101 2621
2102 2622
2103 2623
2104 2624
2105 2625
2106 2626
2107 2627
2108 2628
2109 2630
2110 2630
2111 2632
2112 2632
2113 2634
2114 2634
2115 2635
2116 2636
2117 2638
2118 2639
2119 2640
2120 2640
2121 2642
2122 2643
2123 2644
2124 2645
2125 2645
2126 2647
2127 2649
2128 2649
2129 2650
2130 2651
2131 2652
2132 2653
2133 2654
2134 2656
2135 2656
2136 2658
2137 2658
2138 2660
2139 2661
2140 2662
2141 2662
2142 2663
2143 2664
2144 2666
2145 2667
2146 2668
2147 2669
2148 2669
2149 2671
2150 2672
2151 2673
2152 2674
2153 2675
2154 2676
2155 2677
2156 2679
2157 2679
2158 2680
2159 2681
2160 2682
2161 2684
2162 2685
2163 2685
2164 2686
2165 2687
2166 2688
2167 2689
2168 2691
2169 2691
2170 2692
2171 2694
2172 2695
2173 2696
2174 2697
2175 2698
2176 2698
2177 2700
2178 2701
2179 2702
2180 2703
2181 2704
2182 2705
2183 2707
2184 2707
2185 2708
2186 2708
2187 2710
2188 2711
2189 2713
2190 2714
2191 2714
2192 2715
2193 2716
2194 2718
2195 2718
2196 2720
2197 2720
2198 2722
2199 2723
2200 2724
2201 2725
2202 2726
2203 2726
2204 2727
2205 2729
2206 2730
2207 2731
2208 2732
2209 2733
2210 2734
2211 2735
2212 2736
2213 2737
2214 2738
2215 2740
2216 2740
2217 2742
2218 2742
2219 2743
2220 2744
2221 2745
2222 2747
2223 2748
2224 2749
2225 2750
2226 2750
2227 2752
2228 2753
2229 2753
2230 2754
2231 2755
2232 2757
2233 2758
2234 2759
2235 2760
2236 2761
2237 2762
2238 2762
2239 2764
2240 2765
2241 2766
2242 2767
2243 2769
2244 2769
2245 2770
2246 2771
2247 2772
2248 2773
2249 2775
2250 2776
2251 2777
2252 2778
2253 2778
2254 2779
2255 2781
2256 2782
2257 2782
2258 2784
2259 2785
2260 2786
2261 2787
2262 2788
2263 2789
2264 2789
2265 2790
2266 2792
2267 2793
2268 2794
2269 2795
2270 2796
2271 2797
2272 2798
2273 2799
2274 2800
2275 2801
2276 2802
2277 2804
2278 2804
2279 2805
2280 2806
2281 2807
2282 2808
2283 2809
2284 2811
2285 2811
2286 2813
2287 2813
2288 2815
2289 2816
2290 2816
2291 2817
2292 2818
2293 2820
2294 2821
2295 2822
2296 2823
2297 2824
2298 2824
2299 2826
2300 2827
2301 2828
2302 2829
2303 2830
2304 2831
2305 2832
2306 2833
2307 2834
2308 2835
2309 2836
2310 2837
2311 2839
2312 2839
2313 2840
2314 2841
2315 2842
2316 2843
2317 2844
2318 2845
2319 2846
2320 2848
2321 2849
2322 2850
2323 2850
2324 2852
2325 2852
2326 2853
2327 2855
2328 2856
2329 2857
2330 2858
2331 2859
2332 2860
2333 2861
2334 2862
2335 2863
2336 2863
2337 2865
2338 2866
2339 2867
2340 2868
2341 2869
2342 2870
2343 2871
2344 2872
2345 2873
2346 2875
2347 2875
2348 2876
2349 2878
2350 2879
2351 2879
2352 2880
2353 2881
2354 2882
2355 2884
2356 2884
2357 2886
2358 2886
2359 2887
2360 2888
2361 2889
2362 2891
2363 2891
2364 2892
2365 2894
2366 2895
2367 2896
2368 2897
2369 2897
2370 2899
2371 2899
2372 2901
2373 2902
2374 2903
2375 2904
2376 2905
2377 2906
2378 2907
2379 2908
2380 2909
2381 2910
2382 2911
2383 2912
2384 2914
2385 2914
2386 2915
2387 2916
2388 2917
2389 2918
2390 2919
2391 2921
2392 2921
2393 2922
2394 2923
2395 2924
2396 2925
2397 2926
2398 2927
2399 2929
2400 2930
2401 2931
2402 2931
2403 2933
2404 2933
2405 2934
2406 2936
2407 2937
2408 2938
2409 2939
2410 2940
2411 2941
2412 2941
2413 2943
2414 2943
2415 2944
2416 2946
2417 2947
2418 2948
2419 2949
2420 2950
2421 2951
2422 2952
2423 2953
2424 2954
2425 2955
2426 2956
2427 2957
2428 2958
2429 2959
2430 2960
2431 2961
2432 2962
2433 2963
2434 2965
2435 2965
2436 2966
2437 2967
2438 2968
2439 2969
2440 2970
2441 2971
2442 2972
2443 2973
2444 2975
2445 2976
2446 2977
2447 2978
2448 2978
2449 2979
2450 2980
2451 2981
2452 2983
2453 2984
2454 2985
2455 2986
2456 2987
2457 2988
2458 2989
2459 2989
2460 2990
2461 2992
2462 2993
2463 2994
2464 2995
2465 2996
2466 2997
2467 2998
2468 2999
2469 2999
2470 3001
2471 3002
2472 3003
2473 3004
2474 3005
2475 3006
2476 3007
2477 3007
2478 3009
2479 3011
2480 3011
2481 3012
2482 3013
2483 3014
2484 3015
2485 3016
2486 3017
2487 3018
2488 3019
2489 3020
2490 3021
2491 3022
2492 3023
2493 3024
2494 3025
2495 3027
2496 3027
2497 3028
2498 3029
2499 3031
2500 3031
2501 3033
2502 3033
2503 3034
2504 3035
2505 3036
2506 3038
2507 3039
2508 3040
2509 3041
2510 3041
2511 3043
2512 3044
2513 3044
2514 3046
2515 3046
2516 3048
2517 3049
2518 3050
2519 3051
2520 3051
2521 3052
2522 3053
2523 3055
2524 3056
2525 3057
2526 3058
2527 3059
2528 3059
2529 3061
2530 3062
2531 3063
2532 3063
2533 3065
2534 3066
2535 3067
2536 3068
2537 3069
2538 3070
2539 3071
2540 3072
2541 3073
2542 3075
2543 3075
2544 3076
2545 3077
2546 3078
2547 3079
2548 3080
2549 3081
2550 3082
2551 3083
2552 3085
2553 3085
2554 3086
2555 3087
2556 3088
2557 3089
2558 3090
2559 3091
2560 3093
2561 3093
2562 3095
2563 3095
2564 3097
2565 3097
2566 3098
2567 3099
2568 3101
2569 3102
2570 3102
2571 3104
2572 3104
2573 3105
2574 3106
2575 3107
2576 3108
2577 3110
2578 3111
2579 3112
2580 3113
2581 3114
2582 3114
2583 3115
2584 3117
2585 3117
2586 3119
2587 3120
2588 3121
2589 3121
2590 3123
2591 3124
2592 3125
2593 3125
2594 3126
2595 3128
2596 3129
2597 3130
2598 3131
2599 3132
2600 3133
2601 3133
2602 3135
2603 3136
2604 3137
2605 3138
2606 3139
2607 3140
2608 3141
2609 3142
2610 3143
2611 3144
2612 3144
2613 3146
2614 3147
2615 3148
2616 3149
2617 3150
2618 3151
2619 3152
2620 3153
2621 3154
2622 3155
2623 3156
2624 3157
2625 3159
2626 3159
2627 3160
2628 3161
2629 3161
2630 3163
2631 3164
2632 3166
2633 3166
2634 3167
2635 3168
2636 3169
2637 3170
2638 3171
2639 3172
2640 3173
2641 3175
2642 3176
2643 3176
2644 3177
2645 3178
2646 3179
2647 3180
2648 3181
2649 3183
2650 3183
2651 3184
2652 3185
2653 3187
2654 3188
2655 3188
2656 3189
2657 3190
2658 3192
2659 3193
2660 3194
2661 3195
2662 3195
2663 3196
2664 3198
2665 3198
2666 3199
2667 3201
2668 3201
2669 3203
2670 3204
2671 3205
2672 3205
2673 3206
2674 3207
2675 3208
2676 3210
2677 3211
2678 3212
2679 3212
2680 3214
2681 3215
2682 3215
2683 3216
2684 3217
2685 3219
2686 3220
2687 3221
2688 3222
2689 3223
2690 3223
2691 3224
2692 3225
2693 3227
2694 3228
2695 3229
2696 3230
2697 3230
2698 3232
2699 3233
2700 3234
2701 3234
2702 3235
2703 3237
2704 3238
2705 3239
2706 3240
2707 3241
2708 3242
2709 3243
2710 3244
2711 3245
2712 3246
2713 3247
2714 3248
2715 3249
2716 3250
2717 3251
2718 3252
2719 3253
2720 3253
2721 3255
2722 3256
2723 3257
2724 3258
2725 3259
2726 3260
2727 3261
2728 3262
2729 3263
2730 3264
2731 3265
2732 3266
2733 3267
2734 3268
2735 3269
2736 3270
2737 3270
2738 3272
2739 3273
2740 3274
2741 3275
2742 3276
2743 3277
2744 3278
2745 3279
2746 3279
2747 3281
2748 3282
2749 3283
2750 3284
2751 3285
2752 3286
2753 3287
2754 3288
2755 3289
2756 3290
2757 3291
2758 3292
2759 3293
2760 3294
2761 3295
2762 3296
2763 3297
2764 3298
2765 3298
2766 3300
2767 3301
2768 3302
2769 3303
2770 3304
2771 3305
2772 3305
2773 3307
2774 3308
2775 3309
2776 3310
2777 3311
2778 3312
2779 3313
2780 3314
2781 3315
2782 3316
2783 3317
2784 3318
2785 3319
2786 3320
2787 3321
2788 3322
2789 3323
2790 3324
2791 3325
2792 3326
2793 3327
2794 3328
2795 3329
2796 3330
2797 3331
2798 3332
2799 3333
2800 3334
2801 3335
2802 3337
2803 3337
2804 3338
2805 3339
2806 3340
2807 3341
2808 3342
2809 3343
2810 3344
2811 3345
2812 3347
2813 3347
2814 3348
2815 3349
2816 3350
2817 3351
2818 3352
2819 3353
2820 3354
2821 3355
2822 3356
2823 3357
2824 3358
2825 3359
2826 3360
2827 3361
2828 3362
2829 3363
2830 3364
2831 3366
2832 3366
2833 3367
2834 3368
2835 3369
2836 3370
2837 3371
2838 3372
2839 3373
2840 3374
2841 3375
2842 3376
2843 3377
2844 3378
2845 3379
2846 3379
2847 3382
2848 3382
2849 3383
2850 3384
2851 3385
2852 3386
2853 3387
2854 3388
2855 3389
2856 3390
2857 3391
2858 3392
2859 3394
2860 3394
2861 3395
2862 3396
2863 3397
2864 3398
2865 3399
2866 3400
2867 3401
2868 3402
2869 3403
2870 3404
2871 3405
2872 3406
2873 3407
2874 3408
2875 3410
2876 3410
2877 3411
2878 3412
2879 3413
2880 3414
2881 3415
2882 3416
2883 3417
2884 3418
2885 3419
2886 3421
2887 3421
2888 3422
2889 3423
2890 3424
2891 3425
2892 3426
2893 3427
2894 3428
2895 3429
2896 3430
2897 3431
2898 3432
2899 3433
2900 3434
2901 3434
2902 3436
2903 3437
2904 3438
2905 3439
2906 3440
2907 3441
2908 3441
2909 3443
2910 3444
2911 3445
2912 3446
2913 3447
2914 3448
2915 3449
2916 3450
2917 3451
2918 3452
2919 3453
2920 3454
2921 3455
2922 3456
2923 3457
2924 3458
2925 3459
2926 3460
2927 3460
2928 3462
2929 3463
2930 3464
2931 3465
2932 3466
2933 3467
2934 3468
2935 3469
2936 3470
2937 3470
2938 3472
2939 3473
2940 3474
2941 3475
2942 3476
2943 3477
2944 3478
2945 3479
2946 3479
2947 3481
2948 3482
2949 3483
2950 3484
2951 3485
2952 3486
2953 3487
2954 3488
2955 3488
2956 3490
2957 3492
2958 3492
2959 3492
2960 3494
2961 3495
2962 3496
2963 3496
2964 3497
2965 3499
2966 3500
2967 3501
2968 3502
2969 3503
2970 3504
2971 3505
2972 3505
2973 3507
2974 3508
2975 3509
2976 3510
2977 3511
2978 3512
2979 3512
2980 3514
2981 3514
2982 3515
2983 3516
2984 3518
2985 3519
2986 3520
2987 3520
2988 3521
2989 3522
2990 3524
2991 3524
2992 3525
2993 3527
2994 3528
2995 3528
2996 3530
2997 3531
2998 3531
2999 3532
3000 3533
3001 3534
3002 3536
3003 3537
3004 3538
3005 3539
3006 3539
3007 3540
3008 3541
3009 3542
3010 3543
3011 3544
3012 3546
3013 3547
3014 3547
3015 3548
3016 3549
3017 3550
3018 3551
3019 3552
3020 3554
3021 3554
3022 3556
3023 3556
3024 3557
3025 3558
3026 3559
3027 3560
3028 3561
3029 3562
3030 3563
3031 3565
3032 3565
3033 3566
3034 3567
3035 3568
3036 3569
3037 3570
3038 3571
3039 3573
3040 3573
3041 3574
3042 3575
3043 3576
3044 3577
3045 3578
3046 3578
3047 3580
3048 3582
3049 3582
3050 3583
3051 3584
3052 3585
3053 3586
3054 3587
3055 3588
3056 3589
3057 3590
3058 3591
3059 3592
3060 3593
3061 3594
3062 3594
3063 3596
3064 3596
3065 3598
3066 3599
3067 3600
3068 3601
3069 3602
3070 3602
3071 3604
3072 3605
3073 3605
3074 3606
3075 3608
3076 3609
3077 3610
3078 3611
3079 3612
3080 3612
3081 3614
3082 3614
3083 3616
3084 3617
3085 3618
3086 3618
3087 3620
3088 3621
3089 3622
3090 3622
3091 3624
3092 3624
3093 3625
3094 3627
3095 3628
3096 3629
3097 3629
3098 3630
3099 3631
3100 3632
3101 3633
3102 3634
3103 3636
3104 3636
3105 3638
3106 3639
3107 3640
3108 3640
3109 3641
3110 3642
3111 3643
3112 3644
3113 3646
3114 3646
3115 3647
3116 3648
3117 3649
3118 3650
3119 3651
3120 3652
3121 3653
3122 3654
3123 3656
3124 3656
3125 3657
3126 3658
3127 3659
3128 3660
3129 3661
3130 3662
3131 3663
3132 3664
3133 3665
3134 3666
3135 3667
3136 3668
3137 3669
3138 3669
3139 3671
3140 3672
3141 3673
3142 3674
3143 3675
3144 3676
3145 3676
3146 3678
3147 3679
3148 3680
3149 3681
3150 3682
3151 3683
3152 3684
3153 3685
3154 3686
3155 3686
3156 3688
3157 3688
3158 3690
3159 3691
3160 3692
3161 3693
3162 3693
3163 3695
3164 3696
3165 3696
3166 3698
3167 3699
3168 3699
3169 3701
3170 3702
3171 3702
3172 3703
3173 3704
3174 3705
3175 3706
3176 3708
3177 3709
3178 3710
3179 3710
3180 3711
3181 3712
3182 3714
3183 3714
3184 3715
3185 3716
3186 3718
3187 3718
3188 3719
3189 3720
3190 3721
3191 3722
3192 3723
3193 3724
3194 3725
3195 3727
3196 3727
3197 3728
3198 3729
3199 3730
3200 3731
3201 3732
3202 3733
3203 3734
3204 3735
3205 3736
3206 3737
3207 3738
3208 3739
3209 3740
3210 3741
3211 3742
3212 3742
3213 3744
3214 3745
3215 3746
3216 3747
3217 3748
3218 3749
3219 3750
3220 3750
3221 3751
3222 3753
3223 3754
3224 3755
3225 3756
3226 3757
3227 3757
3228 3759
3229 3759
3230 3761
3231 3761
3232 3762
3233 3764
3234 3765
3235 3766
3236 3766
3237 3767
3238 3768
3239 3769
3240 3770
3241 3772
3242 3773
3243 3773
3244 3774
3245 3776
3246 3776
3247 3777
3248 3778
3249 3779
3250 3780
3251 3782
3252 3782
3253 3783
3254 3784
3255 3785
3256 3786
3257 3787
3258 3788
3259 3789
3260 3790
3261 3791
3262 3793
3263 3793
3264 3794
3265 3795
3266 3796
3267 3796
3268 3798
3269 3799
3270 3800
3271 3801
3272 3802
3273 3803
3274 3804
3275 3805
3276 3805
3277 3806
3278 3808
3279 3808
3280 3810
3281 3811
3282 3811
3283 3813
3284 3813
3285 3814
3286 3816
3287 3817
3288 3818
3289 3819
3290 3819
3291 3820
3292 3821
3293 3822
3294 3823
3295 3824
3296 3825
3297 3827
3298 3828
3299 3828
3300 3829
3301 3830
3302 3831
3303 3832
3304 3833
3305 3834
3306 3835
3307 3836
3308 3837
3309 3838
3310 3839
3311 3840
3312 3841
3313 3842
3314 3843
3315 3844
3316 3845
3317 3846
3318 3847
3319 3848
3320 3848
3321 3850
3322 3851
3323 3851
3324 3853
3325 3854
3326 3855
3327 3856
3328 3857
3329 3858
3330 3858
3331 3859
3332 3860
3333 3862
3334 3863
3335 3864
3336 3864
3337 3866
3338 3867
3339 3867
3340 3868
3341 3869
3342 3870
3343 3871
3344 3873
3345 3874
3346 3874
3347 3875
3348 3876
3349 3877
3350 3878
3351 3879
3352 3880
3353 3882
3354 3882
3355 3883
3356 3884
3357 3885
3358 3886
3359 3886
3360 3887
3361 3889
3362 3890
3363 3891
3364 3892
3365 3893
3366 3893
3367 3895
3368 3896
3369 3897
3370 3898
3371 3899
3372 3900
3373 3901
3374 3902
3375 3902
3376 3903
3377 3904
3378 3905
3379 3906
3380 3908
3381 3909
3382 3909
3383 3911
3384 3911
3385 3913
3386 3913
3387 3914
3388 3915
3389 3916
3390 3918
3391 3918
3392 3919
3393 3921
3394 3921
3395 3922
3396 3923
3397 3924
3398 3925
3399 3926
3400 3927
3401 3928
3402 3929
3403 3930
3404 3931
3405 3932
3406 3933
3407 3934
3408 3935
3409 3936
3410 3937
3411 3938
3412 3938
3413 3940
3414 3940
3415 3942
3416 3942
3417 3944
3418 3945
3419 3945
3420 3947
3421 3948
3422 3948
3423 3949
3424 3950
3425 3951
3426 3953
3427 3953
3428 3955
3429 3955
3430 3956
3431 3957
3432 3958
3433 3959
3434 3960
3435 3961
3436 3962
3437 3963
3438 3964
3439 3965
3440 3966
3441 3967
3442 3968
3443 3968
3444 3970
3445 3971
3446 3972
3447 3973
3448 3973
3449 3975
3450 3976
3451 3977
3452 3977
3453 3979
3454 3979
3455 3981
3456 3982
3457 3983
3458 3984
3459 3984
3460 3985
3461 3987
3462 3987
3463 3989
3464 3989
3465 3990
3466 3992
3467 3992
3468 3993
3469 3994
3470 3995
3471 3996
3472 3997
3473 3999
3474 4000
3475 4000
3476 4001
3477 4002
3478 4003
3479 4004
3480 4005
3481 4006
3482 4007
3483 4008
3484 4009
3485 4010
3486 4011
3487 4012
3488 4013
3489 4013
3490 4015
3491 4016
3492 4017
3493 4018
3494 4019
3495 4019
3496 4021
3497 4022
3498 4022
3499 4023
3500 4024
3501 4026
3502 4027
3503 4028
3504 4028
3505 4029
3506 4030
3507 4031
3508 4032
3509 4033
3510 4035
3511 4035
3512 4036
3513 4037
3514 4038
3515 4039
3516 4040
3517 4041
3518 4041
3519 4043
3520 4044
3521 4045
3522 4046
3523 4047
3524 4047
3525 4048
3526 4050
3527 4050
3528 4051
3529 4053
3530 4054
3531 4055
3532 4055
3533 4057
3534 4057
3535 4058
3536 4059
3537 4060
3538 4062
3539 4063
3540 4063
3541 4064
3542 4065
3543 4066
3544 4067
3545 4068
3546 4069
3547 4070
3548 4071
3549 4073
3550 4073
3551 4074
3552 4075
3553 4076
3554 4077
3555 4077
3556 4079
3557 4080
3558 4081
3559 4082
3560 4083
3561 4084
3562 4085
3563 4086
3564 4086
3565 4087
3566 4089
3567 4090
3568 4091
3569 4092
3570 4092
3571 4093
3572 4094
3573 4095
3574 4097
3575 4097
3576 4098
3577 4099
3578 4100
3579 4102
3580 4102
3581 4103
3582 4104
3583 4105
3584 4106
3585 4107
3586 4109
3587 4109
3588 4110
3589 4111
3590 4112
3591 4113
3592 4113
3593 4115
3594 4116
3595 4117
3596 4118
3597 4119
3598 4120
3599 4121
3600 4121
3601 4122
3602 4123
3603 4125
3604 4126
3605 4126
3606 4128
3607 4128
3608 4129
3609 4130
3610 4131
3611 4132
3612 4133
3613 4134
3614 4135
3615 4136
3616 4137
3617 4138
3618 4139
3619 4139
3620 4141
3621 4141
3622 4143
3623 4144
3624 4145
3625 4146
3626 4147
3627 4148
3628 4149
3629 4149
3630 4150
3631 4151
3632 4153
3633 4154
3634 4155
3635 4155
3636 4156
3637 4157
3638 4158
3639 4159
3640 4160
3641 4161
3642 4162
3643 4163
3644 4164
3645 4165
3646 4166
3647 4167
3648 4168
3649 4168
3650 4170
3651 4171
3652 4172
3653 4173
3654 4173
3655 4175
3656 4176
3657 4177
3658 4177
3659 4179
3660 4180
3661 4181
3662 4182
3663 4183
3664 4183
3665 4184
3666 4185
3667 4186
3668 4187
3669 4188
3670 4190
3671 4190
3672 4191
3673 4192
3674 4193
3675 4194
3676 4195
3677 4196
3678 4197
3679 4198
3680 4199
3681 4200
3682 4201
3683 4202
3684 4202
3685 4203
3686 4205
3687 4206
3688 4207
3689 4207
3690 4209
3691 4210
3692 4211
3693 4212
3694 4212
3695 4213
3696 4214
3697 4215
3698 4217
3699 4217
3700 4218
3701 4219
3702 4220
3703 4221
3704 4222
3705 4223
3706 4224
3707 4225
3708 4226
3709 4227
3710 4228
3711 4229
3712 4230
3713 4231
3714 4231
3715 4233
3716 4234
3717 4235
3718 4236
3719 4237
3720 4237
3721 4239
3722 4239
3723 4241
3724 4241
3725 4242
3726 4244
3727 4245
3728 4246
3729 4246
3730 4247
3731 4248
3732 4249
3733 4250
3734 4251
3735 4252
3736 4253
3737 4254
3738 4255
3739 4256
3740 4257
3741 4257
3742 4258
3743 4259
3744 4261
3745 4262
3746 4263
3747 4264
3748 4264
3749 4265
3750 4266
3751 4267
3752 4268
3753 4269
3754 4270
3755 4271
3756 4273
3757 4273
3758 4274
3759 4275
3760 4276
3761 4277
3762 4277
3763 4280
3764 4280
3765 4281
3766 4282
3767 4283
3768 4283
3769 4285
3770 4286
3771 4286
3772 4288
3773 4289
3774 4290
3775 4291
3776 4292
3777 4293
3778 4293
3779 4294
3780 4295
3781 4296
3782 4297
3783 4299
3784 4299
3785 4300
3786 4301
3787 4302
3788 4303
3789 4304
3790 4305
3791 4306
3792 4307
3793 4308
3794 4309
3795 4309
3796 4311
3797 4312
3798 4312
3799 4313
3800 4315
3801 4316
3802 4316
3803 4317
3804 4319
3805 4319
3806 4320
3807 4321
3808 4322
3809 4323
3810 4325
3811 4325
3812 4326
3813 4327
3814 4328
3815 4329
3816 4330
3817 4331
3818 4332
3819 4332
3820 4334
3821 4335
3822 4336
3823 4337
3824 4337
3825 4339
3826 4339
3827 4340
3828 4341
3829 4343
3830 4344
3831 4344
3832 4345
3833 4346
3834 4348
3835 4348
3836 4349
3837 4350
3838 4351
3839 4352
3840 4354
3841 4354
3842 4355
3843 4356
3844 4356
3845 4358
3846 4359
3847 4360
3848 4361
3849 4361
3850 4363
3851 4364
3852 4365
3853 4366
3854 4367
3855 4367
3856 4368
3857 4370
3858 4371
3859 4371
3860 4372
3861 4373
3862 4374
3863 4375
3864 4376
3865 4377
3866 4378
3867 4379
3868 4380
3869 4381
3870 4382
3871 4383
3872 4383
3873 4384
3874 4386
3875 4386
3876 4388
3877 4389
3878 4390
3879 4390
3880 4391
3881 4393
3882 4393
3883 4394
3884 4395
3885 4396
3886 4397
3887 4398
3888 4399
3889 4400
3890 4401
3891 4402
3892 4403
3893 4403
3894 4405
3895 4406
3896 4407
3897 4408
3898 4409
3899 4410
3900 4410
3901 4412
3902 4412
3903 4413
3904 4414
3905 4416
3906 4417
3907 4418
3908 4418
3909 4419
3910 4420
3911 4421
3912 4422
3913 4423
3914 4424
3915 4425
3916 4425
3917 4427
3918 4428
3919 4429
3920 4429
3921 4430
3922 4431
3923 4433
3924 4434
3925 4435
3926 4436
3927 4436
3928 4437
3929 4438
3930 4440
3931 4440
3932 4441
3933 4442
3934 4443
3935 4445
3936 4445
3937 4446
3938 4447
3939 4448
3940 4448
3941 4450
3942 4451
3943 4452
3944 4453
3945 4454
3946 4454
3947 4456
3948 4457
3949 4457
3950 4458
3951 4459
3952 4461
3953 4461
3954 4463
3955 4464
3956 4464
3957 4465
3958 4466
3959 4467
3960 4468
3961 4469
3962 4470
3963 4471
3964 4472
3965 4473
3966 4474
3967 4474
3968 4476
3969 4476
3970 4477
3971 4479
3972 4480
3973 4481
3974 4481
3975 4482
3976 4483
3977 4484
3978 4485
3979 4486
3980 4487
3981 4488
3982 4489
3983 4490
3984 4491
3985 4492
3986 4493
3987 4494
3988 4494
3989 4496
3990 4497
3991 4498
3992 4499
3993 4500
3994 4500
3995 4502
3996 4503
3997 4503
3998 4504
3999 4505
4000 4506
4001 4508
4002 4508
4003 4509
4004 4510
4005 4511
4006 4511
4007 4513
4008 4514
4009 4515
4010 4516
4011 4516
4012 4518
4013 4519
4014 4520
4015 4521
4016 4521
4017 4522
4018 4523
4019 4525
4020 4526
4021 4526
4022 4527
4023 4528
4024 4529
4025 4530
4026 4531
4027 4532
4028 4533
4029 4534
4030 4535
4031 4536
4032 4537
4033 4538
4034 4539
4035 4539
4036 4540
4037 4542
4038 4543
4039 4544
4040 4545
4041 4545
4042 4546
4043 4548
4044 4548
4045 4549
4046 4550
4047 4551
4048 4552
4049 4554
4050 4554
4051 4555
4052 4556
4053 4557
4054 4558
4055 4558
4056 4560
4057 4561
4058 4562
4059 4563
4060 4563
4061 4565
4062 4565
4063 4566
4064 4567
4065 4568
4066 4570
4067 4570
4068 4571
4069 4572
4070 4573
4071 4574
4072 4574
4073 4576
4074 4577
4075 4578
4076 4579
4077 4580
4078 4581
4079 4582
4080 4583
4081 4584
4082 4584
4083 4585
4084 4586
4085 4588
4086 4589
4087 4590
4088 4590
4089 4591
4090 4592
4091 4593
4092 4594
4093 4595
4094 4596
4095 4597
4096 4598
4097 4599
4098 4600
4099 4601
4100 4602
4101 4602
4102 4603
4103 4605
4104 4606
4105 4606
4106 4608
4107 4608
4108 4609
4109 4610
4110 4611
4111 4612
4112 4613
4113 4614
4114 4616
4115 4616
4116 4617
4117 4618
4118 4619
4119 4619
4120 4621
4121 4621
4122 4623
4123 4624
4124 4625
4125 4625
4126 4626
4127 4628
4128 4628
4129 4629
4130 4630
4131 4631
4132 4632
4133 4634
4134 4634
4135 4635
4136 4636
4137 4636
4138 4638
4139 4639
4140 4640
4141 4641
4142 4642
4143 4643
4144 4644
4145 4645
4146 4645
4147 4647
4148 4647
4149 4648
4150 4649
4151 4651
4152 4652
4153 4652
4154 4653
4155 4654
4156 4655
4157 4656
4158 4657
4159 4658
4160 4658
4161 4660
4162 4661
4163 4662
4164 4663
4165 4664
4166 4664
4167 4665
4168 4666
4169 4667
4170 4668
4171 4670
4172 4670
4173 4671
4174 4672
4175 4673
4176 4674
4177 4675
4178 4676
4179 4676
4180 4678
4181 4679
4182 4680
4183 4681
4184 4682
4185 4683
4186 4683
4187 4684
4188 4685
4189 4687
4190 4687
4191 4688
4192 4690
4193 4690
4194 4691
4195 4692
4196 4693
4197 4694
4198 4694
4199 4696
4200 4697
4201 4698
4202 4699
4203 4699
4204 4700
4205 4702
4206 4702
4207 4703
4208 4704
4209 4705
4210 4706
4211 4707
4212 4709
4213 4709
4214 4710
4215 4711
4216 4712
4217 4713
4218 4714
4219 4715
4220 4716
4221 4717
4222 4718
4223 4719
4224 4720
4225 4720
4226 4722
4227 4722
4228 4723
4229 4725
4230 4725
4231 4726
4232 4727
4233 4728
4234 4729
4235 4730
4236 4731
4237 4732
4238 4733
4239 4734
4240 4735
4241 4736
4242 4737
4243 4738
4244 4738
4245 4739
4246 4740
4247 4742
4248 4742
4249 4744
4250 4744
4251 4745
4252 4746
4253 4747
4254 4748
4255 4749
4256 4750
4257 4751
4258 4752
4259 4753
4260 4754
4261 4755
4262 4756
4263 4756
4264 4757
4265 4758
4266 4760
4267 4760
4268 4762
4269 4762
4270 4763
4271 4764
4272 4765
4273 4766
4274 4767
4275 4768
4276 4769
4277 4770
4278 4771
4279 4772
4280 4773
4281 4773
4282 4774
4283 4775
4284 4776
4285 4778
4286 4778
4287 4780
4288 4780
4289 4781
4290 4782
4291 4783
4292 4784
4293 4785
4294 4786
4295 4787
4296 4788
4297 4789
4298 4790
4299 4791
4300 4791
4301 4792
4302 4793
4303 4794
4304 4796
4305 4796
4306 4797
4307 4798
4308 4800
4309 4800
4310 4801
4311 4802
4312 4802
4313 4804
4314 4805
4315 4806
4316 4807
4317 4808
4318 4809
4319 4809
4320 4811
4321 4812
4322 4812
4323 4813
4324 4815
4325 4815
4326 4816
4327 4817
4328 4818
4329 4819
4330 4820
4331 4820
4332 4822
4333 4823
4334 4824
4335 4825
4336 4826
4337 4826
4338 4828
4339 4828
4340 4829
4341 4830
4342 4831
4343 4832
4344 4834
4345 4835
4346 4835
4347 4836
4348 4837
4349 4838
4350 4839
4351 4840
4352 4841
4353 4842
4354 4843
4355 4844
4356 4845
4357 4846
4358 4847
4359 4847
4360 4848
4361 4849
4362 4851
4363 4851
4364 4852
4365 4853
4366 4854
4367 4855
4368 4856
4369 4857
4370 4858
4371 4859
4372 4860
4373 4861
4374 4862
4375 4862
4376 4864
4377 4864
4378 4865
4379 4866
4380 4867
4381 4869
4382 4869
4383 4871
4384 4871
4385 4872
4386 4873
4387 4874
4388 4875
4389 4875
4390 4877
4391 4878
4392 4879
4393 4880
4394 4881
4395 4881
4396 4882
4397 4883
4398 4884
4399 4885
4400 4886
4401 4887
4402 4888
4403 4889
4404 4890
4405 4891
4406 4892
4407 4893
4408 4893
4409 4894
4410 4896
4411 4897
4412 4898
4413 4898
4414 4899
4415 4900
4416 4901
4417 4902
4418 4903
4419 4904
4420 4905
4421 4906
4422 4907
4423 4908
4424 4909
4425 4910
4426 4910
4427 4911
4428 4912
4429 4914
4430 4915
4431 4916
4432 4916
4433 4917
4434 4918
4435 4919
4436 4920
4437 4921
4438 4922
4439 4923
4440 4924
4441 4925
4442 4926
4443 4927
4444 4928
4445 4929
4446 4929
4447 4930
4448 4932
4449 4933
4450 4933
4451 4934
4452 4935
4453 4936
4454 4937
4455 4938
4456 4939
4457 4940
4458 4941
4459 4942
4460 4943
4461 4944
4462 4945
4463 4945
4464 4946
4465 4948
4466 4948
4467 4949
4468 4951
4469 4952
4470 4952
4471 4953
4472 4954
4473 4955
4474 4956
4475 4956
4476 4957
4477 4959
4478 4960
4479 4961
4480 4962
4481 4962
4482 4964
4483 4964
4484 4965
4485 4967
4486 4967
4487 4968
4488 4969
4489 4970
4490 4971
4491 4972
4492 4973
4493 4974
4494 4974
4495 4975
4496 4977
4497 4978
4498 4979
4499 4980
4500 4980
4501 4981
4502 4983
4503 4983
4504 4984
4505 4985
4506 4986
4507 4987
4508 4988
4509 4989
4510 4990
4511 4990
4512 4991
4513 4992
4514 4993
4515 4995
4516 4996
4517 4996
4518 4997
4519 4998
4520 4999
4521 5000
4522 5001
4523 5002
4524 5003
4525 5003
4526 5005
4527 5006
4528 5007
4529 5007
4530 5009
4531 5009
4532 5011
4533 5011
4534 5012
4535 5014
4536 5014
4537 5015
4538 5016
4539 5017
4540 5018
4541 5019
4542 5019
4543 5020
4544 5022
4545 5023
4546 5024
4547 5025
4548 5026
4549 5026
4550 5027
4551 5029
4552 5029
4553 5030
4554 5031
4555 5032
4556 5033
4557 5035
4558 5035
4559 5036
4560 5037
4561 5038
4562 5038
4563 5040
4564 5041
4565 5042
4566 5042
4567 5043
4568 5045
4569 5045
4570 5046
4571 5047
4572 5048
4573 5049
4574 5050
4575 5051
4576 5052
4577 5053
4578 5054
4579 5054
4580 5055
4581 5057
4582 5058
4583 5058
4584 5059
4585 5061
4586 5061
4587 5062
4588 5063
4589 5064
4590 5065
4591 5065
4592 5067
4593 5068
4594 5069
4595 5070
4596 5071
4597 5071
4598 5072
4599 5073
4600 5074
4601 5075
4602 5077
4603 5077
4604 5078
4605 5080
4606 5080
4607 5081
4608 5082
4609 5082
4610 5084
4611 5084
4612 5086
4613 5087
4614 5088
4615 5089
4616 5089
4617 5090
4618 5091
4619 5092
4620 5093
4621 5094
4622 5095
4623 5097
4624 5097
4625 5098
4626 5099
4627 5100
4628 5100
4629 5101
4630 5103
4631 5104
4632 5104
4633 5106
4634 5106
4635 5107
4636 5108
4637 5109
4638 5110
4639 5111
4640 5112
4641 5113
4642 5114
4643 5115
4644 5116
4645 5117
4646 5117
4647 5119
4648 5119
4649 5120
4650 5121
4651 5122
4652 5123
4653 5124
4654 5125
4655 5126
4656 5127
4657 5128
4658 5129
4659 5129
4660 5131
4661 5132
4662 5133
4663 5133
4664 5135
4665 5135
4666 5136
4667 5137
4668 5138
4669 5139
4670 5140
4671 5141
4672 5142
4673 5143
4674 5144
4675 5145
4676 5145
4677 5146
4678 5148
4679 5148
4680 5150
4681 5151
4682 5151
4683 5152
4684 5153
4685 5155
4686 5155
4687 5155
4688 5157
4689 5158
4690 5159
4691 5160
4692 5161
4693 5162
4694 5163
4695 5163
4696 5164
4697 5165
4698 5166
4699 5167
4700 5168
4701 5169
4702 5170
4703 5171
4704 5172
4705 5173
4706 5174
4707 5174
4708 5175
4709 5177
4710 5178
4711 5179
4712 5179
4713 5180
4714 5181
4715 5182
4716 5183
4717 5184
4718 5185
4719 5186
4720 5187
4721 5188
4722 5189
4723 5190
4724 5190
4725 5191
4726 5192
4727 5193
4728 5195
4729 5195
4730 5197
4731 5197
4732 5198
4733 5199
4734 5200
4735 5201
4736 5202
4737 5202
4738 5204
4739 5205
4740 5206
4741 5207
4742 5207
4743 5208
4744 5209
4745 5210
4746 5211
4747 5212
4748 5213
4749 5214
4750 5215
4751 5216
4752 5217
4753 5218
4754 5219
4755 5219
4756 5220
4757 5221
4758 5223
4759 5223
4760 5224
4761 5225
4762 5226
4763 5226
4764 5228
4765 5229
4766 5229
4767 5231
4768 5232
4769 5233
4770 5234
4771 5235
4772 5236
4773 5236
4774 5237
4775 5238
4776 5239
4777 5241
4778 5242
4779 5242
4780 5243
4781 5244
4782 5245
4783 5246
4784 5246
4785 5248
4786 5248
4787 5249
4788 5251
4789 5252
4790 5253
4791 5253
4792 5254
4793 5255
4794 5256
4795 5257
4796 5258
4797 5259
4798 5260
4799 5261
4800 5261
4801 5263
4802 5263
4803 5264
4804 5265
4805 5266
4806 5268
4807 5268
4808 5269
4809 5270
4810 5271
4811 5272
4812 5273
4813 5274
4814 5275
4815 5276
4816 5277
4817 5277
4818 5278
4819 5280
4820 5280
4821 5281
4822 5282
4823 5283
4824 5283
4825 5285
4826 5286
4827 5287
4828 5288
4829 5289
4830 5289
4831 5291
4832 5291
4833 5292
4834 5293
4835 5294
4836 5295
4837 5297
4838 5297
4839 5298
4840 5299
4841 5300
4842 5300
4843 5301
4844 5303
4845 5304
4846 5305
4847 5306
4848 5306
4849 5307
4850 5308
4851 5309
4852 5310
4853 5311
4854 5312
4855 5313
4856 5314
4857 5315
4858 5316
4859 5317
4860 5317
4861 5318
4862 5319
4863 5320
4864 5322
4865 5323
4866 5323
4867 5324
4868 5325
4869 5326
4870 5327
4871 5327
4872 5328
4873 5329
4874 5331
4875 5332
4876 5333
4877 5334
4878 5334
4879 5335
4880 5336
4881 5337
4882 5338
4883 5339
4884 5340
4885 5341
4886 5342
4887 5343
4888 5344
4889 5345
4890 5346
4891 5346
4892 5347
4893 5349
4894 5349
4895 5350
4896 5351
4897 5352
4898 5353
4899 5354
4900 5355
4901 5355
4902 5357
4903 5358
4904 5359
4905 5360
4906 5361
4907 5362
4908 5362
4909 5363
4910 5364
4911 5365
4912 5366
4913 5367
4914 5368
4915 5369
4916 5370
4917 5371
4918 5372
4919 5373
4920 5373
4921 5374
4922 5375
4923 5377
4924 5378
4925 5378
4926 5379
4927 5380
4928 5381
4929 5381
4930 5383
4931 5384
4932 5385
4933 5386
4934 5386
4935 5388
4936 5388
4937 5390
4938 5390
4939 5391
4940 5392
4941 5393
4942 5394
4943 5395
4944 5396
4945 5397
4946 5397
4947 5398
4948 5400
4949 5400
4950 5401
4951 5402
4952 5403
4953 5404
4954 5405
4955 5406
4956 5407
4957 5408
4958 5409
4959 5410
4960 5410
4961 5412
4962 5413
4963 5413
4964 5414
4965 5415
4966 5417
4967 5417
4968 5418
4969 5419
4970 5420
4971 5421
4972 5422
4973 5423
4974 5424
4975 5425
4976 5425
4977 5426
4978 5427
4979 5428
4980 5429
4981 5430
4982 5432
4983 5432
4984 5433
4985 5434
4986 5435
4987 5436
4988 5437
4989 5437
4990 5438
4991 5440
4992 5441
4993 5442
4994 5442
4995 5443
4996 5444
4997 5445
4998 5446
4999 5447
5000 5448
5001 5449
5002 5449
5003 5451
5004 5452
5005 5452
5006 5453
5007 5454
5008 5455
5009 5456
5010 5457
5011 5459
5012 5459
5013 5460
5014 5461
5015 5462
5016 5463
5017 5464
5018 5464
5019 5465
5020 5466
5021 5468
5022 5468
5023 5469
5024 5470
5025 5471
5026 5472
5027 5472
5028 5474
5029 5475
5030 5476
5031 5477
5032 5478
5033 5478
5034 5479
5035 5481
5036 5481
5037 5482
5038 5483
5039 5483
5040 5485
5041 5486
5042 5487
5043 5488
5044 5488
5045 5490
5046 5491
5047 5491
5048 5492
5049 5494
5050 5494
5051 5495
5052 5496
5053 5497
5054 5498
5055 5499
5056 5500
5057 5500
5058 5501
5059 5503
5060 5504
5061 5505
5062 5506
5063 5506
5064 5507
5065 5508
5066 5509
5067 5510
5068 5511
5069 5512
5070 5513
5071 5514
5072 5515
5073 5516
5074 5517
5075 5517
5076 5518
5077 5519
5078 5520
5079 5522
5080 5522
5081 5523
5082 5524
5083 5525
5084 5526
5085 5527
5086 5527
5087 5528
5088 5530
5089 5530
5090 5532
5091 5532
5092 5533
5093 5534
5094 5535
5095 5536
5096 5537
5097 5538
5098 5539
5099 5540
5100 5541
5101 5542
5102 5543
5103 5543
5104 5545
5105 5545
5106 5546
5107 5547
5108 5549
5109 5549
5110 5550
5111 5551
5112 5552
5113 5552
5114 5554
5115 5554
5116 5555
5117 5556
5118 5557
5119 5558
5120 5559
5121 5560
5122 5561
5123 5562
5124 5562
5125 5564
5126 5564
5127 5566
5128 5567
5129 5568
5130 5569
5131 5569
5132 5570
5133 5571
5134 5572
5135 5573
5136 5574
5137 5574
5138 5576
5139 5577
5140 5578
5141 5579
5142 5579
5143 5580
5144 5581
5145 5582
5146 5583
5147 5584
5148 5585
5149 5586
5150 5587
5151 5588
5152 5589
5153 5590
5154 5590
5155 5591
5156 5592
5157 5594
5158 5595
5159 5596
5160 5596
5161 5597
5162 5598
5163 5599
5164 5600
5165 5601
5166 5601
5167 5603
5168 5604
5169 5604
5170 5606
5171 5607
5172 5607
5173 5608
5174 5609
5175 5610
5176 5611
5177 5612
5178 5613
5179 5614
5180 5614
5181 5616
5182 5616
5183 5617
5184 5618
5185 5619
5186 5620
5187 5621
5188 5622
5189 5623
5190 5624
5191 5625
5192 5626
5193 5627
5194 5627
5195 5628
5196 5630
5197 5630
5198 5632
5199 5632
5200 5633
5201 5634
5202 5635
5203 5636
5204 5636
5205 5637
5206 5639
5207 5640
5208 5640
5209 5642
5210 5642
5211 5643
5212 5644
5213 5645
5214 5646
5215 5647
5216 5648
5217 5649
5218 5650
5219 5651
5220 5652
5221 5652
5222 5653
5223 5654
5224 5655
5225 5656
5226 5658
5227 5658
5228 5659
5229 5660
5230 5661
5231 5662
5232 5662
5233 5664
5234 5664
5235 5665
5236 5666
5237 5667
5238 5669
5239 5669
5240 5670
5241 5671
5242 5671
5243 5672
5244 5674
5245 5675
5246 5676
5247 5677
5248 5677
5249 5678
5250 5679
5251 5680
5252 5681
5253 5682
5254 5682
5255 5684
5256 5685
5257 5686
5258 5687
5259 5687
5260 5688
5261 5690
5262 5690
5263 5691
5264 5692
5265 5694
5266 5694
5267 5695
5268 5696
5269 5697
5270 5698
5271 5698
5272 5699
5273 5700
5274 5701
5275 5703
5276 5704
5277 5705
5278 5705
5279 5706
5280 5707
5281 5708
5282 5709
5283 5710
5284 5711
5285 5712
5286 5713
5287 5714
5288 5714
5289 5716
5290 5716
5291 5717
5292 5718
5293 5718
5294 5720
5295 5721
5296 5722
5297 5723
5298 5724
5299 5724
5300 5726
5301 5726
5302 5727
5303 5728
5304 5729
5305 5730
5306 5731
5307 5732
5308 5733
5309 5734
5310 5734
5311 5735
5312 5736
5313 5737
5314 5739
5315 5740
5316 5740
5317 5741
5318 5742
5319 5743
5320 5744
5321 5745
5322 5745
5323 5746
5324 5748
5325 5749
5326 5750
5327 5750
5328 5752
5329 5752
5330 5753
5331 5754
5332 5755
5333 5756
5334 5757
5335 5758
5336 5758
5337 5760
5338 5761
5339 5761
5340 5762
5341 5763
5342 5764
5343 5765
5344 5766
5345 5767
5346 5768
5347 5769
5348 5769
5349 5771
5350 5772
5351 5772
5352 5773
5353 5774
5354 5775
5355 5776
5356 5777
5357 5778
5358 5779
5359 5780
5360 5780
5361 5781
5362 5782
5363 5784
5364 5784
5365 5785
5366 5786
5367 5787
5368 5788
5369 5789
5370 5790
5371 5791
5372 5792
5373 5792
5374 5794
5375 5795
5376 5796
5377 5796
5378 5797
5379 5798
5380 5799
5381 5800
5382 5801
5383 5802
5384 5803
5385 5804
5386 5804
5387 5806
5388 5807
5389 5807
5390 5808
5391 5809
5392 5810
5393 5811
5394 5812
5395 5813
5396 5814
5397 5814
5398 5816
5399 5816
5400 5818
5401 5818
5402 5819
5403 5820
5404 5821
5405 5823
5406 5823
5407 5824
5408 5825
5409 5826
5410 5826
5411 5827
5412 5829
5413 5830
5414 5831
5415 5831
5416 5832
5417 5833
5418 5834
5419 5835
5420 5836
5421 5836
5422 5838
5423 5839
5424 5840
5425 5841
5426 5842
5427 5842
5428 5843
5429 5844
5430 5845
5431 5846
5432 5847
5433 5848
5434 5849
5435 5850
5436 5850
5437 5852
5438 5853
5439 5853
5440 5854
5441 5855
5442 5856
5443 5858
5444 5858
5445 5859
5446 5860
5447 5861
5448 5861
5449 5863
5450 5863
5451 5865
5452 5866
5453 5866
5454 5867
5455 5869
5456 5869
5457 5870
5458 5871
5459 5871
5460 5872
5461 5873
5462 5875
5463 5876
5464 5876
5465 5878
5466 5878
5467 5879
5468 5880
5469 5881
5470 5882
5471 5882
5472 5884
5473 5885
5474 5886
5475 5887
5476 5887
5477 5888
5478 5889
5479 5890
5480 5891
5481 5892
5482 5893
5483 5894
5484 5895
5485 5896
5486 5897
5487 5898
5488 5898
5489 5899
5490 5900
5491 5901
5492 5902
5493 5903
5494 5904
5495 5905
5496 5905
5497 5907
5498 5907
5499 5908
5500 5909
5501 5910
5502 5911
5503 5912
5504 5913
5505 5914
5506 5915
5507 5916
5508 5916
5509 5917
5510 5918
5511 5920
5512 5921
5513 5921
5514 5923
5515 5923
5516 5924
5517 5925
5518 5926
5519 5927
5520 5927
5521 5929
5522 5929
5523 5931
5524 5932
5525 5933
5526 5933
5527 5934
5528 5935
5529 5936
5530 5936
5531 5938
5532 5939
5533 5940
5534 5940
5535 5941
5536 5942
5537 5944
5538 5944
5539 5945
5540 5946
5541 5947
5542 5948
5543 5949
5544 5950
5545 5951
5546 5951
5547 5952
5548 5953
5549 5954
5550 5955
5551 5956
5552 5957
5553 5958
5554 5959
5555 5960
5556 5961
5557 5962
5558 5963
5559 5963
5560 5964
5561 5966
5562 5967
5563 5967
5564 5968
5565 5969
5566 5970
5567 5971
5568 5972
5569 5972
5570 5974
5571 5975
5572 5975
5573 5976
5574 5978
5575 5978
5576 5979
5577 5980
5578 5981
5579 5982
5580 5983
5581 5984
5582 5985
5583 5986
5584 5986
5585 5987
5586 5988
5587 5989
5588 5990
5589 5991
5590 5991
5591 5993
5592 5994
5593 5995
5594 5995
5595 5997
5596 5997
5597 5998
5598 5999
5599 6000
5600 6001
5601 6002
5602 6003
5603 6004
5604 6005
5605 6006
5606 6007
5607 6007
5608 6008
5609 6009
5610 6010
5611 6011
5612 6013
5613 6013
5614 6014
5615 6015
5616 6015
5617 6017
5618 6018
5619 6018
5620 6020
5621 6020
5622 6021
5623 6022
5624 6023
5625 6024
5626 6025
5627 6026
5628 6026
5629 6027
5630 6029
5631 6030
5632 6030
5633 6031
5634 6032
5635 6033
5636 6034
5637 6035
5638 6036
5639 6037
5640 6038
5641 6039
5642 6040
5643 6041
5644 6041
5645 6042
5646 6043
5647 6044
5648 6045
5649 6046
5650 6047
5651 6048
5652 6049
5653 6049
5654 6050
5655 6052
5656 6052
5657 6053
5658 6054
5659 6055
5660 6056
5661 6057
5662 6058
5663 6059
5664 6059
5665 6060
5666 6061
5667 6062
5668 6063
5669 6065
5670 6065
5671 6066
5672 6067
5673 6068
5674 6069
5675 6070
5676 6070
5677 6072
5678 6072
5679 6073
5680 6075
5681 6075
5682 6076
5683 6077
5684 6078
5685 6078
5686 6080
5687 6081
5688 6081
5689 6083
5690 6084
5691 6084
5692 6085
5693 6086
5694 6087
5695 6088
5696 6089
5697 6089
5698 6091
5699 6092
5700 6093
5701 6093
5702 6095
5703 6095
5704 6096
5705 6097
5706 6098
5707 6099
5708 6100
5709 6101
5710 6102
5711 6103
5712 6104
5713 6104
5714 6105
5715 6106
5716 6107
5717 6108
5718 6109
5719 6111
5720 6111
5721 6112
5722 6112
5723 6114
5724 6115
5725 6115
5726 6116
5727 6117
5728 6118
5729 6119
5730 6120
5731 6121
5732 6122
5733 6123
5734 6123
5735 6124
5736 6125
5737 6127
5738 6127
5739 6128
5740 6129
5741 6130
5742 6131
5743 6132
5744 6133
5745 6133
5746 6134
5747 6135
5748 6136
5749 6138
5750 6138
5751 6140
5752 6140
5753 6141
5754 6142
5755 6143
5756 6143
5757 6144
5758 6146
5759 6147
5760 6147
5761 6149
5762 6149
5763 6150
5764 6151
5765 6152
5766 6153
5767 6153
5768 6155
5769 6156
5770 6157
5771 6157
5772 6158
5773 6159
5774 6160
5775 6161
5776 6162
5777 6162
5778 6163
5779 6165
5780 6166
5781 6166
5782 6167
5783 6168
5784 6169
5785 6170
5786 6171
5787 6172
5788 6173
5789 6174
5790 6175
5791 6175
5792 6177
5793 6178
5794 6178
5795 6179
5796 6180
5797 6181
5798 6182
5799 6183
5800 6184
5801 6185
5802 6185
5803 6186
5804 6187
5805 6188
5806 6189
5807 6190
5808 6191
5809 6192
5810 6193
5811 6194
5812 6195
5813 6196
5814 6197
5815 6197
5816 6198
5817 6199
5818 6201
5819 6202
5820 6202
5821 6203
5822 6204
5823 6205
5824 6206
5825 6207
5826 6207
5827 6209
5828 6209
5829 6210
5830 6211
5831 6213
5832 6213
5833 6214
5834 6215
5835 6215
5836 6217
5837 6217
5838 6219
5839 6220
5840 6220
5841 6221
5842 6222
5843 6223
5844 6224
5845 6225
5846 6225
5847 6226
5848 6227
5849 6229
5850 6230
5851 6230
5852 6231
5853 6232
5854 6233
5855 6233
5856 6235
5857 6236
5858 6237
5859 6237
5860 6239
5861 6240
5862 6241
5863 6241
5864 6242
5865 6243
5866 6244
5867 6244
5868 6246
5869 6247
5870 6248
5871 6249
5872 6249
5873 6250
5874 6251
5875 6252
5876 6253
5877 6253
5878 6255
5879 6256
5880 6257
5881 6258
5882 6259
5883 6260
5884 6260
5885 6261
5886 6262
5887 6263
5888 6264
5889 6265
5890 6266
5891 6267
5892 6268
5893 6269
5894 6269
5895 6270
5896 6271
5897 6272
5898 6273
5899 6275
5900 6275
5901 6276
5902 6277
5903 6277
5904 6279
5905 6279
5906 6280
5907 6281
5908 6282
5909 6283
5910 6284
5911 6285
5912 6286
5913 6287
5914 6287
5915 6288
5916 6289
5917 6290
5918 6292
5919 6292
5920 6293
5921 6294
5922 6295
5923 6295
5924 6297
5925 6298
5926 6298
5927 6299
5928 6300
5929 6301
5930 6302
5931 6303
5932 6304
5933 6305
5934 6306
5935 6307
5936 6307
5937 6308
5938 6310
5939 6311
5940 6311
5941 6312
5942 6313
5943 6314
5944 6315
5945 6315
5946 6317
5947 6317
5948 6319
5949 6319
5950 6321
5951 6321
5952 6322
5953 6323
5954 6324
5955 6324
5956 6326
5957 6327
5958 6328
5959 6329
5960 6330
5961 6330
5962 6331
5963 6332
5964 6333
5965 6334
5966 6334
5967 6335
5968 6337
5969 6338
5970 6339
5971 6339
5972 6340
5973 6341
5974 6342
5975 6343
5976 6344
5977 6345
5978 6346
5979 6347
5980 6348
5981 6349
5982 6350
5983 6350
5984 6351
5985 6352
5986 6353
5987 6353
5988 6355
5989 6356
5990 6357
5991 6358
5992 6358
5993 6359
5994 6361
5995 6361
5996 6362
5997 6363
5998 6364
5999 6365
6000 6366
6001 6367
6002 6368
6003 6368
6004 6369
6005 6370
6006 6371
6007 6372
6008 6373
6009 6374
6010 6375
6011 6376
6012 6377
6013 6378
6014 6379
6015 6379
6016 6380
6017 6381
6018 6382
6019 6383
6020 6384
6021 6385
6022 6386
6023 6386
6024 6388
6025 6388
6026 6389
6027 6390
6028 6392
6029 6392
6030 6393
6031 6394
6032 6395
6033 6396
6034 6397
6035 6397
6036 6398
6037 6399
6038 6401
6039 6401
6040 6402
6041 6403
6042 6404
6043 6405
6044 6405
6045 6407
6046 6408
6047 6408
6048 6409
6049 6410
6050 6411
6051 6412
6052 6413
6053 6414
6054 6415
6055 6415
6056 6416
6057 6417
6058 6419
6059 6420
6060 6420
6061 6421
6062 6421
6063 6423
6064 6424
6065 6424
6066 6425
6067 6426
6068 6427
6069 6429
6070 6429
6071 6431
6072 6431
6073 6432
6074 6432
6075 6434
6076 6435
6077 6436
6078 6437
6079 6437
6080 6439
6081 6439
6082 6440
6083 6441
6084 6442
6085 6443
6086 6444
6087 6444
6088 6446
6089 6447
6090 6447
6091 6448
6092 6449
6093 6450
6094 6451
6095 6452
6096 6453
6097 6454
6098 6455
6099 6456
6100 6456
6101 6458
6102 6459
6103 6459
6104 6460
6105 6461
6106 6462
6107 6463
6108 6464
6109 6465
6110 6466
6111 6466
6112 6467
6113 6468
6114 6469
6115 6470
6116 6471
6117 6472
6118 6473
6119 6474
6120 6475
6121 6476
6122 6476
6123 6477
6124 6478
6125 6479
6126 6479
6127 6481
6128 6482
6129 6483
6130 6483
6131 6485
6132 6486
6133 6486
6134 6487
6135 6488
6136 6489
6137 6490
6138 6491
6139 6492
6140 6493
6141 6494
6142 6495
6143 6495
6144 6496
6145 6497
6146 6498
6147 6499
6148 6500
6149 6501
6150 6502
6151 6503
6152 6504
6153 6505
6154 6505
6155 6506
6156 6507
6157 6507
6158 6510
6159 6510
6160 6511
6161 6512
6162 6513
6163 6513
6164 6514
6165 6515
6166 6516
6167 6517
6168 6518
6169 6519
6170 6520
6171 6521
6172 6522
6173 6522
6174 6523
6175 6524
6176 6525
6177 6526
6178 6527
6179 6528
6180 6529
6181 6530
6182 6530
6183 6532
6184 6533
6185 6533
6186 6534
6187 6535
6188 6536
6189 6537
6190 6538
6191 6539
6192 6540
6193 6541
6194 6541
6195 6542
6196 6544
6197 6544
6198 6545
6199 6546
6200 6547
6201 6548
6202 6549
6203 6550
6204 6550
6205 6552
6206 6552
6207 6553
6208 6554
6209 6556
6210 6556
6211 6557
6212 6558
6213 6559
6214 6559
6215 6560
6216 6561
6217 6562
6218 6563
6219 6564
6220 6565
6221 6566
6222 6567
6223 6568
6224 6569
6225 6569
6226 6570
6227 6571
6228 6573
6229 6573
6230 6574
6231 6575
6232 6576
6233 6576
6234 6578
6235 6579
6236 6579
6237 6580
6238 6581
6239 6582
6240 6584
6241 6584
6242 6585
6243 6586
6244 6586
6245 6588
6246 6588
6247 6589
6248 6591
6249 6591
6250 6592
6251 6593
6252 6594
6253 6595
6254 6596
6255 6597
6256 6597
6257 6598
6258 6599
6259 6601
6260 6601
6261 6602
6262 6603
6263 6604
6264 6604
6265 6605
6266 6607
6267 6608
6268 6608
6269 6610
6270 6610
6271 6611
6272 6612
6273 6613
6274 6614
6275 6615
6276 6615
6277 6616
6278 6618
6279 6619
6280 6620
6281 6620
6282 6621
6283 6622
6284 6623
6285 6624
6286 6625
6287 6625
6288 6627
6289 6627
6290 6628
6291 6630
6292 6630
6293 6631
6294 6632
6295 6633
6296 6633
6297 6634
6298 6636
6299 6637
6300 6638
6301 6638
6302 6639
6303 6640
6304 6641
6305 6642
6306 6643
6307 6643
6308 6644
6309 6646
6310 6647
6311 6647
6312 6648
6313 6649
6314 6650
6315 6650
6316 6652
6317 6653
6318 6654
6319 6654
6320 6655
6321 6656
6322 6657
6323 6658
6324 6659
6325 6660
6326 6661
6327 6661
6328 6662
6329 6664
6330 6665
6331 6665
6332 6666
6333 6667
6334 6668
6335 6669
6336 6670
6337 6670
6338 6672
6339 6673
6340 6674
6341 6674
6342 6676
6343 6676
6344 6677
6345 6678
6346 6678
6347 6679
6348 6681
6349 6682
6350 6683
6351 6683
6352 6684
6353 6685
6354 6686
6355 6687
6356 6688
6357 6689
6358 6689
6359 6691
6360 6692
6361 6693
6362 6693
6363 6694
6364 6695
6365 6696
6366 6696
6367 6698
6368 6699
6369 6700
6370 6701
6371 6701
6372 6702
6373 6703
6374 6704
6375 6705
6376 6706
6377 6706
6378 6708
6379 6709
6380 6710
6381 6711
6382 6712
6383 6712
6384 6713
6385 6714
6386 6715
6387 6716
6388 6717
6389 6718
6390 6718
6391 6720
6392 6721
6393 6721
6394 6722
6395 6723
6396 6724
6397 6725
6398 6725
6399 6727
6400 6728
6401 6728
6402 6729
6403 6730
6404 6731
6405 6732
6406 6733
6407 6733
6408 6734
6409 6736
6410 6736
6411 6738
6412 6738
6413 6740
6414 6740
6415 6740
6416 6741
6417 6743
6418 6744
6419 6745
6420 6746
6421 6747
6422 6747
6423 6748
6424 6749
6425 6750
6426 6751
6427 6752
6428 6752
6429 6753
6430 6755
6431 6756
6432 6756
6433 6757
6434 6758
6435 6759
6436 6760
6437 6760
6438 6762
6439 6763
6440 6764
6441 6764
6442 6765
6443 6767
6444 6767
6445 6768
6446 6769
6447 6770
6448 6770
6449 6772
6450 6772
6451 6774
6452 6775
6453 6775
6454 6776
6455 6776
6456 6778
6457 6779
6458 6780
6459 6780
6460 6782
6461 6782
6462 6783
6463 6784
6464 6785
6465 6786
6466 6787
6467 6787
6468 6788
6469 6790
6470 6791
6471 6791
6472 6792
6473 6793
6474 6794
6475 6795
6476 6796
6477 6796
6478 6798
6479 6798
6480 6799
6481 6801
6482 6802
6483 6802
6484 6803
6485 6804
6486 6804
6487 6806
6488 6806
6489 6808
6490 6809
6491 6809
6492 6810
6493 6811
6494 6812
6495 6813
6496 6814
6497 6814
6498 6815
6499 6816
6500 6818
6501 6819
6502 6819
6503 6820
6504 6821
6505 6822
6506 6823
6507 6824
6508 6825
6509 6825
6510 6827
6511 6827
6512 6828
6513 6830
6514 6830
6515 6831
6516 6832
6517 6833
6518 6833
6519 6834
6520 6836
6521 6837
6522 6838
6523 6838
6524 6839
6525 6840
6526 6841
6527 6842
6528 6843
6529 6843
6530 6845
6531 6845
6532 6846
6533 6847
6534 6848
6535 6849
6536 6850
6537 6850
6538 6851
6539 6853
6540 6853
6541 6854
6542 6855
6543 6856
6544 6857
6545 6858
6546 6859
6547 6860
6548 6860
6549 6861
6550 6862
6551 6864
6552 6864
6553 6865
6554 6866
6555 6867
6556 6868
6557 6869
6558 6870
6559 6870
6560 6872
6561 6872
6562 6873
6563 6874
6564 6875
6565 6876
6566 6877
6567 6877
6568 6878
6569 6879
6570 6880
6571 6882
6572 6882
6573 6883
6574 6884
6575 6885
6576 6885
6577 6887
6578 6888
6579 6888
6580 6889
6581 6890
6582 6892
6583 6892
6584 6893
6585 6894
6586 6895
6587 6896
6588 6896
6589 6897
6590 6899
6591 6900
6592 6900
6593 6901
6594 6902
6595 6903
6596 6904
6597 6905
6598 6905
6599 6906
6600 6907
6601 6908
6602 6909
6603 6910
6604 6911
6605 6912
6606 6912
6607 6913
6608 6914
6609 6915
6610 6916
6611 6917
6612 6918
6613 6919
6614 6920
6615 6921
6616 6921
6617 6922
6618 6923
6619 6924
6620 6924
6621 6927
6622 6927
6623 6928
6624 6929
6625 6930
6626 6931
6627 6931
6628 6932
6629 6933
6630 6934
6631 6935
6632 6936
6633 6937
6634 6938
6635 6939
6636 6940
6637 6940
6638 6941
6639 6942
6640 6943
6641 6944
6642 6945
6643 6946
6644 6947
6645 6947
6646 6948
6647 6950
6648 6951
6649 6951
6650 6952
6651 6953
6652 6954
6653 6955
6654 6956
6655 6957
6656 6958
6657 6958
6658 6959
6659 6960
6660 6961
6661 6963
6662 6963
6663 6964
6664 6965
6665 6966
6666 6966
6667 6967
6668 6968
6669 6969
6670 6970
6671 6971
6672 6972
6673 6973
6674 6974
6675 6975
6676 6975
6677 6976
6678 6977
6679 6978
6680 6979
6681 6980
6682 6981
6683 6982
6684 6982
6685 6983
6686 6985
6687 6985
6688 6986
6689 6987
6690 6987
6691 6989
6692 6990
6693 6991
6694 6992
6695 6992
6696 6993
6697 6994
6698 6995
6699 6996
6700 6997
6701 6998
6702 6998
6703 7000
6704 7001
6705 7002
6706 7002
6707 7003
6708 7004
6709 7005
6710 7005
6711 7007
6712 7008
6713 7009
6714 7009
6715 7010
6716 7011
6717 7012
6718 7013
6719 7014
6720 7015
6721 7015
6722 7017
6723 7018
6724 7018
6725 7019
6726 7020
6727 7021
6728 7022
6729 7022
6730 7024
6731 7024
6732 7026
6733 7027
6734 7027
6735 7028
6736 7029
6737 7030
6738 7031
6739 7032
6740 7032
6741 7033
6742 7034
6743 7036
6744 7037
6745 7037
6746 7038
6747 7039
6748 7040
6749 7041
6750 7041
6751 7042
6752 7044
6753 7045
6754 7045
6755 7046
6756 7047
6757 7048
6758 7049
6759 7049
6760 7050
6761 7051
6762 7053
6763 7054
6764 7054
6765 7055
6766 7056
6767 7057
6768 7058
6769 7059
6770 7060
6771 7060
6772 7061
6773 7062
6774 7064
6775 7064
6776 7065
6777 7066
6778 7067
6779 7067
6780 7068
6781 7069
6782 7071
6783 7071
6784 7072
6785 7073
6786 7073
6787 7075
6788 7076
6789 7076
6790 7077
6791 7078
6792 7079
6793 7080
6794 7081
6795 7082
6796 7083
6797 7084
6798 7084
6799 7085
6800 7086
6801 7087
6802 7088
6803 7089
6804 7090
6805 7091
6806 7092
6807 7093
6808 7094
6809 7095
6810 7095
6811 7096
6812 7097
6813 7099
6814 7099
6815 7100
6816 7100
6817 7102
6818 7102
6819 7103
6820 7105
6821 7105
6822 7106
6823 7107
6824 7108
6825 7109
6826 7110
6827 7111
6828 7111
6829 7112
6830 7113
6831 7114
6832 7115
6833 7116
6834 7117
6835 7118
6836 7119
6837 7119
6838 7120
6839 7121
6840 7122
6841 7123
6842 7124
6843 7124
6844 7126
6845 7127
6846 7128
6847 7129
6848 7129
6849 7130
6850 7131
6851 7131
6852 7133
6853 7134
6854 7135
6855 7135
6856 7137
6857 7137
6858 7138
6859 7139
6860 7140
6861 7141
6862 7142
6863 7142
6864 7144
6865 7145
6866 7146
6867 7146
6868 7147
6869 7147
6870 7149
6871 7150
6872 7151
6873 7151
6874 7153
6875 7154
6876 7154
6877 7155
6878 7156
6879 7157
6880 7158
6881 7158
6882 7159
6883 7160
6884 7162
6885 7163
6886 7163
6887 7164
6888 7165
6889 7166
6890 7167
6891 7168
6892 7169
6893 7169
6894 7170
6895 7171
6896 7173
6897 7173
6898 7174
6899 7175
6900 7176
6901 7176
6902 7177
6903 7178
6904 7179
6905 7181
6906 7181
6907 7182
6908 7183
6909 7184
6910 7185
6911 7186
6912 7186
6913 7187
6914 7188
6915 7189
6916 7190
6917 7191
6918 7192
6919 7193
6920 7193
6921 7194
6922 7195
6923 7196
6924 7197
6925 7198
6926 7199
6927 7200
6928 7201
6929 7202
6930 7202
6931 7203
6932 7204
6933 7205
6934 7206
6935 7207
6936 7208
6937 7209
6938 7209
6939 7210
6940 7211
6941 7212
6942 7213
6943 7214
6944 7215
6945 7216
6946 7217
6947 7218
6948 7219
6949 7220
6950 7220
6951 7221
6952 7222
6953 7223
6954 7224
6955 7225
6956 7226
6957 7227
6958 7228
6959 7228
6960 7229
6961 7231
6962 7231
6963 7232
6964 7233
6965 7233
6966 7235
6967 7236
6968 7237
6969 7237
6970 7238
6971 7239
6972 7239
6973 7241
6974 7241
6975 7243
6976 7244
6977 7244
6978 7245
6979 7247
6980 7247
6981 7248
6982 7249
6983 7250
6984 7250
6985 7251
6986 7253
6987 7254
6988 7254
6989 7255
6990 7256
6991 7257
6992 7257
6993 7259
6994 7260
6995 7260
6996 7261
6997 7262
6998 7263
6999 7264
7000 7265
7001 7266
7002 7267
7003 7267
7004 7268
7005 7269
7006 7271
7007 7271
7008 7272
7009 7273
7010 7274
7011 7275
7012 7276
7013 7276
7014 7277
7015 7278
7016 7279
7017 7280
7018 7281
7019 7282
7020 7283
7021 7283
7022 7284
7023 7285
7024 7286
7025 7287
7026 7288
7027 7289
7028 7290
7029 7291
7030 7291
7031 7293
7032 7293
7033 7294
7034 7295
7035 7296
7036 7297
7037 7298
7038 7299
7039 7299
7040 7301
7041 7302
7042 7302
7043 7303
7044 7304
7045 7305
7046 7306
7047 7307
7048 7308
7049 7309
7050 7309
7051 7311
7052 7311
7053 7312
7054 7313
7055 7314
7056 7314
7057 7316
7058 7317
7059 7318
7060 7318
7061 7319
7062 7320
7063 7321
7064 7322
7065 7323
7066 7323
7067 7325
7068 7325
7069 7326
7070 7328
7071 7328
7072 7329
7073 7330
7074 7331
7075 7331
7076 7333
7077 7334
7078 7335
7079 7335
7080 7336
7081 7337
7082 7338
7083 7339
7084 7340
7085 7340
7086 7341
7087 7342
7088 7344
7089 7344
7090 7345
7091 7346
7092 7347
7093 7348
7094 7348
7095 7349
7096 7350
7097 7351
7098 7353
7099 7353
7100 7354
7101 7355
7102 7356
7103 7357
7104 7357
7105 7358
7106 7359
7107 7360
7108 7361
7109 7362
7110 7363
7111 7364
7112 7364
7113 7365
7114 7366
7115 7367
7116 7368
7117 7369
7118 7370
7119 7371
7120 7372
7121 7373
7122 7373
7123 7374
7124 7375
7125 7376
7126 7377
7127 7377
7128 7379
7129 7380
7130 7380
7131 7382
7132 7382
7133 7383
7134 7384
7135 7385
7136 7386
7137 7386
7138 7388
7139 7389
7140 7390
7141 7391
7142 7391
7143 7392
7144 7393
7145 7393
7146 7395
7147 7396
7148 7396
7149 7398
7150 7399
7151 7399
7152 7400
7153 7401
7154 7402
7155 7403
7156 7403
7157 7404
7158 7405
7159 7406
7160 7408
7161 7408
7162 7409
7163 7410
7164 7411
7165 7411
7166 7412
7167 7413
7168 7414
7169 7415
7170 7416
7171 7417
7172 7418
7173 7419
7174 7420
7175 7420
7176 7421
7177 7422
7178 7423
7179 7424
7180 7425
7181 7426
7182 7427
7183 7428
7184 7428
7185 7429
7186 7431
7187 7431
7188 7432
7189 7433
7190 7434
7191 7435
7192 7436
7193 7437
7194 7438
7195 7438
7196 7439
7197 7440
7198 7441
7199 7442
7200 7443
7201 7444
7202 7444
7203 7446
7204 7446
7205 7447
7206 7448
7207 7449
7208 7450
7209 7450
7210 7451
7211 7453
7212 7454
7213 7455
7214 7455
7215 7456
7216 7457
7217 7458
7218 7459
7219 7459
7220 7461
7221 7461
7222 7462
7223 7463
7224 7464
7225 7465
7226 7466
7227 7467
7228 7467
7229 7468
7230 7470
7231 7470
7232 7471
7233 7472
7234 7473
7235 7474
7236 7474
7237 7475
7238 7477
7239 7477
7240 7478
7241 7479
7242 7480
7243 7481
7244 7482
7245 7483
7246 7483
7247 7484
7248 7485
7249 7486
7250 7487
7251 7488
7252 7489
7253 7490
7254 7490
7255 7491
7256 7493
7257 7493
7258 7494
7259 7495
7260 7496
7261 7497
7262 7498
7263 7499
7264 7500
7265 7501
7266 7501
7267 7502
7268 7503
7269 7504
7270 7505
7271 7506
7272 7506
7273 7508
7274 7508
7275 7509
7276 7510
7277 7511
7278 7512
7279 7513
7280 7513
7281 7514
7282 7516
7283 7517
7284 7517
7285 7518
7286 7519
7287 7519
7288 7521
7289 7521
7290 7522
7291 7524
7292 7525
7293 7525
7294 7526
7295 7527
7296 7528
7297 7529
7298 7530
7299 7530
7300 7531
7301 7532
7302 7534
7303 7534
7304 7535
7305 7536
7306 7537
7307 7537
7308 7539
7309 7540
7310 7540
7311 7541
7312 7542
7313 7543
7314 7544
7315 7545
7316 7545
7317 7547
7318 7547
7319 7548
7320 7548
7321 7550
7322 7551
7323 7552
7324 7553
7325 7553
7326 7554
7327 7556
7328 7556
7329 7557
7330 7558
7331 7559
7332 7560
7333 7561
7334 7562
7335 7563
7336 7564
7337 7564
7338 7565
7339 7566
7340 7567
7341 7568
7342 7568
7343 7570
7344 7571
7345 7571
7346 7572
7347 7573
7348 7574
7349 7575
7350 7576
7351 7576
7352 7577
7353 7579
7354 7580
7355 7580
7356 7581
7357 7582
7358 7583
7359 7583
7360 7584
7361 7585
7362 7586
7363 7587
7364 7588
7365 7589
7366 7590
7367 7591
7368 7592
7369 7592
7370 7593
7371 7594
7372 7595
7373 7596
7374 7597
7375 7598
7376 7599
7377 7600
7378 7600
7379 7602
7380 7602
7381 7603
7382 7604
7383 7605
7384 7606
7385 7607
7386 7608
7387 7608
7388 7610
7389 7610
7390 7611
7391 7612
7392 7613
7393 7614
7394 7615
7395 7616
7396 7616
7397 7617
7398 7619
7399 7619
7400 7620
7401 7621
7402 7622
7403 7622
7404 7623
7405 7625
7406 7626
7407 7626
7408 7627
7409 7628
7410 7629
7411 7630
7412 7631
7413 7632
7414 7632
7415 7634
7416 7634
7417 7635
7418 7636
7419 7637
7420 7638
7421 7638
7422 7639
7423 7640
7424 7642
7425 7642
7426 7643
7427 7644
7428 7645
7429 7645
7430 7647
7431 7647
7432 7648
7433 7649
7434 7650
7435 7651
7436 7652
7437 7653
7438 7654
7439 7655
7440 7655
7441 7656
7442 7657
7443 7658
7444 7659
7445 7660
7446 7661
7447 7662
7448 7662
7449 7663
7450 7664
7451 7665
7452 7666
7453 7667
7454 7668
7455 7668
7456 7670
7457 7671
7458 7671
7459 7672
7460 7673
7461 7674
7462 7674
7463 7676
7464 7676
7465 7677
7466 7678
7467 7679
7468 7680
7469 7681
7470 7682
7471 7683
7472 7684
7473 7684
7474 7685
7475 7686
7476 7688
7477 7689
7478 7689
7479 7690
7480 7690
7481 7692
7482 7692
7483 7693
7484 7694
7485 7695
7486 7696
7487 7697
7488 7698
7489 7699
7490 7700
7491 7700
7492 7701
7493 7702
7494 7703
7495 7704
7496 7705
7497 7706
7498 7707
7499 7708
7500 7708
7501 7709
7502 7710
7503 7711
7504 7712
7505 7713
7506 7713
7507 7715
7508 7716
7509 7716
7510 7717
7511 7718
7512 7719
7513 7720
7514 7720
7515 7722
7516 7723
7517 7724
7518 7724
7519 7725
7520 7726
7521 7727
7522 7728
7523 7728
7524 7730
7525 7730
7526 7731
7527 7732
7528 7734
7529 7735
7530 7735
7531 7736
7532 7736
7533 7737
7534 7739
7535 7739
7536 7740
7537 7741
7538 7742
7539 7743
7540 7744
7541 7745
7542 7746
7543 7747
7544 7747
7545 7748
7546 7749
7547 7750
7548 7751
7549 7752
7550 7752
7551 7754
7552 7754
7553 7755
7554 7756
7555 7757
7556 7758
7557 7758
7558 7760
7559 7760
7560 7762
7561 7763
7562 7763
7563 7764
7564 7765
7565 7766
7566 7767
7567 7767
7568 7768
7569 7770
7570 7770
7571 7771
7572 7772
7573 7773
7574 7774
7575 7774
7576 7775
7577 7776
7578 7777
7579 7779
7580 7779
7581 7780
7582 7781
7583 7782
7584 7782
7585 7783
7586 7784
7587 7786
7588 7786
7589 7787
7590 7788
7591 7789
7592 7790
7593 7791
7594 7791
7595 7792
7596 7793
7597 7794
7598 7794
7599 7796
7600 7797
7601 7798
7602 7799
7603 7799
7604 7800
7605 7801
7606 7802
7607 7803
7608 7803
7609 7805
7610 7806
7611 7806
7612 7807
7613 7809
7614 7809
7615 7810
7616 7810
7617 7811
7618 7812
7619 7813
7620 7815
7621 7816
7622 7816
7623 7817
7624 7818
7625 7819
7626 7820
7627 7821
7628 7821
7629 7822
7630 7823
7631 7825
7632 7825
7633 7826
7634 7826
7635 7828
7636 7828
7637 7829
7638 7830
7639 7831
7640 7832
7641 7833
7642 7834
7643 7834
7644 7836
7645 7836
7646 7837
7647 7838
7648 7838
7649 7840
7650 7841
7651 7842
7652 7843
7653 7844
7654 7844
7655 7845
7656 7846
7657 7847
7658 7848
7659 7849
7660 7849
7661 7850
7662 7852
7663 7852
7664 7854
7665 7854
7666 7855
7667 7856
7668 7857
7669 7857
7670 7858
7671 7860
7672 7860
7673 7861
7674 7862
7675 7863
7676 7864
7677 7865
7678 7865
7679 7866
7680 7867
7681 7868
7682 7869
7683 7870
7684 7871
7685 7872
7686 7872
7687 7873
7688 7874
7689 7875
7690 7876
7691 7877
7692 7878
7693 7879
7694 7880
7695 7880
7696 7881
7697 7882
7698 7883
7699 7884
7700 7884
7701 7885
7702 7887
7703 7888
7704 7889
7705 7889
7706 7890
7707 7891
7708 7892
7709 7892
7710 7894
7711 7894
7712 7896
7713 7896
7714 7897
7715 7898
7716 7899
7717 7900
7718 7901
7719 7901
7720 7902
7721 7903
7722 7904
7723 7905
7724 7906
7725 7907
7726 7907
7727 7909
7728 7909
7729 7910
7730 7911
7731 7912
7732 7913
7733 7914
7734 7915
7735 7916
7736 7916
7737 7918
7738 7918
7739 7919
7740 7920
7741 7920
7742 7922
7743 7923
7744 7924
7745 7925
7746 7925
7747 7926
7748 7927
7749 7928
7750 7929
7751 7930
7752 7931
7753 7931
7754 7932
7755 7934
7756 7934
7757 7935
7758 7936
7759 7936
7760 7938
7761 7938
7762 7939
7763 7940
7764 7941
7765 7942
7766 7943
7767 7944
7768 7945
7769 7946
7770 7946
7771 7947
7772 7948
7773 7949
7774 7950
7775 7951
7776 7952
7777 7953
7778 7954
7779 7954
7780 7955
7781 7956
7782 7957
7783 7958
7784 7958
7785 7960
7786 7961
7787 7962
7788 7963
7789 7963
7790 7964
7791 7965
7792 7965
7793 7967
7794 7967
7795 7969
7796 7970
7797 7970
7798 7971
7799 7972
7800 7973
7801 7974
7802 7974
7803 7975
7804 7976
7805 7977
7806 7978
7807 7979
7808 7980
7809 7981
7810 7982
7811 7982
7812 7983
7813 7984
7814 7985
7815 7986
7816 7987
7817 7988
7818 7989
7819 7990
7820 7990
7821 7991
7822 7992
7823 7993
7824 7994
7825 7994
7826 7996
7827 7997
7828 7998
7829 7999
7830 7999
7831 8000
7832 8001
7833 8002
7834 8003
7835 8004
7836 8004
7837 8006
7838 8006
7839 8007
7840 8008
7841 8009
7842 8009
7843 8010
7844 8011
7845 8012
7846 8013
7847 8014
7848 8015
7849 8016
7850 8016
7851 8017
7852 8019
7853 8019
7854 8020
7855 8021
7856 8022
7857 8023
7858 8024
7859 8025
7860 8026
7861 8026
7862 8027
7863 8028
7864 8029
7865 8029
7866 8031
7867 8032
7868 8033
7869 8033
7870 8034
7871 8035
7872 8036
7873 8037
7874 8038
7875 8038
7876 8039
7877 8040
7878 8041
7879 8043
7880 8043
7881 8044
7882 8045
7883 8045
7884 8046
7885 8048
7886 8048
7887 8049
7888 8051
7889 8051
7890 8052
7891 8053
7892 8054
7893 8055
7894 8055
7895 8056
7896 8057
7897 8058
7898 8059
7899 8060
7900 8061
7901 8061
7902 8063
7903 8063
7904 8064
7905 8065
7906 8066
7907 8067
7908 8067
7909 8068
7910 8070
7911 8071
7912 8071
7913 8072
7914 8073
7915 8074
7916 8074
7917 8075
7918 8077
7919 8078
7920 8078
7921 8079
7922 8080
7923 8080
7924 8082
7925 8083
7926 8083
7927 8084
7928 8085
7929 8086
7930 8087
7931 8088
7932 8089
7933 8090
7934 8090
7935 8091
7936 8092
7937 8093
7938 8094
7939 8095
7940 8096
7941 8097
7942 8097
7943 8099
7944 8099
7945 8100
7946 8101
7947 8102
7948 8103
7949 8103
7950 8105
7951 8106
7952 8106
7953 8107
7954 8108
7955 8109
7956 8110
7957 8111
7958 8111
7959 8112
7960 8114
7961 8114
7962 8115
7963 8116
7964 8117
7965 8118
7966 8118
7967 8119
7968 8120
7969 8121
7970 8122
7971 8123
7972 8124
7973 8125
7974 8126
7975 8127
7976 8127
7977 8129
7978 8129
7979 8130
7980 8131
7981 8132
7982 8133
7983 8134
7984 8134
7985 8135
7986 8136
7987 8137
7988 8138
7989 8138
7990 8140
7991 8141
7992 8142
7993 8142
7994 8143
7995 8144
7996 8145
7997 8146
7998 8146
7999 8147
8000 8148
8001 8149
8002 8151
8003 8151
8004 8152
8005 8153
8006 8153
8007 8154
8008 8155
8009 8156
8010 8157
8011 8158
8012 8159
8013 8160
8014 8161
8015 8161
8016 8163
8017 8163
8018 8164
8019 8165
8020 8165
8021 8166
8022 8168
8023 8169
8024 8170
8025 8170
8026 8171
8027 8172
8028 8173
8029 8174
8030 8174
8031 8176
8032 8176
8033 8177
8034 8178
8035 8180
8036 8180
8037 8181
8038 8181
8039 8182
8040 8183
8041 8184
8042 8185
8043 8187
8044 8187
8045 8188
8046 8189
8047 8189
8048 8191
8049 8191
8050 8192
8051 8193
8052 8193
8053 8195
8054 8196
8055 8197
8056 8198
8057 8198
8058 8200
8059 8200
8060 8200
8061 8202
8062 8203
8063 8204
8064 8205
8065 8205
8066 8206
8067 8207
8068 8208
8069 8209
8070 8210
8071 8211
8072 8211
8073 8212
8074 8213
8075 8215
8076 8215
8077 8216
8078 8217
8079 8217
8080 8219
8081 8219
8082 8220
8083 8221
8084 8222
8085 8223
8086 8224
8087 8225
8088 8226
8089 8227
8090 8227
8091 8228
8092 8229
8093 8229
8094 8231
8095 8232
8096 8233
8097 8233
8098 8234
8099 8235
8100 8236
8101 8237
8102 8238
8103 8239
8104 8239
8105 8240
8106 8242
8107 8242
8108 8243
8109 8244
8110 8245
8111 8245
8112 8246
8113 8247
8114 8248
8115 8249
8116 8250
8117 8251
8118 8252
8119 8252
8120 8254
8121 8255
8122 8255
8123 8256
8124 8257
8125 8258
8126 8259
8127 8260
8128 8261
8129 8262
8130 8262
8131 8263
8132 8264
8133 8265
8134 8266
8135 8266
8136 8268
8137 8268
8138 8269
8139 8271
8140 8271
8141 8272
8142 8273
8143 8273
8144 8274
8145 8275
8146 8277
8147 8278
8148 8278
8149 8279
8150 8280
8151 8281
8152 8281
8153 8282
8154 8283
8155 8284
8156 8285
8157 8286
8158 8287
8159 8288
8160 8289
8161 8289
8162 8290
8163 8291
8164 8291
8165 8293
8166 8294
8167 8295
8168 8296
8169 8297
8170 8297
8171 8298
8172 8299
8173 8300
8174 8301
8175 8302
8176 8302
8177 8303
8178 8305
8179 8306
8180 8306
8181 8307
8182 8308
8183 8308
8184 8309
8185 8310
8186 8311
8187 8312
8188 8313
8189 8314
8190 8315
8191 8316
8192 8317
8193 8317
8194 8318
8195 8319
8196 8320
8197 8320
8198 8322
8199 8323
8200 8324
8201 8325
8202 8325
8203 8326
8204 8327
8205 8328
8206 8329
8207 8329
8208 8330
8209 8332
8210 8332
8211 8333
8212 8334
8213 8335
8214 8336
8215 8336
8216 8337
8217 8338
8218 8339
8219 8340
8220 8341
8221 8342
8222 8342
8223 8344
8224 8345
8225 8345
8226 8346
8227 8347
8228 8348
8229 8349
8230 8350
8231 8351
8232 8352
8233 8352
8234 8353
8235 8354
8236 8355
8237 8355
8238 8357
8239 8357
8240 8359
8241 8360
8242 8360
8243 8361
8244 8362
8245 8363
8246 8364
8247 8364
8248 8365
8249 8366
8250 8368
8251 8368
8252 8369
8253 8370
8254 8371
8255 8371
8256 8372
8257 8373
8258 8374
8259 8375
8260 8376
8261 8377
8262 8377
8263 8379
8264 8379
8265 8381
8266 8381
8267 8382
8268 8383
8269 8383
8270 8384
8271 8386
8272 8387
8273 8387
8274 8388
8275 8389
8276 8390
8277 8391
8278 8391
8279 8392
8280 8393
8281 8394
8282 8395
8283 8396
8284 8397
8285 8398
8286 8399
8287 8400
8288 8400
8289 8401
8290 8402
8291 8403
8292 8404
8293 8405
8294 8406
8295 8407
8296 8407
8297 8408
8298 8409
8299 8410
8300 8410
8301 8411
8302 8413
8303 8414
8304 8415
8305 8415
8306 8416
8307 8417
8308 8418
8309 8419
8310 8420
8311 8420
8312 8422
8313 8422
8314 8423
8315 8423
8316 8425
8317 8426
8318 8426
8319 8427
8320 8428
8321 8429
8322 8430
8323 8431
8324 8432
8325 8433
8326 8433
8327 8434
8328 8435
8329 8436
8330 8437
8331 8438
8332 8439
8333 8439
8334 8441
8335 8442
8336 8442
8337 8443
8338 8444
8339 8445
8340 8445
8341 8446
8342 8447
8343 8449
8344 8449
8345 8450
8346 8451
8347 8452
8348 8453
8349 8454
8350 8454
8351 8455
8352 8456
8353 8457
8354 8458
8355 8459
8356 8460
8357 8461
8358 8462
8359 8462
8360 8463
8361 8464
8362 8465
8363 8466
8364 8467
8365 8468
8366 8468
8367 8469
8368 8470
8369 8471
8370 8472
8371 8473
8372 8473
8373 8474
8374 8475
8375 8477
8376 8477
8377 8478
8378 8479
8379 8480
8380 8480
8381 8481
8382 8482
8383 8483
8384 8484
8385 8485
8386 8486
8387 8487
8388 8488
8389 8489
8390 8489
8391 8490
8392 8491
8393 8492
8394 8493
8395 8494
8396 8495
8397 8496
8398 8496
8399 8497
8400 8498
8401 8499
8402 8500
8403 8501
8404 8501
8405 8502
8406 8504
8407 8504
8408 8505
8409 8506
8410 8507
8411 8508
8412 8508
8413 8509
8414 8510
8415 8511
8416 8512
8417 8513
8418 8513
8419 8515
8420 8516
8421 8517
8422 8517
8423 8518
8424 8519
8425 8520
8426 8520
8427 8522
8428 8523
8429 8524
8430 8524
8431 8525
8432 8526
8433 8526
8434 8528
8435 8528
8436 8529
8437 8530
8438 8531
8439 8532
8440 8533
8441 8534
8442 8535
8443 8535
8444 8536
8445 8537
8446 8538
8447 8539
8448 8540
8449 8541
8450 8542
8451 8543
8452 8543
8453 8544
8454 8545
8455 8546
8456 8547
8457 8548
8458 8548
8459 8549
8460 8551
8461 8551
8462 8552
8463 8553
8464 8554
8465 8555
8466 8555
8467 8556
8468 8558
8469 8559
8470 8559
8471 8560
8472 8560
8473 8562
8474 8562
8475 8564
8476 8564
8477 8565
8478 8566
8479 8567
8480 8568
8481 8569
8482 8570
8483 8570
8484 8571
8485 8572
8486 8572
8487 8574
8488 8575
8489 8575
8490 8577
8491 8577
8492 8578
8493 8579
8494 8580
8495 8581
8496 8582
8497 8582
8498 8583
8499 8584
8500 8586
8501 8586
8502 8587
8503 8588
8504 8588
8505 8590
8506 8590
8507 8591
8508 8592
8509 8593
8510 8594
8511 8595
8512 8596
8513 8597
8514 8597
8515 8598
8516 8599
8517 8599
8518 8600
8519 8601
8520 8603
8521 8604
8522 8604
8523 8605
8524 8606
8525 8607
8526 8607
8527 8609
8528 8609
8529 8610
8530 8611
8531 8612
8532 8613
8533 8614
8534 8615
8535 8616
8536 8616
8537 8617
8538 8618
8539 8619
8540 8620
8541 8621
8542 8622
8543 8622
8544 8623
8545 8624
8546 8625
8547 8626
8548 8627
8549 8627
8550 8628
8551 8629
8552 8630
8553 8632
8554 8632
8555 8633
8556 8634
8557 8635
8558 8635
8559 8636
8560 8637
8561 8638
8562 8639
8563 8640
8564 8641
8565 8642
8566 8643
8567 8643
8568 8644
8569 8645
8570 8646
8571 8646
8572 8648
8573 8649
8574 8650
8575 8650
8576 8651
8577 8652
8578 8653
8579 8654
8580 8655
8581 8656
8582 8656
8583 8657
8584 8658
8585 8659
8586 8660
8587 8661
8588 8661
8589 8662
8590 8663
8591 8664
8592 8665
8593 8666
8594 8667
8595 8668
8596 8668
8597 8669
8598 8670
8599 8672
8600 8672
8601 8673
8602 8674
8603 8674
8604 8676
8605 8677
8606 8678
8607 8678
8608 8679
8609 8680
8610 8681
8611 8681
8612 8682
8613 8684
8614 8684
8615 8685
8616 8686
8617 8687
8618 8688
8619 8688
8620 8690
8621 8690
8622 8691
8623 8692
8624 8693
8625 8694
8626 8695
8627 8696
8628 8696
8629 8697
8630 8698
8631 8699
8632 8700
8633 8701
8634 8701
8635 8703
8636 8703
8637 8704
8638 8705
8639 8706
8640 8707
8641 8708
8642 8708
8643 8709
8644 8710
8645 8711
8646 8712
8647 8713
8648 8714
8649 8714
8650 8716
8651 8716
8652 8717
8653 8718
8654 8719
8655 8719
8656 8720
8657 8722
8658 8723
8659 8724
8660 8724
8661 8725
8662 8726
8663 8727
8664 8727
8665 8728
8666 8730
8667 8730
8668 8731
8669 8732
8670 8733
8671 8734
8672 8735
8673 8735
8674 8736
8675 8737
8676 8738
8677 8739
8678 8740
8679 8741
8680 8742
8681 8743
8682 8743
8683 8744
8684 8745
8685 8746
8686 8746
8687 8748
8688 8748
8689 8750
8690 8750
8691 8751
8692 8752
8693 8753
8694 8754
8695 8754
8696 8755
8697 8756
8698 8758
8699 8758
8700 8759
8701 8760
8702 8761
8703 8761
8704 8762
8705 8763
8706 8764
8707 8765
8708 8766
8709 8767
8710 8768
8711 8769
8712 8769
8713 8770
8714 8771
8715 8771
8716 8772
8717 8774
8718 8774
8719 8776
8720 8776
8721 8777
8722 8778
8723 8779
8724 8780
8725 8781
8726 8781
8727 8782
8728 8783
8729 8784
8730 8785
8731 8786
8732 8787
8733 8788
8734 8788
8735 8789
8736 8790
8737 8791
8738 8792
8739 8793
8740 8794
8741 8795
8742 8795
8743 8797
8744 8797
8745 8798
8746 8798
8747 8800
8748 8800
8749 8801
8750 8803
8751 8803
8752 8804
8753 8805
8754 8806
8755 8806
8756 8807
8757 8808
8758 8809
8759 8810
8760 8811
8761 8812
8762 8813
8763 8814
8764 8814
8765 8816
8766 8816
8767 8817
8768 8818
8769 8818
8770 8820
8771 8821
8772 8821
8773 8822
8774 8823
8775 8824
8776 8825
8777 8826
8778 8826
8779 8827
8780 8828
8781 8829
8782 8830
8783 8831
8784 8832
8785 8833
8786 8833
8787 8834
8788 8835
8789 8836
8790 8837
8791 8838
8792 8839
8793 8840
8794 8840
8795 8841
8796 8842
8797 8843
8798 8844
8799 8844
8800 8845
8801 8846
8802 8848
8803 8849
8804 8849
8805 8850
8806 8851
8807 8852
8808 8852
8809 8853
8810 8855
8811 8855
8812 8856
8813 8857
8814 8858
8815 8859
8816 8860
8817 8861
8818 8861
8819 8862
8820 8863
8821 8863
8822 8864
8823 8866
8824 8867
8825 8868
8826 8868
8827 8869
8828 8870
8829 8871
8830 8872
8831 8872
8832 8873
8833 8874
8834 8875
8835 8876
8836 8877
8837 8878
8838 8878
8839 8879
8840 8880
8841 8881
8842 8882
8843 8883
8844 8884
8845 8884
8846 8886
8847 8887
8848 8887
8849 8888
8850 8889
8851 8890
8852 8891
8853 8891
8854 8892
8855 8894
8856 8895
8857 8895
8858 8896
8859 8897
8860 8898
8861 8898
8862 8899
8863 8900
8864 8901
8865 8902
8866 8903
8867 8903
8868 8904
8869 8906
8870 8906
8871 8907
8872 8908
8873 8908
8874 8910
8875 8910
8876 8912
8877 8913
8878 8913
8879 8914
8880 8915
8881 8916
8882 8917
8883 8918
8884 8918
8885 8919
8886 8920
8887 8921
8888 8922
8889 8923
8890 8923
8891 8924
8892 8925
8893 8926
8894 8927
8895 8928
8896 8929
8897 8930
8898 8931
8899 8931
8900 8932
8901 8933
8902 8934
8903 8935
8904 8936
8905 8936
8906 8937
8907 8938
8908 8939
8909 8940
8910 8941
8911 8942
8912 8942
8913 8943
8914 8944
8915 8945
8916 8946
8917 8947
8918 8948
8919 8949
8920 8950
8921 8950
8922 8952
8923 8952
8924 8953
8925 8954
8926 8955
8927 8955
8928 8957
8929 8958
8930 8958
8931 8959
8932 8960
8933 8961
8934 8962
8935 8962
8936 8963
8937 8965
8938 8965
8939 8966
8940 8967
8941 8968
8942 8969
8943 8970
8944 8970
8945 8971
8946 8972
8947 8972
8948 8974
8949 8975
8950 8976
8951 8976
8952 8977
8953 8978
8954 8978
8955 8980
8956 8981
8957 8981
8958 8982
8959 8983
8960 8984
8961 8985
8962 8986
8963 8987
8964 8988
8965 8989
8966 8989
8967 8990
8968 8991
8969 8992
8970 8993
8971 8994
8972 8994
8973 8995
8974 8997
8975 8997
8976 8998
8977 8999
8978 9000
8979 9000
8980 9001
8981 9003
8982 9004
8983 9004
8984 9005
8985 9006
8986 9007
8987 9007
8988 9008
8989 9009
8990 9010
8991 9011
8992 9012
8993 9013
8994 9014
8995 9015
8996 9016
8997 9016
8998 9017
8999 9017
9000 9018
9001 9020
9002 9021
9003 9021
9004 9023
9005 9023
9006 9024
9007 9025
9008 9026
9009 9027
9010 9027
9011 9028
9012 9029
9013 9030
9014 9031
9015 9032
9016 9032
9017 9034
9018 9034
9019 9035
9020 9036
9021 9036
9022 9038
9023 9039
9024 9040
9025 9040
9026 9041
9027 9042
9028 9043
9029 9044
9030 9045
9031 9045
9032 9046
9033 9047
9034 9049
9035 9049
9036 9050
9037 9051
9038 9051
9039 9052
9040 9053
9041 9054
9042 9055
9043 9056
9044 9057
9045 9058
9046 9058
9047 9060
9048 9060
9049 9061
9050 9062
9051 9063
9052 9063
9053 9064
9054 9066
9055 9067
9056 9067
9057 9068
9058 9069
9059 9070
9060 9070
9061 9071
9062 9072
9063 9073
9064 9074
9065 9075
9066 9076
9067 9077
9068 9078
9069 9078
9070 9079
9071 9080
9072 9081
9073 9082
9074 9083
9075 9084
9076 9085
9077 9085
9078 9086
9079 9087
9080 9088
9081 9089
9082 9089
9083 9090
9084 9091
9085 9092
9086 9094
9087 9094
9088 9095
9089 9096
9090 9097
9091 9097
9092 9098
9093 9099
9094 9100
9095 9101
9096 9102
9097 9102
9098 9103
9099 9104
9100 9105
9101 9106
9102 9107
9103 9107
9104 9109
9105 9109
9106 9110
9107 9111
9108 9112
9109 9113
9110 9114
9111 9114
9112 9115
9113 9116
9114 9117
9115 9118
9116 9119
9117 9120
9118 9121
9119 9122
9120 9123
9121 9123
9122 9124
9123 9125
9124 9126
9125 9126
9126 9127
9127 9129
9128 9129
9129 9130
9130 9131
9131 9132
9132 9133
9133 9133
9134 9134
9135 9135
9136 9136
9137 9137
9138 9138
9139 9139
9140 9140
9141 9141
9142 9141
9143 9142
9144 9143
9145 9144
9146 9145
9147 9146
9148 9147
9149 9148
9150 9149
9151 9149
9152 9150
9153 9151
9154 9152
9155 9153
9156 9153
9157 9154
9158 9155
9159 9156
9160 9157
9161 9158
9162 9159
9163 9159
9164 9160
9165 9161
9166 9162
9167 9163
9168 9164
9169 9165
9170 9165
9171 9166
9172 9167
9173 9168
9174 9169
9175 9170
9176 9171
9177 9171
9178 9172
9179 9173
9180 9175
9181 9175
9182 9176
9183 9177
9184 9177
9185 9178
9186 9179
9187 9180
9188 9181
9189 9182
9190 9183
9191 9184
9192 9185
9193 9185
9194 9187
9195 9187
9196 9188
9197 9188
9198 9189
9199 9190
9200 9191
9201 9192
9202 9193
9203 9194
9204 9195
9205 9195
9206 9197
9207 9197
9208 9198
9209 9199
9210 9200
9211 9200
9212 9202
9213 9203
9214 9204
9215 9204
9216 9205
9217 9206
9218 9207
9219 9207
9220 9209
9221 9209
9222 9211
9223 9211
9224 9212
9225 9213
9226 9214
9227 9215
9228 9215
9229 9216
9230 9217
9231 9218
9232 9219
9233 9220
9234 9221
9235 9222
9236 9222
9237 9223
9238 9224
9239 9225
9240 9226
9241 9227
9242 9227
9243 9229
9244 9230
9245 9230
9246 9231
9247 9232
9248 9233
9249 9234
9250 9234
9251 9235
9252 9236
9253 9237
9254 9239
9255 9239
9256 9240
9257 9240
9258 9241
9259 9242
9260 9243
9261 9244
9262 9245
9263 9246
9264 9246
9265 9247
9266 9249
9267 9249
9268 9250
9269 9251
9270 9251
9271 9252
9272 9253
9273 9254
9274 9256
9275 9256
9276 9257
9277 9258
9278 9259
9279 9259
9280 9260
9281 9261
9282 9262
9283 9263
9284 9263
9285 9265
9286 9266
9287 9267
9288 9267
9289 9268
9290 9269
9291 9269
9292 9271
9293 9271
9294 9272
9295 9273
9296 9274
9297 9275
9298 9276
9299 9277
9300 9278
9301 9278
9302 9279
9303 9280
9304 9281
9305 9282
9306 9283
9307 9284
9308 9285
9309 9285
9310 9286
9311 9287
9312 9288
9313 9289
9314 9290
9315 9290
9316 9291
9317 9292
9318 9293
9319 9294
9320 9295
9321 9296
9322 9297
9323 9297
9324 9298
9325 9298
9326 9300
9327 9301
9328 9302
9329 9303
9330 9303
9331 9304
9332 9305
9333 9306
9334 9307
9335 9308
9336 9308
9337 9309
9338 9310
9339 9311
9340 9312
9341 9313
9342 9314
9343 9314
9344 9315
9345 9316
9346 9317
9347 9318
9348 9319
9349 9320
9350 9321
9351 9321
9352 9322
9353 9324
9354 9324
9355 9325
9356 9325
9357 9326
9358 9327
9359 9329
9360 9329
9361 9330
9362 9331
9363 9332
9364 9333
9365 9333
9366 9334
9367 9335
9368 9336
9369 9337
9370 9338
9371 9339
9372 9340
9373 9340
9374 9341
9375 9342
9376 9343
9377 9343
9378 9344
9379 9345
9380 9347
9381 9347
9382 9348
9383 9349
9384 9350
9385 9351
9386 9352
9387 9352
9388 9353
9389 9354
9390 9355
9391 9356
9392 9357
9393 9358
9394 9359
9395 9359
9396 9360
9397 9361
9398 9362
9399 9363
9400 9364
9401 9365
9402 9366
9403 9366
9404 9367
9405 9368
9406 9369
9407 9369
9408 9371
9409 9371
9410 9372
9411 9373
9412 9374
9413 9375
9414 9376
9415 9376
9416 9377
9417 9378
9418 9379
9419 9379
9420 9381
9421 9382
9422 9383
9423 9384
9424 9384
9425 9385
9426 9386
9427 9387
9428 9388
9429 9388
9430 9389
9431 9390
9432 9391
9433 9392
9434 9393
9435 9394
9436 9395
9437 9395
9438 9396
9439 9397
9440 9398
9441 9399
9442 9399
9443 9401
9444 9401
9445 9403
9446 9403
9447 9404
9448 9405
9449 9406
9450 9406
9451 9407
9452 9408
9453 9409
9454 9411
9455 9411
9456 9411
9457 9413
9458 9413
9459 9414
9460 9415
9461 9416
9462 9417
9463 9418
9464 9418
9465 9420
9466 9421
9467 9422
9468 9422
9469 9423
9470 9424
9471 9424
9472 9425
9473 9427
9474 9427
9475 9428
9476 9429
9477 9430
9478 9431
9479 9431
9480 9433
9481 9433
9482 9434
9483 9435
9484 9435
9485 9437
9486 9437
9487 9439
9488 9439
9489 9440
9490 9441
9491 9442
9492 9442
9493 9443
9494 9444
9495 9445
9496 9446
9497 9447
9498 9448
9499 9449
9500 9450
9501 9450
9502 9451
9503 9452
9504 9453
9505 9453
9506 9455
9507 9456
9508 9457
9509 9457
9510 9458
9511 9459
9512 9460
9513 9461
9514 9461
9515 9462
9516 9463
9517 9464
9518 9465
9519 9466
9520 9467
9521 9468
9522 9468
9523 9469
9524 9469
9525 9471
9526 9472
9527 9473
9528 9474
9529 9474
9530 9476
9531 9476
9532 9477
9533 9478
9534 9479
9535 9479
9536 9480
9537 9481
9538 9482
9539 9484
9540 9484
9541 9485
9542 9486
9543 9486
9544 9487
9545 9488
9546 9489
9547 9490
9548 9491
9549 9492
9550 9493
9551 9493
9552 9494
9553 9495
9554 9496
9555 9497
9556 9497
9557 9498
9558 9499
9559 9501
9560 9501
9561 9502
9562 9503
9563 9504
9564 9504
9565 9505
9566 9506
9567 9507
9568 9508
9569 9508
9570 9510
9571 9511
9572 9512
9573 9512
9574 9513
9575 9514
9576 9515
9577 9515
9578 9516
9579 9517
9580 9518
9581 9519
9582 9520
9583 9521
9584 9521
9585 9523
9586 9523
9587 9524
9588 9525
9589 9526
9590 9527
9591 9528
9592 9529
9593 9530
9594 9530
9595 9531
9596 9532
9597 9533
9598 9533
9599 9534
9600 9535
9601 9536
9602 9537
9603 9538
9604 9539
9605 9540
9606 9540
9607 9542
9608 9542
9609 9543
9610 9543
9611 9544
9612 9546
9613 9547
9614 9547
9615 9548
9616 9549
9617 9550
9618 9550
9619 9552
9620 9552
9621 9553
9622 9554
9623 9555
9624 9556
9625 9557
9626 9558
9627 9559
9628 9559
9629 9560
9630 9561
9631 9562
9632 9563
9633 9564
9634 9565
9635 9566
9636 9566
9637 9567
9638 9568
9639 9569
9640 9570
9641 9570
9642 9571
9643 9572
9644 9573
9645 9574
9646 9575
9647 9576
9648 9577
9649 9577
9650 9578
9651 9579
9652 9579
9653 9581
9654 9582
9655 9583
9656 9583
9657 9584
9658 9585
9659 9586
9660 9587
9661 9588
9662 9589
9663 9589
9664 9590
9665 9591
9666 9592
9667 9593
9668 9594
9669 9594
9670 9595
9671 9596
9672 9597
9673 9598
9674 9599
9675 9599
9676 9601
9677 9601
9678 9602
9679 9603
9680 9604
9681 9605
9682 9606
9683 9606
9684 9607
9685 9608
9686 9610
9687 9610
9688 9611
9689 9612
9690 9613
9691 9613
9692 9614
9693 9615
9694 9616
9695 9617
9696 9618
9697 9618
9698 9620
9699 9621
9700 9621
9701 9622
9702 9623
9703 9623
9704 9624
9705 9625
9706 9626
9707 9627
9708 9628
9709 9629
9710 9630
9711 9630
9712 9631
9713 9633
9714 9633
9715 9634
9716 9634
9717 9636
9718 9637
9719 9638
9720 9638
9721 9639
9722 9640
9723 9641
9724 9641
9725 9642
9726 9644
9727 9644
9728 9645
9729 9646
9730 9647
9731 9648
9732 9649
9733 9650
9734 9650
9735 9651
9736 9652
9737 9653
9738 9653
9739 9655
9740 9656
9741 9657
9742 9657
9743 9658
9744 9659
9745 9660
9746 9660
9747 9661
9748 9662
9749 9663
9750 9664
9751 9665
9752 9665
9753 9667
9754 9668
9755 9668
9756 9669
9757 9670
9758 9670
9759 9672
9760 9672
9761 9673
9762 9675
9763 9675
9764 9676
9765 9676
9766 9678
9767 9678
9768 9679
9769 9680
9770 9681
9771 9682
9772 9683
9773 9684
9774 9685
9775 9685
9776 9686
9777 9687
9778 9688
9779 9688
9780 9689
9781 9691
9782 9691
9783 9692
9784 9693
9785 9694
9786 9695
9787 9696
9788 9696
9789 9697
9790 9698
9791 9699
9792 9700
9793 9701
9794 9702
9795 9702
9796 9704
9797 9704
9798 9704
9799 9706
9800 9707
9801 9707
9802 9708
9803 9710
9804 9710
9805 9711
9806 9712
9807 9713
9808 9714
9809 9714
9810 9715
9811 9716
9812 9717
9813 9718
9814 9719
9815 9720
9816 9720
9817 9721
9818 9722
9819 9723
9820 9724
9821 9724
9822 9726
9823 9726
9824 9727
9825 9728
9826 9729
9827 9730
9828 9731
9829 9731
9830 9732
9831 9733
9832 9734
9833 9735
9834 9736
9835 9737
9836 9738
9837 9738
9838 9739
9839 9740
9840 9741
9841 9742
9842 9743
9843 9743
9844 9744
9845 9746
9846 9746
9847 9747
9848 9748
9849 9749
9850 9749
9851 9750
9852 9751
9853 9752
9854 9753
9855 9754
9856 9755
9857 9755
9858 9756
9859 9757
9860 9758
9861 9759
9862 9760
9863 9760
9864 9761
9865 9762
9866 9763
9867 9764
9868 9765
9869 9766
9870 9766
9871 9767
9872 9768
9873 9769
9874 9770
9875 9770
9876 9772
9877 9773
9878 9773
9879 9775
9880 9775
9881 9776
9882 9777
9883 9778
9884 9778
9885 9779
9886 9780
9887 9781
9888 9782
9889 9783
9890 9784
9891 9785
9892 9785
9893 9786
9894 9787
9895 9788
9896 9788
9897 9789
9898 9790
9899 9792
9900 9792
9901 9794
9902 9794
9903 9795
9904 9795
9905 9796
9906 9797
9907 9798
9908 9799
9909 9800
9910 9801
9911 9802
9912 9802
9913 9804
9914 9804
9915 9805
9916 9806
9917 9806
9918 9807
9919 9809
9920 9810
9921 9810
9922 9811
9923 9812
9924 9812
9925 9813
9926 9814
9927 9815
9928 9816
9929 9817
9930 9818
9931 9819
9932 9820
9933 9821
9934 9821
9935 9822
9936 9823
9937 9824
9938 9824
9939 9825
9940 9827
9941 9828
9942 9828
9943 9829
9944 9830
9945 9830
9946 9832
9947 9832
9948 9833
9949 9834
9950 9835
9951 9836
9952 9836
9953 9838
9954 9839
9955 9839
9956 9840
9957 9841
9958 9841
9959 9843
9960 9843
9961 9844
9962 9846
9963 9846
9964 9847
9965 9848
9966 9849
9967 9850
9968 9850
9969 9851
9970 9852
9971 9853
9972 9854
9973 9855
9974 9856
9975 9856
9976 9857
9977 9858
9978 9859
9979 9859
9980 9860
9981 9861
9982 9862
9983 9863
9984 9864
9985 9865
9986 9866
9987 9867
9988 9867
9989 9868
9990 9869
9991 9870
9992 9870
9993 9872
9994 9873
9995 9874
9996 9874
9997 9875
9998 9876
9999 9876
10000 9878
