1 1
2 1
3 2
4 1
5 3
6 2
7 4
8 1
9 5
10 3
11 6
12 2
13 7
14 4
15 8
16 1
17 9
18 5
19 10
20 3
21 11
22 6
23 12
24 2
25 13
26 7
27 14
28 4
29 15
30 8
31 16
32 1
33 17
34 9
35 18
36 5
37 19
38 10
39 20
40 3
41 21
42 11
43 22
44 6
45 23
46 12
47 24
48 2
49 25
50 13
51 26
52 7
53 27
54 14
55 28
56 4
57 29
58 15
59 30
60 8
61 31
62 16
63 32
64 1
65 33
66 17
67 34
68 9
69 35
70 18
71 36
72 5
73 37
74 19
75 38
76 10
77 39
78 20
79 40
80 3
81 41
82 21
83 42
84 11
85 43
86 22
87 44
88 6
89 45
90 23
91 46
92 12
93 47
94 24
95 48
96 2
97 49
98 25
99 50
100 13
101 51
102 26
103 52
104 7
105 53
106 27
107 54
108 14
109 55
110 28
111 56
112 4
113 57
114 29
115 58
116 15
117 59
118 30
119 60
120 8
121 61
122 31
123 62
124 16
125 63
126 32
127 64
128 1
129 65
130 33
131 66
132 17
133 67
134 34
135 68
136 9
137 69
138 35
139 70
140 18
141 71
142 36
143 72
144 5
145 73
146 37
147 74
148 19
149 75
150 38
151 76
152 10
153 77
154 39
155 78
156 20
157 79
158 40
159 80
160 3
161 81
162 41
163 82
164 21
165 83
166 42
167 84
168 11
169 85
170 43
171 86
172 22
173 87
174 44
175 88
176 6
177 89
178 45
179 90
180 23
181 91
182 46
183 92
184 12
185 93
186 47
187 94
188 24
189 95
190 48
191 96
192 2
193 97
194 49
195 98
196 25
197 99
198 50
199 100
200 13
201 101
202 51
203 102
204 26
205 103
206 52
207 104
208 7
209 105
210 53
211 106
212 27
213 107
214 54
215 108
216 14
217 109
218 55
219 110
220 28
221 111
222 56
223 112
224 4
225 113
226 57
227 114
228 29
229 115
230 58
231 116
232 15
233 117
234 59
235 118
236 30
237 119
238 60
239 120
240 8
241 121
242 61
243 122
244 31
245 123
246 62
247 124
248 16
249 125
250 63
251 126
252 32
253 127
254 64
255 128
256 1
257 129
258 65
259 130
260 33
261 131
262 66
263 132
264 17
265 133
266 67
267 134
268 34
269 135
270 68
271 136
272 9
273 137
274 69
275 138
276 35
277 139
278 70
279 140
280 18
281 141
282 71
283 142
284 36
285 143
286 72
287 144
288 5
289 145
290 73
291 146
292 37
293 147
294 74
295 148
296 19
297 149
298 75
299 150
300 38
301 151
302 76
303 152
304 10
305 153
306 77
307 154
308 39
309 155
310 78
311 156
312 20
313 157
314 79
315 158
316 40
317 159
318 80
319 160
320 3
321 161
322 81
323 162
324 41
325 163
326 82
327 164
328 21
329 165
330 83
331 166
332 42
333 167
334 84
335 168
336 11
337 169
338 85
339 170
340 43
341 171
342 86
343 172
344 22
345 173
346 87
347 174
348 44
349 175
350 88
351 176
352 6
353 177
354 89
355 178
356 45
357 179
358 90
359 180
360 23
361 181
362 91
363 182
364 46
365 183
366 92
367 184
368 12
369 185
370 93
371 186
372 47
373 187
374 94
375 188
376 24
377 189
378 95
379 190
380 48
381 191
382 96
383 192
384 2
385 193
386 97
387 194
388 49
389 195
390 98
391 196
392 25
393 197
394 99
395 198
396 50
397 199
398 100
399 200
400 13
401 201
402 101
403 202
404 51
405 203
406 102
407 204
408 26
409 205
410 103
411 206
412 52
413 207
414 104
415 208
416 7
417 209
418 105
419 210
420 53
421 211
422 106
423 212
424 27
425 213
426 107
427 214
428 54
429 215
430 108
431 216
432 14
433 217
434 109
435 218
436 55
437 219
438 110
439 220
440 28
441 221
442 111
443 222
444 56
445 223
446 112
447 224
448 4
449 225
450 113
451 226
452 57
453 227
454 114
455 228
456 29
457 229
458 115
459 230
460 58
461 231
462 116
463 232
464 15
465 233
466 117
467 234
468 59
469 235
470 118
471 236
472 30
473 237
474 119
475 238
476 60
477 239
478 120
479 240
480 8
481 241
482 121
483 242
484 61
485 243
486 122
487 244
488 31
489 245
490 123
491 246
492 62
493 247
494 124
495 248
496 16
497 249
498 125
499 250
500 63
501 251
502 126
503 252
504 32
505 253
506 127
507 254
508 64
509 255
510 128
511 256
512 1
513 257
514 129
515 258
516 65
517 259
518 130
519 260
520 33
521 261
522 131
523 262
524 66
525 263
526 132
527 264
528 17
529 265
530 133
531 266
532 67
533 267
534 134
535 268
536 34
537 269
538 135
539 270
540 68
541 271
542 136
543 272
544 9
545 273
546 137
547 274
548 69
549 275
550 138
551 276
552 35
553 277
554 139
555 278
556 70
557 279
558 140
559 280
560 18
561 281
562 141
563 282
564 71
565 283
566 142
567 284
568 36
569 285
570 143
571 286
572 72
573 287
574 144
575 288
576 5
577 289
578 145
579 290
580 73
581 291
582 146
583 292
584 37
585 293
586 147
587 294
588 74
589 295
590 148
591 296
592 19
593 297
594 149
595 298
596 75
597 299
598 150
599 300
600 38
601 301
602 151
603 302
604 76
605 303
606 152
607 304
608 10
609 305
610 153
611 306
612 77
613 307
614 154
615 308
616 39
617 309
618 155
619 310
620 78
621 311
622 156
623 312
624 20
625 313
626 157
627 314
628 79
629 315
630 158
631 316
632 40
633 317
634 159
635 318
636 80
637 319
638 160
639 320
640 3
641 321
642 161
643 322
644 81
645 323
646 162
647 324
648 41
649 325
650 163
651 326
652 82
653 327
654 164
655 328
656 21
657 329
658 165
659 330
660 83
661 331
662 166
663 332
664 42
665 333
666 167
667 334
668 84
669 335
670 168
671 336
672 11
673 337
674 169
675 338
676 85
677 339
678 170
679 340
680 43
681 341
682 171
683 342
684 86
685 343
686 172
687 344
688 22
689 345
690 173
691 346
692 87
693 347
694 174
695 348
696 44
697 349
698 175
699 350
700 88
701 351
702 176
703 352
704 6
705 353
706 177
707 354
708 89
709 355
710 178
711 356
712 45
713 357
714 179
715 358
716 90
717 359
718 180
719 360
720 23
721 361
722 181
723 362
724 91
725 363
726 182
727 364
728 46
729 365
730 183
731 366
732 92
733 367
734 184
735 368
736 12
737 369
738 185
739 370
740 93
741 371
742 186
743 372
744 47
745 373
746 187
747 374
748 94
749 375
750 188
751 376
752 24
753 377
754 189
755 378
756 95
757 379
758 190
759 380
760 48
761 381
762 191
763 382
764 96
765 383
766 192
767 384
768 2
769 385
770 193
771 386
772 97
773 387
774 194
775 388
776 49
777 389
778 195
779 390
780 98
781 391
782 196
783 392
784 25
785 393
786 197
787 394
788 99
789 395
790 198
791 396
792 50
793 397
794 199
795 398
796 100
797 399
798 200
799 400
800 13
801 401
802 201
803 402
804 101
805 403
806 202
807 404
808 51
809 405
810 203
811 406
812 102
813 407
814 204
815 408
816 26
817 409
818 205
819 410
820 103
821 411
822 206
823 412
824 52
825 413
826 207
827 414
828 104
829 415
830 208
831 416
832 7
833 417
834 209
835 418
836 105
837 419
838 210
839 420
840 53
841 421
842 211
843 422
844 106
845 423
846 212
847 424
848 27
849 425
850 213
851 426
852 107
853 427
854 214
855 428
856 54
857 429
858 215
859 430
860 108
861 431
862 216
863 432
864 14
865 433
866 217
867 434
868 109
869 435
870 218
871 436
872 55
873 437
874 219
875 438
876 110
877 439
878 220
879 440
880 28
881 441
882 221
883 442
884 111
885 443
886 222
887 444
888 56
889 445
890 223
891 446
892 112
893 447
894 224
895 448
896 4
897 449
898 225
899 450
900 113
901 451
902 226
903 452
904 57
905 453
906 227
907 454
908 114
909 455
910 228
911 456
912 29
913 457
914 229
915 458
916 115
917 459
918 230
919 460
920 58
921 461
922 231
923 462
924 116
925 463
926 232
927 464
928 15
929 465
930 233
931 466
932 117
933 467
934 234
935 468
936 59
937 469
938 235
939 470
940 118
941 471
942 236
943 472
944 30
945 473
946 237
947 474
948 119
949 475
950 238
951 476
952 60
953 477
954 239
955 478
956 120
957 479
958 240
959 480
960 8
961 481
962 241
963 482
964 121
965 483
966 242
967 484
968 61
969 485
970 243
971 486
972 122
973 487
974 244
975 488
976 31
977 489
978 245
979 490
980 123
981 491
982 246
983 492
984 62
985 493
986 247
987 494
988 124
989 495
990 248
991 496
992 16
993 497
994 249
995 498
996 125
997 499
998 250
999 500
1000 63
1001 501
1002 251
1003 502
1004 126
1005 503
1006 252
1007 504
1008 32
1009 505
1010 253
1011 506
1012 127
1013 507
1014 254
1015 508
1016 64
1017 509
1018 255
1019 510
1020 128
1021 511
1022 256
1023 512
1024 1
1025 513
1026 257
1027 514
1028 129
1029 515
1030 258
1031 516
1032 65
1033 517
1034 259
1035 518
1036 130
1037 519
1038 260
1039 520
1040 33
1041 521
1042 261
1043 522
1044 131
1045 523
1046 262
1047 524
1048 66
1049 525
1050 263
1051 526
1052 132
1053 527
1054 264
1055 528
1056 17
1057 529
1058 265
1059 530
1060 133
1061 531
1062 266
1063 532
1064 67
1065 533
1066 267
1067 534
1068 134
1069 535
1070 268
1071 536
1072 34
1073 537
1074 269
1075 538
1076 135
1077 539
1078 270
1079 540
1080 68
1081 541
1082 271
1083 542
1084 136
1085 543
1086 272
1087 544
1088 9
1089 545
1090 273
1091 546
1092 137
1093 547
1094 274
1095 548
1096 69
1097 549
1098 275
1099 550
1100 138
1101 551
1102 276
1103 552
1104 35
1105 553
1106 277
1107 554
1108 139
1109 555
1110 278
1111 556
1112 70
1113 557
1114 279
1115 558
1116 140
1117 559
1118 280
1119 560
1120 18
1121 561
1122 281
1123 562
1124 141
1125 563
1126 282
1127 564
1128 71
1129 565
1130 283
1131 566
1132 142
1133 567
1134 284
1135 568
1136 36
1137 569
1138 285
1139 570
1140 143
1141 571
1142 286
1143 572
1144 72
1145 573
1146 287
1147 574
1148 144
1149 575
1150 288
1151 576
1152 5
1153 577
1154 289
1155 578
1156 145
1157 579
1158 290
1159 580
1160 73
1161 581
1162 291
1163 582
1164 146
1165 583
1166 292
1167 584
1168 37
1169 585
1170 293
1171 586
1172 147
1173 587
1174 294
1175 588
1176 74
1177 589
1178 295
1179 590
1180 148
1181 591
1182 296
1183 592
1184 19
1185 593
1186 297
1187 594
1188 149
1189 595
1190 298
1191 596
1192 75
1193 597
1194 299
1195 598
1196 150
1197 599
1198 300
1199 600
1200 38
1201 601
1202 301
1203 602
1204 151
1205 603
1206 302
1207 604
1208 76
1209 605
1210 303
1211 606
1212 152
1213 607
1214 304
1215 608
1216 10
1217 609
1218 305
1219 610
1220 153
1221 611
1222 306
1223 612
1224 77
1225 613
1226 307
1227 614
1228 154
1229 615
1230 308
1231 616
1232 39
1233 617
1234 309
1235 618
1236 155
1237 619
1238 310
1239 620
1240 78
1241 621
1242 311
1243 622
1244 156
1245 623
1246 312
1247 624
1248 20
1249 625
1250 313
1251 626
1252 157
1253 627
1254 314
1255 628
1256 79
1257 629
1258 315
1259 630
1260 158
1261 631
1262 316
1263 632
1264 40
1265 633
1266 317
1267 634
1268 159
1269 635
1270 318
1271 636
1272 80
1273 637
1274 319
1275 638
1276 160
1277 639
1278 320
1279 640
1280 3
1281 641
1282 321
1283 642
1284 161
1285 643
1286 322
1287 644
1288 81
1289 645
1290 323
1291 646
1292 162
1293 647
1294 324
1295 648
1296 41
1297 649
1298 325
1299 650
1300 163
1301 651
1302 326
1303 652
1304 82
1305 653
1306 327
1307 654
1308 164
1309 655
1310 328
1311 656
1312 21
1313 657
1314 329
1315 658
1316 165
1317 659
1318 330
1319 660
1320 83
1321 661
1322 331
1323 662
1324 166
1325 663
1326 332
1327 664
1328 42
1329 665
1330 333
1331 666
1332 167
1333 667
1334 334
1335 668
1336 84
1337 669
1338 335
1339 670
1340 168
1341 671
1342 336
1343 672
1344 11
1345 673
1346 337
1347 674
1348 169
1349 675
1350 338
1351 676
1352 85
1353 677
1354 339
1355 678
1356 170
1357 679
1358 340
1359 680
1360 43
1361 681
1362 341
1363 682
1364 171
1365 683
1366 342
1367 684
1368 86
1369 685
1370 343
1371 686
1372 172
1373 687
1374 344
1375 688
1376 22
1377 689
1378 345
1379 690
1380 173
1381 691
1382 346
1383 692
1384 87
1385 693
1386 347
1387 694
1388 174
1389 695
1390 348
1391 696
1392 44
1393 697
1394 349
1395 698
1396 175
1397 699
1398 350
1399 700
1400 88
1401 701
1402 351
1403 702
1404 176
1405 703
1406 352
1407 704
1408 6
1409 705
1410 353
1411 706
1412 177
1413 707
1414 354
1415 708
1416 89
1417 709
1418 355
1419 710
1420 178
1421 711
1422 356
1423 712
1424 45
1425 713
1426 357
1427 714
1428 179
1429 715
1430 358
1431 716
1432 90
1433 717
1434 359
1435 718
1436 180
1437 719
1438 360
1439 720
1440 23
1441 721
1442 361
1443 722
1444 181
1445 723
1446 362
1447 724
1448 91
1449 725
1450 363
1451 726
1452 182
1453 727
1454 364
1455 728
1456 46
1457 729
1458 365
1459 730
1460 183
1461 731
1462 366
1463 732
1464 92
1465 733
1466 367
1467 734
1468 184
1469 735
1470 368
1471 736
1472 12
1473 737
1474 369
1475 738
1476 185
1477 739
1478 370
1479 740
1480 93
1481 741
1482 371
1483 742
1484 186
1485 743
1486 372
1487 744
1488 47
1489 745
1490 373
1491 746
1492 187
1493 747
1494 374
1495 748
1496 94
1497 749
1498 375
1499 750
1500 188
1501 751
1502 376
1503 752
1504 24
1505 753
1506 377
1507 754
1508 189
1509 755
1510 378
1511 756
1512 95
1513 757
1514 379
1515 758
1516 190
1517 759
1518 380
1519 760
1520 48
1521 761
1522 381
1523 762
1524 191
1525 763
1526 382
1527 764
1528 96
1529 765
1530 383
1531 766
1532 192
1533 767
1534 384
1535 768
1536 2
1537 769
1538 385
1539 770
1540 193
1541 771
1542 386
1543 772
1544 97
1545 773
1546 387
1547 774
1548 194
1549 775
1550 388
1551 776
1552 49
1553 777
1554 389
1555 778
1556 195
1557 779
1558 390
1559 780
1560 98
1561 781
1562 391
1563 782
1564 196
1565 783
1566 392
1567 784
1568 25
1569 785
1570 393
1571 786
1572 197
1573 787
1574 394
1575 788
1576 99
1577 789
1578 395
1579 790
1580 198
1581 791
1582 396
1583 792
1584 50
1585 793
1586 397
1587 794
1588 199
1589 795
1590 398
1591 796
1592 100
1593 797
1594 399
1595 798
1596 200
1597 799
1598 400
1599 800
1600 13
1601 801
1602 401
1603 802
1604 201
1605 803
1606 402
1607 804
1608 101
1609 805
1610 403
1611 806
1612 202
1613 807
1614 404
1615 808
1616 51
1617 809
1618 405
1619 810
1620 203
1621 811
1622 406
1623 812
1624 102
1625 813
1626 407
1627 814
1628 204
1629 815
1630 408
1631 816
1632 26
1633 817
1634 409
1635 818
1636 205
1637 819
1638 410
1639 820
1640 103
1641 821
1642 411
1643 822
1644 206
1645 823
1646 412
1647 824
1648 52
1649 825
1650 413
1651 826
1652 207
1653 827
1654 414
1655 828
1656 104
1657 829
1658 415
1659 830
1660 208
1661 831
1662 416
1663 832
1664 7
1665 833
1666 417
1667 834
1668 209
1669 835
1670 418
1671 836
1672 105
1673 837
1674 419
1675 838
1676 210
1677 839
1678 420
1679 840
1680 53
1681 841
1682 421
1683 842
1684 211
1685 843
1686 422
1687 844
1688 106
1689 845
1690 423
1691 846
1692 212
1693 847
1694 424
1695 848
1696 27
1697 849
1698 425
1699 850
1700 213
1701 851
1702 426
1703 852
1704 107
1705 853
1706 427
1707 854
1708 214
1709 855
1710 428
1711 856
1712 54
1713 857
1714 429
1715 858
1716 215
1717 859
1718 430
1719 860
1720 108
1721 861
1722 431
1723 862
1724 216
1725 863
1726 432
1727 864
1728 14
1729 865
1730 433
1731 866
1732 217
1733 867
1734 434
1735 868
1736 109
1737 869
1738 435
1739 870
1740 218
1741 871
1742 436
1743 872
1744 55
1745 873
1746 437
1747 874
1748 219
1749 875
1750 438
1751 876
1752 110
1753 877
1754 439
1755 878
1756 220
1757 879
1758 440
1759 880
1760 28
1761 881
1762 441
1763 882
1764 221
1765 883
1766 442
1767 884
1768 111
1769 885
1770 443
1771 886
1772 222
1773 887
1774 444
1775 888
1776 56
1777 889
1778 445
1779 890
1780 223
1781 891
1782 446
1783 892
1784 112
1785 893
1786 447
1787 894
1788 224
1789 895
1790 448
1791 896
1792 4
1793 897
1794 449
1795 898
1796 225
1797 899
1798 450
1799 900
1800 113
1801 901
1802 451
1803 902
1804 226
1805 903
1806 452
1807 904
1808 57
1809 905
1810 453
1811 906
1812 227
1813 907
1814 454
1815 908
1816 114
1817 909
1818 455
1819 910
1820 228
1821 911
1822 456
1823 912
1824 29
1825 913
1826 457
1827 914
1828 229
1829 915
1830 458
1831 916
1832 115
1833 917
1834 459
1835 918
1836 230
1837 919
1838 460
1839 920
1840 58
1841 921
1842 461
1843 922
1844 231
1845 923
1846 462
1847 924
1848 116
1849 925
1850 463
1851 926
1852 232
1853 927
1854 464
1855 928
1856 15
1857 929
1858 465
1859 930
1860 233
1861 931
1862 466
1863 932
1864 117
1865 933
1866 467
1867 934
1868 234
1869 935
1870 468
1871 936
1872 59
1873 937
1874 469
1875 938
1876 235
1877 939
1878 470
1879 940
1880 118
1881 941
1882 471
1883 942
1884 236
1885 943
1886 472
1887 944
1888 30
1889 945
1890 473
1891 946
1892 237
1893 947
1894 474
1895 948
1896 119
1897 949
1898 475
1899 950
1900 238
1901 951
1902 476
1903 952
1904 60
1905 953
1906 477
1907 954
1908 239
1909 955
1910 478
1911 956
1912 120
1913 957
1914 479
1915 958
1916 240
1917 959
1918 480
1919 960
1920 8
1921 961
1922 481
1923 962
1924 241
1925 963
1926 482
1927 964
1928 121
1929 965
1930 483
1931 966
1932 242
1933 967
1934 484
1935 968
1936 61
1937 969
1938 485
1939 970
1940 243
1941 971
1942 486
1943 972
1944 122
1945 973
1946 487
1947 974
1948 244
1949 975
1950 488
1951 976
1952 31
1953 977
1954 489
1955 978
1956 245
1957 979
1958 490
1959 980
1960 123
1961 981
1962 491
1963 982
1964 246
1965 983
1966 492
1967 984
1968 62
1969 985
1970 493
1971 986
1972 247
1973 987
1974 494
1975 988
1976 124
1977 989
1978 495
1979 990
1980 248
1981 991
1982 496
1983 992
1984 16
1985 993
1986 497
1987 994
1988 249
1989 995
1990 498
1991 996
1992 125
1993 997
1994 499
1995 998
1996 250
1997 999
1998 500
1999 1000
2000 63
2001 1001
2002 501
2003 1002
2004 251
2005 1003
2006 502
2007 1004
2008 126
2009 1005
2010 503
2011 1006
2012 252
2013 1007
2014 504
2015 1008
2016 32
2017 1009
2018 505
2019 1010
2020 253
2021 1011
2022 506
2023 1012
2024 127
2025 1013
2026 507
2027 1014
2028 254
2029 1015
2030 508
2031 1016
2032 64
2033 1017
2034 509
2035 1018
2036 255
2037 1019
2038 510
2039 1020
2040 128
2041 1021
2042 511
2043 1022
2044 256
2045 1023
2046 512
2047 1024
2048 1
2049 1025
2050 513
2051 1026
2052 257
2053 1027
2054 514
2055 1028
2056 129
2057 1029
2058 515
2059 1030
2060 258
2061 1031
2062 516
2063 1032
2064 65
2065 1033
2066 517
2067 1034
2068 259
2069 1035
2070 518
2071 1036
2072 130
2073 1037
2074 519
2075 1038
2076 260
2077 1039
2078 520
2079 1040
2080 33
2081 1041
2082 521
2083 1042
2084 261
2085 1043
2086 522
2087 1044
2088 131
2089 1045
2090 523
2091 1046
2092 262
2093 1047
2094 524
2095 1048
2096 66
2097 1049
2098 525
2099 1050
2100 263
2101 1051
2102 526
2103 1052
2104 132
2105 1053
2106 527
2107 1054
2108 264
2109 1055
2110 528
2111 1056
2112 17
2113 1057
2114 529
2115 1058
2116 265
2117 1059
2118 530
2119 1060
2120 133
2121 1061
2122 531
2123 1062
2124 266
2125 1063
2126 532
2127 1064
2128 67
2129 1065
2130 533
2131 1066
2132 267
2133 1067
2134 534
2135 1068
2136 134
2137 1069
2138 535
2139 1070
2140 268
2141 1071
2142 536
2143 1072
2144 34
2145 1073
2146 537
2147 1074
2148 269
2149 1075
2150 538
2151 1076
2152 135
2153 1077
2154 539
2155 1078
2156 270
2157 1079
2158 540
2159 1080
2160 68
2161 1081
2162 541
2163 1082
2164 271
2165 1083
2166 542
2167 1084
2168 136
2169 1085
2170 543
2171 1086
2172 272
2173 1087
2174 544
2175 1088
2176 9
2177 1089
2178 545
2179 1090
2180 273
2181 1091
2182 546
2183 1092
2184 137
2185 1093
2186 547
2187 1094
2188 274
2189 1095
2190 548
2191 1096
2192 69
2193 1097
2194 549
2195 1098
2196 275
2197 1099
2198 550
2199 1100
2200 138
2201 1101
2202 551
2203 1102
2204 276
2205 1103
2206 552
2207 1104
2208 35
2209 1105
2210 553
2211 1106
2212 277
2213 1107
2214 554
2215 1108
2216 139
2217 1109
2218 555
2219 1110
2220 278
2221 1111
2222 556
2223 1112
2224 70
2225 1113
2226 557
2227 1114
2228 279
2229 1115
2230 558
2231 1116
2232 140
2233 1117
2234 559
2235 1118
2236 280
2237 1119
2238 560
2239 1120
2240 18
2241 1121
2242 561
2243 1122
2244 281
2245 1123
2246 562
2247 1124
2248 141
2249 1125
2250 563
2251 1126
2252 282
2253 1127
2254 564
2255 1128
2256 71
2257 1129
2258 565
2259 1130
2260 283
2261 1131
2262 566
2263 1132
2264 142
2265 1133
2266 567
2267 1134
2268 284
2269 1135
2270 568
2271 1136
2272 36
2273 1137
2274 569
2275 1138
2276 285
2277 1139
2278 570
2279 1140
2280 143
2281 1141
2282 571
2283 1142
2284 286
2285 1143
2286 572
2287 1144
2288 72
2289 1145
2290 573
2291 1146
2292 287
2293 1147
2294 574
2295 1148
2296 144
2297 1149
2298 575
2299 1150
2300 288
2301 1151
2302 576
2303 1152
2304 5
2305 1153
2306 577
2307 1154
2308 289
2309 1155
2310 578
2311 1156
2312 145
2313 1157
2314 579
2315 1158
2316 290
2317 1159
2318 580
2319 1160
2320 73
2321 1161
2322 581
2323 1162
2324 291
2325 1163
2326 582
2327 1164
2328 146
2329 1165
2330 583
2331 1166
2332 292
2333 1167
2334 584
2335 1168
2336 37
2337 1169
2338 585
2339 1170
2340 293
2341 1171
2342 586
2343 1172
2344 147
2345 1173
2346 587
2347 1174
2348 294
2349 1175
2350 588
2351 1176
2352 74
2353 1177
2354 589
2355 1178
2356 295
2357 1179
2358 590
2359 1180
2360 148
2361 1181
2362 591
2363 1182
2364 296
2365 1183
2366 592
2367 1184
2368 19
2369 1185
2370 593
2371 1186
2372 297
2373 1187
2374 594
2375 1188
2376 149
2377 1189
2378 595
2379 1190
2380 298
2381 1191
2382 596
2383 1192
2384 75
2385 1193
2386 597
2387 1194
2388 299
2389 1195
2390 598
2391 1196
2392 150
2393 1197
2394 599
2395 1198
2396 300
2397 1199
2398 600
2399 1200
2400 38
2401 1201
2402 601
2403 1202
2404 301
2405 1203
2406 602
2407 1204
2408 151
2409 1205
2410 603
2411 1206
2412 302
2413 1207
2414 604
2415 1208
2416 76
2417 1209
2418 605
2419 1210
2420 303
2421 1211
2422 606
2423 1212
2424 152
2425 1213
2426 607
2427 1214
2428 304
2429 1215
2430 608
2431 1216
2432 10
2433 1217
2434 609
2435 1218
2436 305
2437 1219
2438 610
2439 1220
2440 153
2441 1221
2442 611
2443 1222
2444 306
2445 1223
2446 612
2447 1224
2448 77
2449 1225
2450 613
2451 1226
2452 307
2453 1227
2454 614
2455 1228
2456 154
2457 1229
2458 615
2459 1230
2460 308
2461 1231
2462 616
2463 1232
2464 39
2465 1233
2466 617
2467 1234
2468 309
2469 1235
2470 618
2471 1236
2472 155
2473 1237
2474 619
2475 1238
2476 310
2477 1239
2478 620
2479 1240
2480 78
2481 1241
2482 621
2483 1242
2484 311
2485 1243
2486 622
2487 1244
2488 156
2489 1245
2490 623
2491 1246
2492 312
2493 1247
2494 624
2495 1248
2496 20
2497 1249
2498 625
2499 1250
2500 313
2501 1251
2502 626
2503 1252
2504 157
2505 1253
2506 627
2507 1254
2508 314
2509 1255
2510 628
2511 1256
2512 79
2513 1257
2514 629
2515 1258
2516 315
2517 1259
2518 630
2519 1260
2520 158
2521 1261
2522 631
2523 1262
2524 316
2525 1263
2526 632
2527 1264
2528 40
2529 1265
2530 633
2531 1266
2532 317
2533 1267
2534 634
2535 1268
2536 159
2537 1269
2538 635
2539 1270
2540 318
2541 1271
2542 636
2543 1272
2544 80
2545 1273
2546 637
2547 1274
2548 319
2549 1275
2550 638
2551 1276
2552 160
2553 1277
2554 639
2555 1278
2556 320
2557 1279
2558 640
2559 1280
2560 3
2561 1281
2562 641
2563 1282
2564 321
2565 1283
2566 642
2567 1284
2568 161
2569 1285
2570 643
2571 1286
2572 322
2573 1287
2574 644
2575 1288
2576 81
2577 1289
2578 645
2579 1290
2580 323
2581 1291
2582 646
2583 1292
2584 162
2585 1293
2586 647
2587 1294
2588 324
2589 1295
2590 648
2591 1296
2592 41
2593 1297
2594 649
2595 1298
2596 325
2597 1299
2598 650
2599 1300
2600 163
2601 1301
2602 651
2603 1302
2604 326
2605 1303
2606 652
2607 1304
2608 82
2609 1305
2610 653
2611 1306
2612 327
2613 1307
2614 654
2615 1308
2616 164
2617 1309
2618 655
2619 1310
2620 328
2621 1311
2622 656
2623 1312
2624 21
2625 1313
2626 657
2627 1314
2628 329
2629 1315
2630 658
2631 1316
2632 165
2633 1317
2634 659
2635 1318
2636 330
2637 1319
2638 660
2639 1320
2640 83
2641 1321
2642 661
2643 1322
2644 331
2645 1323
2646 662
2647 1324
2648 166
2649 1325
2650 663
2651 1326
2652 332
2653 1327
2654 664
2655 1328
2656 42
2657 1329
2658 665
2659 1330
2660 333
2661 1331
2662 666
2663 1332
2664 167
2665 1333
2666 667
2667 1334
2668 334
2669 1335
2670 668
2671 1336
2672 84
2673 1337
2674 669
2675 1338
2676 335
2677 1339
2678 670
2679 1340
2680 168
2681 1341
2682 671
2683 1342
2684 336
2685 1343
2686 672
2687 1344
2688 11
2689 1345
2690 673
2691 1346
2692 337
2693 1347
2694 674
2695 1348
2696 169
2697 1349
2698 675
2699 1350
2700 338
2701 1351
2702 676
2703 1352
2704 85
2705 1353
2706 677
2707 1354
2708 339
2709 1355
2710 678
2711 1356
2712 170
2713 1357
2714 679
2715 1358
2716 340
2717 1359
2718 680
2719 1360
2720 43
2721 1361
2722 681
2723 1362
2724 341
2725 1363
2726 682
2727 1364
2728 171
2729 1365
2730 683
2731 1366
2732 342
2733 1367
2734 684
2735 1368
2736 86
2737 1369
2738 685
2739 1370
2740 343
2741 1371
2742 686
2743 1372
2744 172
2745 1373
2746 687
2747 1374
2748 344
2749 1375
2750 688
2751 1376
2752 22
2753 1377
2754 689
2755 1378
2756 345
2757 1379
2758 690
2759 1380
2760 173
2761 1381
2762 691
2763 1382
2764 346
2765 1383
2766 692
2767 1384
2768 87
2769 1385
2770 693
2771 1386
2772 347
2773 1387
2774 694
2775 1388
2776 174
2777 1389
2778 695
2779 1390
2780 348
2781 1391
2782 696
2783 1392
2784 44
2785 1393
2786 697
2787 1394
2788 349
2789 1395
2790 698
2791 1396
2792 175
2793 1397
2794 699
2795 1398
2796 350
2797 1399
2798 700
2799 1400
2800 88
2801 1401
2802 701
2803 1402
2804 351
2805 1403
2806 702
2807 1404
2808 176
2809 1405
2810 703
2811 1406
2812 352
2813 1407
2814 704
2815 1408
2816 6
2817 1409
2818 705
2819 1410
2820 353
2821 1411
2822 706
2823 1412
2824 177
2825 1413
2826 707
2827 1414
2828 354
2829 1415
2830 708
2831 1416
2832 89
2833 1417
2834 709
2835 1418
2836 355
2837 1419
2838 710
2839 1420
2840 178
2841 1421
2842 711
2843 1422
2844 356
2845 1423
2846 712
2847 1424
2848 45
2849 1425
2850 713
2851 1426
2852 357
2853 1427
2854 714
2855 1428
2856 179
2857 1429
2858 715
2859 1430
2860 358
2861 1431
2862 716
2863 1432
2864 90
2865 1433
2866 717
2867 1434
2868 359
2869 1435
2870 718
2871 1436
2872 180
2873 1437
2874 719
2875 1438
2876 360
2877 1439
2878 720
2879 1440
2880 23
2881 1441
2882 721
2883 1442
2884 361
2885 1443
2886 722
2887 1444
2888 181
2889 1445
2890 723
2891 1446
2892 362
2893 1447
2894 724
2895 1448
2896 91
2897 1449
2898 725
2899 1450
2900 363
2901 1451
2902 726
2903 1452
2904 182
2905 1453
2906 727
2907 1454
2908 364
2909 1455
2910 728
2911 1456
2912 46
2913 1457
2914 729
2915 1458
2916 365
2917 1459
2918 730
2919 1460
2920 183
2921 1461
2922 731
2923 1462
2924 366
2925 1463
2926 732
2927 1464
2928 92
2929 1465
2930 733
2931 1466
2932 367
2933 1467
2934 734
2935 1468
2936 184
2937 1469
2938 735
2939 1470
2940 368
2941 1471
2942 736
2943 1472
2944 12
2945 1473
2946 737
2947 1474
2948 369
2949 1475
2950 738
2951 1476
2952 185
2953 1477
2954 739
2955 1478
2956 370
2957 1479
2958 740
2959 1480
2960 93
2961 1481
2962 741
2963 1482
2964 371
2965 1483
2966 742
2967 1484
2968 186
2969 1485
2970 743
2971 1486
2972 372
2973 1487
2974 744
2975 1488
2976 47
2977 1489
2978 745
2979 1490
2980 373
2981 1491
2982 746
2983 1492
2984 187
2985 1493
2986 747
2987 1494
2988 374
2989 1495
2990 748
2991 1496
2992 94
2993 1497
2994 749
2995 1498
2996 375
2997 1499
2998 750
2999 1500
3000 188
3001 1501
3002 751
3003 1502
3004 376
3005 1503
3006 752
3007 1504
3008 24
3009 1505
3010 753
3011 1506
3012 377
3013 1507
3014 754
3015 1508
3016 189
3017 1509
3018 755
3019 1510
3020 378
3021 1511
3022 756
3023 1512
3024 95
3025 1513
3026 757
3027 1514
3028 379
3029 1515
3030 758
3031 1516
3032 190
3033 1517
3034 759
3035 1518
3036 380
3037 1519
3038 760
3039 1520
3040 48
3041 1521
3042 761
3043 1522
3044 381
3045 1523
3046 762
3047 1524
3048 191
3049 1525
3050 763
3051 1526
3052 382
3053 1527
3054 764
3055 1528
3056 96
3057 1529
3058 765
3059 1530
3060 383
3061 1531
3062 766
3063 1532
3064 192
3065 1533
3066 767
3067 1534
3068 384
3069 1535
3070 768
3071 1536
3072 2
3073 1537
3074 769
3075 1538
3076 385
3077 1539
3078 770
3079 1540
3080 193
3081 1541
3082 771
3083 1542
3084 386
3085 1543
3086 772
3087 1544
3088 97
3089 1545
3090 773
3091 1546
3092 387
3093 1547
3094 774
3095 1548
3096 194
3097 1549
3098 775
3099 1550
3100 388
3101 1551
3102 776
3103 1552
3104 49
3105 1553
3106 777
3107 1554
3108 389
3109 1555
3110 778
3111 1556
3112 195
3113 1557
3114 779
3115 1558
3116 390
3117 1559
3118 780
3119 1560
3120 98
3121 1561
3122 781
3123 1562
3124 391
3125 1563
3126 782
3127 1564
3128 196
3129 1565
3130 783
3131 1566
3132 392
3133 1567
3134 784
3135 1568
3136 25
3137 1569
3138 785
3139 1570
3140 393
3141 1571
3142 786
3143 1572
3144 197
3145 1573
3146 787
3147 1574
3148 394
3149 1575
3150 788
3151 1576
3152 99
3153 1577
3154 789
3155 1578
3156 395
3157 1579
3158 790
3159 1580
3160 198
3161 1581
3162 791
3163 1582
3164 396
3165 1583
3166 792
3167 1584
3168 50
3169 1585
3170 793
3171 1586
3172 397
3173 1587
3174 794
3175 1588
3176 199
3177 1589
3178 795
3179 1590
3180 398
3181 1591
3182 796
3183 1592
3184 100
3185 1593
3186 797
3187 1594
3188 399
3189 1595
3190 798
3191 1596
3192 200
3193 1597
3194 799
3195 1598
3196 400
3197 1599
3198 800
3199 1600
3200 13
3201 1601
3202 801
3203 1602
3204 401
3205 1603
3206 802
3207 1604
3208 201
3209 1605
3210 803
3211 1606
3212 402
3213 1607
3214 804
3215 1608
3216 101
3217 1609
3218 805
3219 1610
3220 403
3221 1611
3222 806
3223 1612
3224 202
3225 1613
3226 807
3227 1614
3228 404
3229 1615
3230 808
3231 1616
3232 51
3233 1617
3234 809
3235 1618
3236 405
3237 1619
3238 810
3239 1620
3240 203
3241 1621
3242 811
3243 1622
3244 406
3245 1623
3246 812
3247 1624
3248 102
3249 1625
3250 813
3251 1626
3252 407
3253 1627
3254 814
3255 1628
3256 204
3257 1629
3258 815
3259 1630
3260 408
3261 1631
3262 816
3263 1632
3264 26
3265 1633
3266 817
3267 1634
3268 409
3269 1635
3270 818
3271 1636
3272 205
3273 1637
3274 819
3275 1638
3276 410
3277 1639
3278 820
3279 1640
3280 103
3281 1641
3282 821
3283 1642
3284 411
3285 1643
3286 822
3287 1644
3288 206
3289 1645
3290 823
3291 1646
3292 412
3293 1647
3294 824
3295 1648
3296 52
3297 1649
3298 825
3299 1650
3300 413
3301 1651
3302 826
3303 1652
3304 207
3305 1653
3306 827
3307 1654
3308 414
3309 1655
3310 828
3311 1656
3312 104
3313 1657
3314 829
3315 1658
3316 415
3317 1659
3318 830
3319 1660
3320 208
3321 1661
3322 831
3323 1662
3324 416
3325 1663
3326 832
3327 1664
3328 7
3329 1665
3330 833
3331 1666
3332 417
3333 1667
3334 834
3335 1668
3336 209
3337 1669
3338 835
3339 1670
3340 418
3341 1671
3342 836
3343 1672
3344 105
3345 1673
3346 837
3347 1674
3348 419
3349 1675
3350 838
3351 1676
3352 210
3353 1677
3354 839
3355 1678
3356 420
3357 1679
3358 840
3359 1680
3360 53
3361 1681
3362 841
3363 1682
3364 421
3365 1683
3366 842
3367 1684
3368 211
3369 1685
3370 843
3371 1686
3372 422
3373 1687
3374 844
3375 1688
3376 106
3377 1689
3378 845
3379 1690
3380 423
3381 1691
3382 846
3383 1692
3384 212
3385 1693
3386 847
3387 1694
3388 424
3389 1695
3390 848
3391 1696
3392 27
3393 1697
3394 849
3395 1698
3396 425
3397 1699
3398 850
3399 1700
3400 213
3401 1701
3402 851
3403 1702
3404 426
3405 1703
3406 852
3407 1704
3408 107
3409 1705
3410 853
3411 1706
3412 427
3413 1707
3414 854
3415 1708
3416 214
3417 1709
3418 855
3419 1710
3420 428
3421 1711
3422 856
3423 1712
3424 54
3425 1713
3426 857
3427 1714
3428 429
3429 1715
3430 858
3431 1716
3432 215
3433 1717
3434 859
3435 1718
3436 430
3437 1719
3438 860
3439 1720
3440 108
3441 1721
3442 861
3443 1722
3444 431
3445 1723
3446 862
3447 1724
3448 216
3449 1725
3450 863
3451 1726
3452 432
3453 1727
3454 864
3455 1728
3456 14
3457 1729
3458 865
3459 1730
3460 433
3461 1731
3462 866
3463 1732
3464 217
3465 1733
3466 867
3467 1734
3468 434
3469 1735
3470 868
3471 1736
3472 109
3473 1737
3474 869
3475 1738
3476 435
3477 1739
3478 870
3479 1740
3480 218
3481 1741
3482 871
3483 1742
3484 436
3485 1743
3486 872
3487 1744
3488 55
3489 1745
3490 873
3491 1746
3492 437
3493 1747
3494 874
3495 1748
3496 219
3497 1749
3498 875
3499 1750
3500 438
3501 1751
3502 876
3503 1752
3504 110
3505 1753
3506 877
3507 1754
3508 439
3509 1755
3510 878
3511 1756
3512 220
3513 1757
3514 879
3515 1758
3516 440
3517 1759
3518 880
3519 1760
3520 28
3521 1761
3522 881
3523 1762
3524 441
3525 1763
3526 882
3527 1764
3528 221
3529 1765
3530 883
3531 1766
3532 442
3533 1767
3534 884
3535 1768
3536 111
3537 1769
3538 885
3539 1770
3540 443
3541 1771
3542 886
3543 1772
3544 222
3545 1773
3546 887
3547 1774
3548 444
3549 1775
3550 888
3551 1776
3552 56
3553 1777
3554 889
3555 1778
3556 445
3557 1779
3558 890
3559 1780
3560 223
3561 1781
3562 891
3563 1782
3564 446
3565 1783
3566 892
3567 1784
3568 112
3569 1785
3570 893
3571 1786
3572 447
3573 1787
3574 894
3575 1788
3576 224
3577 1789
3578 895
3579 1790
3580 448
3581 1791
3582 896
3583 1792
3584 4
3585 1793
3586 897
3587 1794
3588 449
3589 1795
3590 898
3591 1796
3592 225
3593 1797
3594 899
3595 1798
3596 450
3597 1799
3598 900
3599 1800
3600 113
3601 1801
3602 901
3603 1802
3604 451
3605 1803
3606 902
3607 1804
3608 226
3609 1805
3610 903
3611 1806
3612 452
3613 1807
3614 904
3615 1808
3616 57
3617 1809
3618 905
3619 1810
3620 453
3621 1811
3622 906
3623 1812
3624 227
3625 1813
3626 907
3627 1814
3628 454
3629 1815
3630 908
3631 1816
3632 114
3633 1817
3634 909
3635 1818
3636 455
3637 1819
3638 910
3639 1820
3640 228
3641 1821
3642 911
3643 1822
3644 456
3645 1823
3646 912
3647 1824
3648 29
3649 1825
3650 913
3651 1826
3652 457
3653 1827
3654 914
3655 1828
3656 229
3657 1829
3658 915
3659 1830
3660 458
3661 1831
3662 916
3663 1832
3664 115
3665 1833
3666 917
3667 1834
3668 459
3669 1835
3670 918
3671 1836
3672 230
3673 1837
3674 919
3675 1838
3676 460
3677 1839
3678 920
3679 1840
3680 58
3681 1841
3682 921
3683 1842
3684 461
3685 1843
3686 922
3687 1844
3688 231
3689 1845
3690 923
3691 1846
3692 462
3693 1847
3694 924
3695 1848
3696 116
3697 1849
3698 925
3699 1850
3700 463
3701 1851
3702 926
3703 1852
3704 232
3705 1853
3706 927
3707 1854
3708 464
3709 1855
3710 928
3711 1856
3712 15
3713 1857
3714 929
3715 1858
3716 465
3717 1859
3718 930
3719 1860
3720 233
3721 1861
3722 931
3723 1862
3724 466
3725 1863
3726 932
3727 1864
3728 117
3729 1865
3730 933
3731 1866
3732 467
3733 1867
3734 934
3735 1868
3736 234
3737 1869
3738 935
3739 1870
3740 468
3741 1871
3742 936
3743 1872
3744 59
3745 1873
3746 937
3747 1874
3748 469
3749 1875
3750 938
3751 1876
3752 235
3753 1877
3754 939
3755 1878
3756 470
3757 1879
3758 940
3759 1880
3760 118
3761 1881
3762 941
3763 1882
3764 471
3765 1883
3766 942
3767 1884
3768 236
3769 1885
3770 943
3771 1886
3772 472
3773 1887
3774 944
3775 1888
3776 30
3777 1889
3778 945
3779 1890
3780 473
3781 1891
3782 946
3783 1892
3784 237
3785 1893
3786 947
3787 1894
3788 474
3789 1895
3790 948
3791 1896
3792 119
3793 1897
3794 949
3795 1898
3796 475
3797 1899
3798 950
3799 1900
3800 238
3801 1901
3802 951
3803 1902
3804 476
3805 1903
3806 952
3807 1904
3808 60
3809 1905
3810 953
3811 1906
3812 477
3813 1907
3814 954
3815 1908
3816 239
3817 1909
3818 955
3819 1910
3820 478
3821 1911
3822 956
3823 1912
3824 120
3825 1913
3826 957
3827 1914
3828 479
3829 1915
3830 958
3831 1916
3832 240
3833 1917
3834 959
3835 1918
3836 480
3837 1919
3838 960
3839 1920
3840 8
3841 1921
3842 961
3843 1922
3844 481
3845 1923
3846 962
3847 1924
3848 241
3849 1925
3850 963
3851 1926
3852 482
3853 1927
3854 964
3855 1928
3856 121
3857 1929
3858 965
3859 1930
3860 483
3861 1931
3862 966
3863 1932
3864 242
3865 1933
3866 967
3867 1934
3868 484
3869 1935
3870 968
3871 1936
3872 61
3873 1937
3874 969
3875 1938
3876 485
3877 1939
3878 970
3879 1940
3880 243
3881 1941
3882 971
3883 1942
3884 486
3885 1943
3886 972
3887 1944
3888 122
3889 1945
3890 973
3891 1946
3892 487
3893 1947
3894 974
3895 1948
3896 244
3897 1949
3898 975
3899 1950
3900 488
3901 1951
3902 976
3903 1952
3904 31
3905 1953
3906 977
3907 1954
3908 489
3909 1955
3910 978
3911 1956
3912 245
3913 1957
3914 979
3915 1958
3916 490
3917 1959
3918 980
3919 1960
3920 123
3921 1961
3922 981
3923 1962
3924 491
3925 1963
3926 982
3927 1964
3928 246
3929 1965
3930 983
3931 1966
3932 492
3933 1967
3934 984
3935 1968
3936 62
3937 1969
3938 985
3939 1970
3940 493
3941 1971
3942 986
3943 1972
3944 247
3945 1973
3946 987
3947 1974
3948 494
3949 1975
3950 988
3951 1976
3952 124
3953 1977
3954 989
3955 1978
3956 495
3957 1979
3958 990
3959 1980
3960 248
3961 1981
3962 991
3963 1982
3964 496
3965 1983
3966 992
3967 1984
3968 16
3969 1985
3970 993
3971 1986
3972 497
3973 1987
3974 994
3975 1988
3976 249
3977 1989
3978 995
3979 1990
3980 498
3981 1991
3982 996
3983 1992
3984 125
3985 1993
3986 997
3987 1994
3988 499
3989 1995
3990 998
3991 1996
3992 250
3993 1997
3994 999
3995 1998
3996 500
3997 1999
3998 1000
3999 2000
4000 63
4001 2001
4002 1001
4003 2002
4004 501
4005 2003
4006 1002
4007 2004
4008 251
4009 2005
4010 1003
4011 2006
4012 502
4013 2007
4014 1004
4015 2008
4016 126
4017 2009
4018 1005
4019 2010
4020 503
4021 2011
4022 1006
4023 2012
4024 252
4025 2013
4026 1007
4027 2014
4028 504
4029 2015
4030 1008
4031 2016
4032 32
4033 2017
4034 1009
4035 2018
4036 505
4037 2019
4038 1010
4039 2020
4040 253
4041 2021
4042 1011
4043 2022
4044 506
4045 2023
4046 1012
4047 2024
4048 127
4049 2025
4050 1013
4051 2026
4052 507
4053 2027
4054 1014
4055 2028
4056 254
4057 2029
4058 1015
4059 2030
4060 508
4061 2031
4062 1016
4063 2032
4064 64
4065 2033
4066 1017
4067 2034
4068 509
4069 2035
4070 1018
4071 2036
4072 255
4073 2037
4074 1019
4075 2038
4076 510
4077 2039
4078 1020
4079 2040
4080 128
4081 2041
4082 1021
4083 2042
4084 511
4085 2043
4086 1022
4087 2044
4088 256
4089 2045
4090 1023
4091 2046
4092 512
4093 2047
4094 1024
4095 2048
4096 1
4097 2049
4098 1025
4099 2050
4100 513
4101 2051
4102 1026
4103 2052
4104 257
4105 2053
4106 1027
4107 2054
4108 514
4109 2055
4110 1028
4111 2056
4112 129
4113 2057
4114 1029
4115 2058
4116 515
4117 2059
4118 1030
4119 2060
4120 258
4121 2061
4122 1031
4123 2062
4124 516
4125 2063
4126 1032
4127 2064
4128 65
4129 2065
4130 1033
4131 2066
4132 517
4133 2067
4134 1034
4135 2068
4136 259
4137 2069
4138 1035
4139 2070
4140 518
4141 2071
4142 1036
4143 2072
4144 130
4145 2073
4146 1037
4147 2074
4148 519
4149 2075
4150 1038
4151 2076
4152 260
4153 2077
4154 1039
4155 2078
4156 520
4157 2079
4158 1040
4159 2080
4160 33
4161 2081
4162 1041
4163 2082
4164 521
4165 2083
4166 1042
4167 2084
4168 261
4169 2085
4170 1043
4171 2086
4172 522
4173 2087
4174 1044
4175 2088
4176 131
4177 2089
4178 1045
4179 2090
4180 523
4181 2091
4182 1046
4183 2092
4184 262
4185 2093
4186 1047
4187 2094
4188 524
4189 2095
4190 1048
4191 2096
4192 66
4193 2097
4194 1049
4195 2098
4196 525
4197 2099
4198 1050
4199 2100
4200 263
4201 2101
4202 1051
4203 2102
4204 526
4205 2103
4206 1052
4207 2104
4208 132
4209 2105
4210 1053
4211 2106
4212 527
4213 2107
4214 1054
4215 2108
4216 264
4217 2109
4218 1055
4219 2110
4220 528
4221 2111
4222 1056
4223 2112
4224 17
4225 2113
4226 1057
4227 2114
4228 529
4229 2115
4230 1058
4231 2116
4232 265
4233 2117
4234 1059
4235 2118
4236 530
4237 2119
4238 1060
4239 2120
4240 133
4241 2121
4242 1061
4243 2122
4244 531
4245 2123
4246 1062
4247 2124
4248 266
4249 2125
4250 1063
4251 2126
4252 532
4253 2127
4254 1064
4255 2128
4256 67
4257 2129
4258 1065
4259 2130
4260 533
4261 2131
4262 1066
4263 2132
4264 267
4265 2133
4266 1067
4267 2134
4268 534
4269 2135
4270 1068
4271 2136
4272 134
4273 2137
4274 1069
4275 2138
4276 535
4277 2139
4278 1070
4279 2140
4280 268
4281 2141
4282 1071
4283 2142
4284 536
4285 2143
4286 1072
4287 2144
4288 34
4289 2145
4290 1073
4291 2146
4292 537
4293 2147
4294 1074
4295 2148
4296 269
4297 2149
4298 1075
4299 2150
4300 538
4301 2151
4302 1076
4303 2152
4304 135
4305 2153
4306 1077
4307 2154
4308 539
4309 2155
4310 1078
4311 2156
4312 270
4313 2157
4314 1079
4315 2158
4316 540
4317 2159
4318 1080
4319 2160
4320 68
4321 2161
4322 1081
4323 2162
4324 541
4325 2163
4326 1082
4327 2164
4328 271
4329 2165
4330 1083
4331 2166
4332 542
4333 2167
4334 1084
4335 2168
4336 136
4337 2169
4338 1085
4339 2170
4340 543
4341 2171
4342 1086
4343 2172
4344 272
4345 2173
4346 1087
4347 2174
4348 544
4349 2175
4350 1088
4351 2176
4352 9
4353 2177
4354 1089
4355 2178
4356 545
4357 2179
4358 1090
4359 2180
4360 273
4361 2181
4362 1091
4363 2182
4364 546
4365 2183
4366 1092
4367 2184
4368 137
4369 2185
4370 1093
4371 2186
4372 547
4373 2187
4374 1094
4375 2188
4376 274
4377 2189
4378 1095
4379 2190
4380 548
4381 2191
4382 1096
4383 2192
4384 69
4385 2193
4386 1097
4387 2194
4388 549
4389 2195
4390 1098
4391 2196
4392 275
4393 2197
4394 1099
4395 2198
4396 550
4397 2199
4398 1100
4399 2200
4400 138
4401 2201
4402 1101
4403 2202
4404 551
4405 2203
4406 1102
4407 2204
4408 276
4409 2205
4410 1103
4411 2206
4412 552
4413 2207
4414 1104
4415 2208
4416 35
4417 2209
4418 1105
4419 2210
4420 553
4421 2211
4422 1106
4423 2212
4424 277
4425 2213
4426 1107
4427 2214
4428 554
4429 2215
4430 1108
4431 2216
4432 139
4433 2217
4434 1109
4435 2218
4436 555
4437 2219
4438 1110
4439 2220
4440 278
4441 2221
4442 1111
4443 2222
4444 556
4445 2223
4446 1112
4447 2224
4448 70
4449 2225
4450 1113
4451 2226
4452 557
4453 2227
4454 1114
4455 2228
4456 279
4457 2229
4458 1115
4459 2230
4460 558
4461 2231
4462 1116
4463 2232
4464 140
4465 2233
4466 1117
4467 2234
4468 559
4469 2235
4470 1118
4471 2236
4472 280
4473 2237
4474 1119
4475 2238
4476 560
4477 2239
4478 1120
4479 2240
4480 18
4481 2241
4482 1121
4483 2242
4484 561
4485 2243
4486 1122
4487 2244
4488 281
4489 2245
4490 1123
4491 2246
4492 562
4493 2247
4494 1124
4495 2248
4496 141
4497 2249
4498 1125
4499 2250
4500 563
4501 2251
4502 1126
4503 2252
4504 282
4505 2253
4506 1127
4507 2254
4508 564
4509 2255
4510 1128
4511 2256
4512 71
4513 2257
4514 1129
4515 2258
4516 565
4517 2259
4518 1130
4519 2260
4520 283
4521 2261
4522 1131
4523 2262
4524 566
4525 2263
4526 1132
4527 2264
4528 142
4529 2265
4530 1133
4531 2266
4532 567
4533 2267
4534 1134
4535 2268
4536 284
4537 2269
4538 1135
4539 2270
4540 568
4541 2271
4542 1136
4543 2272
4544 36
4545 2273
4546 1137
4547 2274
4548 569
4549 2275
4550 1138
4551 2276
4552 285
4553 2277
4554 1139
4555 2278
4556 570
4557 2279
4558 1140
4559 2280
4560 143
4561 2281
4562 1141
4563 2282
4564 571
4565 2283
4566 1142
4567 2284
4568 286
4569 2285
4570 1143
4571 2286
4572 572
4573 2287
4574 1144
4575 2288
4576 72
4577 2289
4578 1145
4579 2290
4580 573
4581 2291
4582 1146
4583 2292
4584 287
4585 2293
4586 1147
4587 2294
4588 574
4589 2295
4590 1148
4591 2296
4592 144
4593 2297
4594 1149
4595 2298
4596 575
4597 2299
4598 1150
4599 2300
4600 288
4601 2301
4602 1151
4603 2302
4604 576
4605 2303
4606 1152
4607 2304
4608 5
4609 2305
4610 1153
4611 2306
4612 577
4613 2307
4614 1154
4615 2308
4616 289
4617 2309
4618 1155
4619 2310
4620 578
4621 2311
4622 1156
4623 2312
4624 145
4625 2313
4626 1157
4627 2314
4628 579
4629 2315
4630 1158
4631 2316
4632 290
4633 2317
4634 1159
4635 2318
4636 580
4637 2319
4638 1160
4639 2320
4640 73
4641 2321
4642 1161
4643 2322
4644 581
4645 2323
4646 1162
4647 2324
4648 291
4649 2325
4650 1163
4651 2326
4652 582
4653 2327
4654 1164
4655 2328
4656 146
4657 2329
4658 1165
4659 2330
4660 583
4661 2331
4662 1166
4663 2332
4664 292
4665 2333
4666 1167
4667 2334
4668 584
4669 2335
4670 1168
4671 2336
4672 37
4673 2337
4674 1169
4675 2338
4676 585
4677 2339
4678 1170
4679 2340
4680 293
4681 2341
4682 1171
4683 2342
4684 586
4685 2343
4686 1172
4687 2344
4688 147
4689 2345
4690 1173
4691 2346
4692 587
4693 2347
4694 1174
4695 2348
4696 294
4697 2349
4698 1175
4699 2350
4700 588
4701 2351
4702 1176
4703 2352
4704 74
4705 2353
4706 1177
4707 2354
4708 589
4709 2355
4710 1178
4711 2356
4712 295
4713 2357
4714 1179
4715 2358
4716 590
4717 2359
4718 1180
4719 2360
4720 148
4721 2361
4722 1181
4723 2362
4724 591
4725 2363
4726 1182
4727 2364
4728 296
4729 2365
4730 1183
4731 2366
4732 592
4733 2367
4734 1184
4735 2368
4736 19
4737 2369
4738 1185
4739 2370
4740 593
4741 2371
4742 1186
4743 2372
4744 297
4745 2373
4746 1187
4747 2374
4748 594
4749 2375
4750 1188
4751 2376
4752 149
4753 2377
4754 1189
4755 2378
4756 595
4757 2379
4758 1190
4759 2380
4760 298
4761 2381
4762 1191
4763 2382
4764 596
4765 2383
4766 1192
4767 2384
4768 75
4769 2385
4770 1193
4771 2386
4772 597
4773 2387
4774 1194
4775 2388
4776 299
4777 2389
4778 1195
4779 2390
4780 598
4781 2391
4782 1196
4783 2392
4784 150
4785 2393
4786 1197
4787 2394
4788 599
4789 2395
4790 1198
4791 2396
4792 300
4793 2397
4794 1199
4795 2398
4796 600
4797 2399
4798 1200
4799 2400
4800 38
4801 2401
4802 1201
4803 2402
4804 601
4805 2403
4806 1202
4807 2404
4808 301
4809 2405
4810 1203
4811 2406
4812 602
4813 2407
4814 1204
4815 2408
4816 151
4817 2409
4818 1205
4819 2410
4820 603
4821 2411
4822 1206
4823 2412
4824 302
4825 2413
4826 1207
4827 2414
4828 604
4829 2415
4830 1208
4831 2416
4832 76
4833 2417
4834 1209
4835 2418
4836 605
4837 2419
4838 1210
4839 2420
4840 303
4841 2421
4842 1211
4843 2422
4844 606
4845 2423
4846 1212
4847 2424
4848 152
4849 2425
4850 1213
4851 2426
4852 607
4853 2427
4854 1214
4855 2428
4856 304
4857 2429
4858 1215
4859 2430
4860 608
4861 2431
4862 1216
4863 2432
4864 10
4865 2433
4866 1217
4867 2434
4868 609
4869 2435
4870 1218
4871 2436
4872 305
4873 2437
4874 1219
4875 2438
4876 610
4877 2439
4878 1220
4879 2440
4880 153
4881 2441
4882 1221
4883 2442
4884 611
4885 2443
4886 1222
4887 2444
4888 306
4889 2445
4890 1223
4891 2446
4892 612
4893 2447
4894 1224
4895 2448
4896 77
4897 2449
4898 1225
4899 2450
4900 613
4901 2451
4902 1226
4903 2452
4904 307
4905 2453
4906 1227
4907 2454
4908 614
4909 2455
4910 1228
4911 2456
4912 154
4913 2457
4914 1229
4915 2458
4916 615
4917 2459
4918 1230
4919 2460
4920 308
4921 2461
4922 1231
4923 2462
4924 616
4925 2463
4926 1232
4927 2464
4928 39
4929 2465
4930 1233
4931 2466
4932 617
4933 2467
4934 1234
4935 2468
4936 309
4937 2469
4938 1235
4939 2470
4940 618
4941 2471
4942 1236
4943 2472
4944 155
4945 2473
4946 1237
4947 2474
4948 619
4949 2475
4950 1238
4951 2476
4952 310
4953 2477
4954 1239
4955 2478
4956 620
4957 2479
4958 1240
4959 2480
4960 78
4961 2481
4962 1241
4963 2482
4964 621
4965 2483
4966 1242
4967 2484
4968 311
4969 2485
4970 1243
4971 2486
4972 622
4973 2487
4974 1244
4975 2488
4976 156
4977 2489
4978 1245
4979 2490
4980 623
4981 2491
4982 1246
4983 2492
4984 312
4985 2493
4986 1247
4987 2494
4988 624
4989 2495
4990 1248
4991 2496
4992 20
4993 2497
4994 1249
4995 2498
4996 625
4997 2499
4998 1250
4999 2500
5000 313
5001 2501
5002 1251
5003 2502
5004 626
5005 2503
5006 1252
5007 2504
5008 157
5009 2505
5010 1253
5011 2506
5012 627
5013 2507
5014 1254
5015 2508
5016 314
5017 2509
5018 1255
5019 2510
5020 628
5021 2511
5022 1256
5023 2512
5024 79
5025 2513
5026 1257
5027 2514
5028 629
5029 2515
5030 1258
5031 2516
5032 315
5033 2517
5034 1259
5035 2518
5036 630
5037 2519
5038 1260
5039 2520
5040 158
5041 2521
5042 1261
5043 2522
5044 631
5045 2523
5046 1262
5047 2524
5048 316
5049 2525
5050 1263
5051 2526
5052 632
5053 2527
5054 1264
5055 2528
5056 40
5057 2529
5058 1265
5059 2530
5060 633
5061 2531
5062 1266
5063 2532
5064 317
5065 2533
5066 1267
5067 2534
5068 634
5069 2535
5070 1268
5071 2536
5072 159
5073 2537
5074 1269
5075 2538
5076 635
5077 2539
5078 1270
5079 2540
5080 318
5081 2541
5082 1271
5083 2542
5084 636
5085 2543
5086 1272
5087 2544
5088 80
5089 2545
5090 1273
5091 2546
5092 637
5093 2547
5094 1274
5095 2548
5096 319
5097 2549
5098 1275
5099 2550
5100 638
5101 2551
5102 1276
5103 2552
5104 160
5105 2553
5106 1277
5107 2554
5108 639
5109 2555
5110 1278
5111 2556
5112 320
5113 2557
5114 1279
5115 2558
5116 640
5117 2559
5118 1280
5119 2560
5120 3
5121 2561
5122 1281
5123 2562
5124 641
5125 2563
5126 1282
5127 2564
5128 321
5129 2565
5130 1283
5131 2566
5132 642
5133 2567
5134 1284
5135 2568
5136 161
5137 2569
5138 1285
5139 2570
5140 643
5141 2571
5142 1286
5143 2572
5144 322
5145 2573
5146 1287
5147 2574
5148 644
5149 2575
5150 1288
5151 2576
5152 81
5153 2577
5154 1289
5155 2578
5156 645
5157 2579
5158 1290
5159 2580
5160 323
5161 2581
5162 1291
5163 2582
5164 646
5165 2583
5166 1292
5167 2584
5168 162
5169 2585
5170 1293
5171 2586
5172 647
5173 2587
5174 1294
5175 2588
5176 324
5177 2589
5178 1295
5179 2590
5180 648
5181 2591
5182 1296
5183 2592
5184 41
5185 2593
5186 1297
5187 2594
5188 649
5189 2595
5190 1298
5191 2596
5192 325
5193 2597
5194 1299
5195 2598
5196 650
5197 2599
5198 1300
5199 2600
5200 163
5201 2601
5202 1301
5203 2602
5204 651
5205 2603
5206 1302
5207 2604
5208 326
5209 2605
5210 1303
5211 2606
5212 652
5213 2607
5214 1304
5215 2608
5216 82
5217 2609
5218 1305
5219 2610
5220 653
5221 2611
5222 1306
5223 2612
5224 327
5225 2613
5226 1307
5227 2614
5228 654
5229 2615
5230 1308
5231 2616
5232 164
5233 2617
5234 1309
5235 2618
5236 655
5237 2619
5238 1310
5239 2620
5240 328
5241 2621
5242 1311
5243 2622
5244 656
5245 2623
5246 1312
5247 2624
5248 21
5249 2625
5250 1313
5251 2626
5252 657
5253 2627
5254 1314
5255 2628
5256 329
5257 2629
5258 1315
5259 2630
5260 658
5261 2631
5262 1316
5263 2632
5264 165
5265 2633
5266 1317
5267 2634
5268 659
5269 2635
5270 1318
5271 2636
5272 330
5273 2637
5274 1319
5275 2638
5276 660
5277 2639
5278 1320
5279 2640
5280 83
5281 2641
5282 1321
5283 2642
5284 661
5285 2643
5286 1322
5287 2644
5288 331
5289 2645
5290 1323
5291 2646
5292 662
5293 2647
5294 1324
5295 2648
5296 166
5297 2649
5298 1325
5299 2650
5300 663
5301 2651
5302 1326
5303 2652
5304 332
5305 2653
5306 1327
5307 2654
5308 664
5309 2655
5310 1328
5311 2656
5312 42
5313 2657
5314 1329
5315 2658
5316 665
5317 2659
5318 1330
5319 2660
5320 333
5321 2661
5322 1331
5323 2662
5324 666
5325 2663
5326 1332
5327 2664
5328 167
5329 2665
5330 1333
5331 2666
5332 667
5333 2667
5334 1334
5335 2668
5336 334
5337 2669
5338 1335
5339 2670
5340 668
5341 2671
5342 1336
5343 2672
5344 84
5345 2673
5346 1337
5347 2674
5348 669
5349 2675
5350 1338
5351 2676
5352 335
5353 2677
5354 1339
5355 2678
5356 670
5357 2679
5358 1340
5359 2680
5360 168
5361 2681
5362 1341
5363 2682
5364 671
5365 2683
5366 1342
5367 2684
5368 336
5369 2685
5370 1343
5371 2686
5372 672
5373 2687
5374 1344
5375 2688
5376 11
5377 2689
5378 1345
5379 2690
5380 673
5381 2691
5382 1346
5383 2692
5384 337
5385 2693
5386 1347
5387 2694
5388 674
5389 2695
5390 1348
5391 2696
5392 169
5393 2697
5394 1349
5395 2698
5396 675
5397 2699
5398 1350
5399 2700
5400 338
5401 2701
5402 1351
5403 2702
5404 676
5405 2703
5406 1352
5407 2704
5408 85
5409 2705
5410 1353
5411 2706
5412 677
5413 2707
5414 1354
5415 2708
5416 339
5417 2709
5418 1355
5419 2710
5420 678
5421 2711
5422 1356
5423 2712
5424 170
5425 2713
5426 1357
5427 2714
5428 679
5429 2715
5430 1358
5431 2716
5432 340
5433 2717
5434 1359
5435 2718
5436 680
5437 2719
5438 1360
5439 2720
5440 43
5441 2721
5442 1361
5443 2722
5444 681
5445 2723
5446 1362
5447 2724
5448 341
5449 2725
5450 1363
5451 2726
5452 682
5453 2727
5454 1364
5455 2728
5456 171
5457 2729
5458 1365
5459 2730
5460 683
5461 2731
5462 1366
5463 2732
5464 342
5465 2733
5466 1367
5467 2734
5468 684
5469 2735
5470 1368
5471 2736
5472 86
5473 2737
5474 1369
5475 2738
5476 685
5477 2739
5478 1370
5479 2740
5480 343
5481 2741
5482 1371
5483 2742
5484 686
5485 2743
5486 1372
5487 2744
5488 172
5489 2745
5490 1373
5491 2746
5492 687
5493 2747
5494 1374
5495 2748
5496 344
5497 2749
5498 1375
5499 2750
5500 688
5501 2751
5502 1376
5503 2752
5504 22
5505 2753
5506 1377
5507 2754
5508 689
5509 2755
5510 1378
5511 2756
5512 345
5513 2757
5514 1379
5515 2758
5516 690
5517 2759
5518 1380
5519 2760
5520 173
5521 2761
5522 1381
5523 2762
5524 691
5525 2763
5526 1382
5527 2764
5528 346
5529 2765
5530 1383
5531 2766
5532 692
5533 2767
5534 1384
5535 2768
5536 87
5537 2769
5538 1385
5539 2770
5540 693
5541 2771
5542 1386
5543 2772
5544 347
5545 2773
5546 1387
5547 2774
5548 694
5549 2775
5550 1388
5551 2776
5552 174
5553 2777
5554 1389
5555 2778
5556 695
5557 2779
5558 1390
5559 2780
5560 348
5561 2781
5562 1391
5563 2782
5564 696
5565 2783
5566 1392
5567 2784
5568 44
5569 2785
5570 1393
5571 2786
5572 697
5573 2787
5574 1394
5575 2788
5576 349
5577 2789
5578 1395
5579 2790
5580 698
5581 2791
5582 1396
5583 2792
5584 175
5585 2793
5586 1397
5587 2794
5588 699
5589 2795
5590 1398
5591 2796
5592 350
5593 2797
5594 1399
5595 2798
5596 700
5597 2799
5598 1400
5599 2800
5600 88
5601 2801
5602 1401
5603 2802
5604 701
5605 2803
5606 1402
5607 2804
5608 351
5609 2805
5610 1403
5611 2806
5612 702
5613 2807
5614 1404
5615 2808
5616 176
5617 2809
5618 1405
5619 2810
5620 703
5621 2811
5622 1406
5623 2812
5624 352
5625 2813
5626 1407
5627 2814
5628 704
5629 2815
5630 1408
5631 2816
5632 6
5633 2817
5634 1409
5635 2818
5636 705
5637 2819
5638 1410
5639 2820
5640 353
5641 2821
5642 1411
5643 2822
5644 706
5645 2823
5646 1412
5647 2824
5648 177
5649 2825
5650 1413
5651 2826
5652 707
5653 2827
5654 1414
5655 2828
5656 354
5657 2829
5658 1415
5659 2830
5660 708
5661 2831
5662 1416
5663 2832
5664 89
5665 2833
5666 1417
5667 2834
5668 709
5669 2835
5670 1418
5671 2836
5672 355
5673 2837
5674 1419
5675 2838
5676 710
5677 2839
5678 1420
5679 2840
5680 178
5681 2841
5682 1421
5683 2842
5684 711
5685 2843
5686 1422
5687 2844
5688 356
5689 2845
5690 1423
5691 2846
5692 712
5693 2847
5694 1424
5695 2848
5696 45
5697 2849
5698 1425
5699 2850
5700 713
5701 2851
5702 1426
5703 2852
5704 357
5705 2853
5706 1427
5707 2854
5708 714
5709 2855
5710 1428
5711 2856
5712 179
5713 2857
5714 1429
5715 2858
5716 715
5717 2859
5718 1430
5719 2860
5720 358
5721 2861
5722 1431
5723 2862
5724 716
5725 2863
5726 1432
5727 2864
5728 90
5729 2865
5730 1433
5731 2866
5732 717
5733 2867
5734 1434
5735 2868
5736 359
5737 2869
5738 1435
5739 2870
5740 718
5741 2871
5742 1436
5743 2872
5744 180
5745 2873
5746 1437
5747 2874
5748 719
5749 2875
5750 1438
5751 2876
5752 360
5753 2877
5754 1439
5755 2878
5756 720
5757 2879
5758 1440
5759 2880
5760 23
5761 2881
5762 1441
5763 2882
5764 721
5765 2883
5766 1442
5767 2884
5768 361
5769 2885
5770 1443
5771 2886
5772 722
5773 2887
5774 1444
5775 2888
5776 181
5777 2889
5778 1445
5779 2890
5780 723
5781 2891
5782 1446
5783 2892
5784 362
5785 2893
5786 1447
5787 2894
5788 724
5789 2895
5790 1448
5791 2896
5792 91
5793 2897
5794 1449
5795 2898
5796 725
5797 2899
5798 1450
5799 2900
5800 363
5801 2901
5802 1451
5803 2902
5804 726
5805 2903
5806 1452
5807 2904
5808 182
5809 2905
5810 1453
5811 2906
5812 727
5813 2907
5814 1454
5815 2908
5816 364
5817 2909
5818 1455
5819 2910
5820 728
5821 2911
5822 1456
5823 2912
5824 46
5825 2913
5826 1457
5827 2914
5828 729
5829 2915
5830 1458
5831 2916
5832 365
5833 2917
5834 1459
5835 2918
5836 730
5837 2919
5838 1460
5839 2920
5840 183
5841 2921
5842 1461
5843 2922
5844 731
5845 2923
5846 1462
5847 2924
5848 366
5849 2925
5850 1463
5851 2926
5852 732
5853 2927
5854 1464
5855 2928
5856 92
5857 2929
5858 1465
5859 2930
5860 733
5861 2931
5862 1466
5863 2932
5864 367
5865 2933
5866 1467
5867 2934
5868 734
5869 2935
5870 1468
5871 2936
5872 184
5873 2937
5874 1469
5875 2938
5876 735
5877 2939
5878 1470
5879 2940
5880 368
5881 2941
5882 1471
5883 2942
5884 736
5885 2943
5886 1472
5887 2944
5888 12
5889 2945
5890 1473
5891 2946
5892 737
5893 2947
5894 1474
5895 2948
5896 369
5897 2949
5898 1475
5899 2950
5900 738
5901 2951
5902 1476
5903 2952
5904 185
5905 2953
5906 1477
5907 2954
5908 739
5909 2955
5910 1478
5911 2956
5912 370
5913 2957
5914 1479
5915 2958
5916 740
5917 2959
5918 1480
5919 2960
5920 93
5921 2961
5922 1481
5923 2962
5924 741
5925 2963
5926 1482
5927 2964
5928 371
5929 2965
5930 1483
5931 2966
5932 742
5933 2967
5934 1484
5935 2968
5936 186
5937 2969
5938 1485
5939 2970
5940 743
5941 2971
5942 1486
5943 2972
5944 372
5945 2973
5946 1487
5947 2974
5948 744
5949 2975
5950 1488
5951 2976
5952 47
5953 2977
5954 1489
5955 2978
5956 745
5957 2979
5958 1490
5959 2980
5960 373
5961 2981
5962 1491
5963 2982
5964 746
5965 2983
5966 1492
5967 2984
5968 187
5969 2985
5970 1493
5971 2986
5972 747
5973 2987
5974 1494
5975 2988
5976 374
5977 2989
5978 1495
5979 2990
5980 748
5981 2991
5982 1496
5983 2992
5984 94
5985 2993
5986 1497
5987 2994
5988 749
5989 2995
5990 1498
5991 2996
5992 375
5993 2997
5994 1499
5995 2998
5996 750
5997 2999
5998 1500
5999 3000
6000 188
6001 3001
6002 1501
6003 3002
6004 751
6005 3003
6006 1502
6007 3004
6008 376
6009 3005
6010 1503
6011 3006
6012 752
6013 3007
6014 1504
6015 3008
6016 24
6017 3009
6018 1505
6019 3010
6020 753
6021 3011
6022 1506
6023 3012
6024 377
6025 3013
6026 1507
6027 3014
6028 754
6029 3015
6030 1508
6031 3016
6032 189
6033 3017
6034 1509
6035 3018
6036 755
6037 3019
6038 1510
6039 3020
6040 378
6041 3021
6042 1511
6043 3022
6044 756
6045 3023
6046 1512
6047 3024
6048 95
6049 3025
6050 1513
6051 3026
6052 757
6053 3027
6054 1514
6055 3028
6056 379
6057 3029
6058 1515
6059 3030
6060 758
6061 3031
6062 1516
6063 3032
6064 190
6065 3033
6066 1517
6067 3034
6068 759
6069 3035
6070 1518
6071 3036
6072 380
6073 3037
6074 1519
6075 3038
6076 760
6077 3039
6078 1520
6079 3040
6080 48
6081 3041
6082 1521
6083 3042
6084 761
6085 3043
6086 1522
6087 3044
6088 381
6089 3045
6090 1523
6091 3046
6092 762
6093 3047
6094 1524
6095 3048
6096 191
6097 3049
6098 1525
6099 3050
6100 763
6101 3051
6102 1526
6103 3052
6104 382
6105 3053
6106 1527
6107 3054
6108 764
6109 3055
6110 1528
6111 3056
6112 96
6113 3057
6114 1529
6115 3058
6116 765
6117 3059
6118 1530
6119 3060
6120 383
6121 3061
6122 1531
6123 3062
6124 766
6125 3063
6126 1532
6127 3064
6128 192
6129 3065
6130 1533
6131 3066
6132 767
6133 3067
6134 1534
6135 3068
6136 384
6137 3069
6138 1535
6139 3070
6140 768
6141 3071
6142 1536
6143 3072
6144 2
6145 3073
6146 1537
6147 3074
6148 769
6149 3075
6150 1538
6151 3076
6152 385
6153 3077
6154 1539
6155 3078
6156 770
6157 3079
6158 1540
6159 3080
6160 193
6161 3081
6162 1541
6163 3082
6164 771
6165 3083
6166 1542
6167 3084
6168 386
6169 3085
6170 1543
6171 3086
6172 772
6173 3087
6174 1544
6175 3088
6176 97
6177 3089
6178 1545
6179 3090
6180 773
6181 3091
6182 1546
6183 3092
6184 387
6185 3093
6186 1547
6187 3094
6188 774
6189 3095
6190 1548
6191 3096
6192 194
6193 3097
6194 1549
6195 3098
6196 775
6197 3099
6198 1550
6199 3100
6200 388
6201 3101
6202 1551
6203 3102
6204 776
6205 3103
6206 1552
6207 3104
6208 49
6209 3105
6210 1553
6211 3106
6212 777
6213 3107
6214 1554
6215 3108
6216 389
6217 3109
6218 1555
6219 3110
6220 778
6221 3111
6222 1556
6223 3112
6224 195
6225 3113
6226 1557
6227 3114
6228 779
6229 3115
6230 1558
6231 3116
6232 390
6233 3117
6234 1559
6235 3118
6236 780
6237 3119
6238 1560
6239 3120
6240 98
6241 3121
6242 1561
6243 3122
6244 781
6245 3123
6246 1562
6247 3124
6248 391
6249 3125
6250 1563
6251 3126
6252 782
6253 3127
6254 1564
6255 3128
6256 196
6257 3129
6258 1565
6259 3130
6260 783
6261 3131
6262 1566
6263 3132
6264 392
6265 3133
6266 1567
6267 3134
6268 784
6269 3135
6270 1568
6271 3136
6272 25
6273 3137
6274 1569
6275 3138
6276 785
6277 3139
6278 1570
6279 3140
6280 393
6281 3141
6282 1571
6283 3142
6284 786
6285 3143
6286 1572
6287 3144
6288 197
6289 3145
6290 1573
6291 3146
6292 787
6293 3147
6294 1574
6295 3148
6296 394
6297 3149
6298 1575
6299 3150
6300 788
6301 3151
6302 1576
6303 3152
6304 99
6305 3153
6306 1577
6307 3154
6308 789
6309 3155
6310 1578
6311 3156
6312 395
6313 3157
6314 1579
6315 3158
6316 790
6317 3159
6318 1580
6319 3160
6320 198
6321 3161
6322 1581
6323 3162
6324 791
6325 3163
6326 1582
6327 3164
6328 396
6329 3165
6330 1583
6331 3166
6332 792
6333 3167
6334 1584
6335 3168
6336 50
6337 3169
6338 1585
6339 3170
6340 793
6341 3171
6342 1586
6343 3172
6344 397
6345 3173
6346 1587
6347 3174
6348 794
6349 3175
6350 1588
6351 3176
6352 199
6353 3177
6354 1589
6355 3178
6356 795
6357 3179
6358 1590
6359 3180
6360 398
6361 3181
6362 1591
6363 3182
6364 796
6365 3183
6366 1592
6367 3184
6368 100
6369 3185
6370 1593
6371 3186
6372 797
6373 3187
6374 1594
6375 3188
6376 399
6377 3189
6378 1595
6379 3190
6380 798
6381 3191
6382 1596
6383 3192
6384 200
6385 3193
6386 1597
6387 3194
6388 799
6389 3195
6390 1598
6391 3196
6392 400
6393 3197
6394 1599
6395 3198
6396 800
6397 3199
6398 1600
6399 3200
6400 13
6401 3201
6402 1601
6403 3202
6404 801
6405 3203
6406 1602
6407 3204
6408 401
6409 3205
6410 1603
6411 3206
6412 802
6413 3207
6414 1604
6415 3208
6416 201
6417 3209
6418 1605
6419 3210
6420 803
6421 3211
6422 1606
6423 3212
6424 402
6425 3213
6426 1607
6427 3214
6428 804
6429 3215
6430 1608
6431 3216
6432 101
6433 3217
6434 1609
6435 3218
6436 805
6437 3219
6438 1610
6439 3220
6440 403
6441 3221
6442 1611
6443 3222
6444 806
6445 3223
6446 1612
6447 3224
6448 202
6449 3225
6450 1613
6451 3226
6452 807
6453 3227
6454 1614
6455 3228
6456 404
6457 3229
6458 1615
6459 3230
6460 808
6461 3231
6462 1616
6463 3232
6464 51
6465 3233
6466 1617
6467 3234
6468 809
6469 3235
6470 1618
6471 3236
6472 405
6473 3237
6474 1619
6475 3238
6476 810
6477 3239
6478 1620
6479 3240
6480 203
6481 3241
6482 1621
6483 3242
6484 811
6485 3243
6486 1622
6487 3244
6488 406
6489 3245
6490 1623
6491 3246
6492 812
6493 3247
6494 1624
6495 3248
6496 102
6497 3249
6498 1625
6499 3250
6500 813
6501 3251
6502 1626
6503 3252
6504 407
6505 3253
6506 1627
6507 3254
6508 814
6509 3255
6510 1628
6511 3256
6512 204
6513 3257
6514 1629
6515 3258
6516 815
6517 3259
6518 1630
6519 3260
6520 408
6521 3261
6522 1631
6523 3262
6524 816
6525 3263
6526 1632
6527 3264
6528 26
6529 3265
6530 1633
6531 3266
6532 817
6533 3267
6534 1634
6535 3268
6536 409
6537 3269
6538 1635
6539 3270
6540 818
6541 3271
6542 1636
6543 3272
6544 205
6545 3273
6546 1637
6547 3274
6548 819
6549 3275
6550 1638
6551 3276
6552 410
6553 3277
6554 1639
6555 3278
6556 820
6557 3279
6558 1640
6559 3280
6560 103
6561 3281
6562 1641
6563 3282
6564 821
6565 3283
6566 1642
6567 3284
6568 411
6569 3285
6570 1643
6571 3286
6572 822
6573 3287
6574 1644
6575 3288
6576 206
6577 3289
6578 1645
6579 3290
6580 823
6581 3291
6582 1646
6583 3292
6584 412
6585 3293
6586 1647
6587 3294
6588 824
6589 3295
6590 1648
6591 3296
6592 52
6593 3297
6594 1649
6595 3298
6596 825
6597 3299
6598 1650
6599 3300
6600 413
6601 3301
6602 1651
6603 3302
6604 826
6605 3303
6606 1652
6607 3304
6608 207
6609 3305
6610 1653
6611 3306
6612 827
6613 3307
6614 1654
6615 3308
6616 414
6617 3309
6618 1655
6619 3310
6620 828
6621 3311
6622 1656
6623 3312
6624 104
6625 3313
6626 1657
6627 3314
6628 829
6629 3315
6630 1658
6631 3316
6632 415
6633 3317
6634 1659
6635 3318
6636 830
6637 3319
6638 1660
6639 3320
6640 208
6641 3321
6642 1661
6643 3322
6644 831
6645 3323
6646 1662
6647 3324
6648 416
6649 3325
6650 1663
6651 3326
6652 832
6653 3327
6654 1664
6655 3328
6656 7
6657 3329
6658 1665
6659 3330
6660 833
6661 3331
6662 1666
6663 3332
6664 417
6665 3333
6666 1667
6667 3334
6668 834
6669 3335
6670 1668
6671 3336
6672 209
6673 3337
6674 1669
6675 3338
6676 835
6677 3339
6678 1670
6679 3340
6680 418
6681 3341
6682 1671
6683 3342
6684 836
6685 3343
6686 1672
6687 3344
6688 105
6689 3345
6690 1673
6691 3346
6692 837
6693 3347
6694 1674
6695 3348
6696 419
6697 3349
6698 1675
6699 3350
6700 838
6701 3351
6702 1676
6703 3352
6704 210
6705 3353
6706 1677
6707 3354
6708 839
6709 3355
6710 1678
6711 3356
6712 420
6713 3357
6714 1679
6715 3358
6716 840
6717 3359
6718 1680
6719 3360
6720 53
6721 3361
6722 1681
6723 3362
6724 841
6725 3363
6726 1682
6727 3364
6728 421
6729 3365
6730 1683
6731 3366
6732 842
6733 3367
6734 1684
6735 3368
6736 211
6737 3369
6738 1685
6739 3370
6740 843
6741 3371
6742 1686
6743 3372
6744 422
6745 3373
6746 1687
6747 3374
6748 844
6749 3375
6750 1688
6751 3376
6752 106
6753 3377
6754 1689
6755 3378
6756 845
6757 3379
6758 1690
6759 3380
6760 423
6761 3381
6762 1691
6763 3382
6764 846
6765 3383
6766 1692
6767 3384
6768 212
6769 3385
6770 1693
6771 3386
6772 847
6773 3387
6774 1694
6775 3388
6776 424
6777 3389
6778 1695
6779 3390
6780 848
6781 3391
6782 1696
6783 3392
6784 27
6785 3393
6786 1697
6787 3394
6788 849
6789 3395
6790 1698
6791 3396
6792 425
6793 3397
6794 1699
6795 3398
6796 850
6797 3399
6798 1700
6799 3400
6800 213
6801 3401
6802 1701
6803 3402
6804 851
6805 3403
6806 1702
6807 3404
6808 426
6809 3405
6810 1703
6811 3406
6812 852
6813 3407
6814 1704
6815 3408
6816 107
6817 3409
6818 1705
6819 3410
6820 853
6821 3411
6822 1706
6823 3412
6824 427
6825 3413
6826 1707
6827 3414
6828 854
6829 3415
6830 1708
6831 3416
6832 214
6833 3417
6834 1709
6835 3418
6836 855
6837 3419
6838 1710
6839 3420
6840 428
6841 3421
6842 1711
6843 3422
6844 856
6845 3423
6846 1712
6847 3424
6848 54
6849 3425
6850 1713
6851 3426
6852 857
6853 3427
6854 1714
6855 3428
6856 429
6857 3429
6858 1715
6859 3430
6860 858
6861 3431
6862 1716
6863 3432
6864 215
6865 3433
6866 1717
6867 3434
6868 859
6869 3435
6870 1718
6871 3436
6872 430
6873 3437
6874 1719
6875 3438
6876 860
6877 3439
6878 1720
6879 3440
6880 108
6881 3441
6882 1721
6883 3442
6884 861
6885 3443
6886 1722
6887 3444
6888 431
6889 3445
6890 1723
6891 3446
6892 862
6893 3447
6894 1724
6895 3448
6896 216
6897 3449
6898 1725
6899 3450
6900 863
6901 3451
6902 1726
6903 3452
6904 432
6905 3453
6906 1727
6907 3454
6908 864
6909 3455
6910 1728
6911 3456
6912 14
6913 3457
6914 1729
6915 3458
6916 865
6917 3459
6918 1730
6919 3460
6920 433
6921 3461
6922 1731
6923 3462
6924 866
6925 3463
6926 1732
6927 3464
6928 217
6929 3465
6930 1733
6931 3466
6932 867
6933 3467
6934 1734
6935 3468
6936 434
6937 3469
6938 1735
6939 3470
6940 868
6941 3471
6942 1736
6943 3472
6944 109
6945 3473
6946 1737
6947 3474
6948 869
6949 3475
6950 1738
6951 3476
6952 435
6953 3477
6954 1739
6955 3478
6956 870
6957 3479
6958 1740
6959 3480
6960 218
6961 3481
6962 1741
6963 3482
6964 871
6965 3483
6966 1742
6967 3484
6968 436
6969 3485
6970 1743
6971 3486
6972 872
6973 3487
6974 1744
6975 3488
6976 55
6977 3489
6978 1745
6979 3490
6980 873
6981 3491
6982 1746
6983 3492
6984 437
6985 3493
6986 1747
6987 3494
6988 874
6989 3495
6990 1748
6991 3496
6992 219
6993 3497
6994 1749
6995 3498
6996 875
6997 3499
6998 1750
6999 3500
7000 438
7001 3501
7002 1751
7003 3502
7004 876
7005 3503
7006 1752
7007 3504
7008 110
7009 3505
7010 1753
7011 3506
7012 877
7013 3507
7014 1754
7015 3508
7016 439
7017 3509
7018 1755
7019 3510
7020 878
7021 3511
7022 1756
7023 3512
7024 220
7025 3513
7026 1757
7027 3514
7028 879
7029 3515
7030 1758
7031 3516
7032 440
7033 3517
7034 1759
7035 3518
7036 880
7037 3519
7038 1760
7039 3520
7040 28
7041 3521
7042 1761
7043 3522
7044 881
7045 3523
7046 1762
7047 3524
7048 441
7049 3525
7050 1763
7051 3526
7052 882
7053 3527
7054 1764
7055 3528
7056 221
7057 3529
7058 1765
7059 3530
7060 883
7061 3531
7062 1766
7063 3532
7064 442
7065 3533
7066 1767
7067 3534
7068 884
7069 3535
7070 1768
7071 3536
7072 111
7073 3537
7074 1769
7075 3538
7076 885
7077 3539
7078 1770
7079 3540
7080 443
7081 3541
7082 1771
7083 3542
7084 886
7085 3543
7086 1772
7087 3544
7088 222
7089 3545
7090 1773
7091 3546
7092 887
7093 3547
7094 1774
7095 3548
7096 444
7097 3549
7098 1775
7099 3550
7100 888
7101 3551
7102 1776
7103 3552
7104 56
7105 3553
7106 1777
7107 3554
7108 889
7109 3555
7110 1778
7111 3556
7112 445
7113 3557
7114 1779
7115 3558
7116 890
7117 3559
7118 1780
7119 3560
7120 223
7121 3561
7122 1781
7123 3562
7124 891
7125 3563
7126 1782
7127 3564
7128 446
7129 3565
7130 1783
7131 3566
7132 892
7133 3567
7134 1784
7135 3568
7136 112
7137 3569
7138 1785
7139 3570
7140 893
7141 3571
7142 1786
7143 3572
7144 447
7145 3573
7146 1787
7147 3574
7148 894
7149 3575
7150 1788
7151 3576
7152 224
7153 3577
7154 1789
7155 3578
7156 895
7157 3579
7158 1790
7159 3580
7160 448
7161 3581
7162 1791
7163 3582
7164 896
7165 3583
7166 1792
7167 3584
7168 4
7169 3585
7170 1793
7171 3586
7172 897
7173 3587
7174 1794
7175 3588
7176 449
7177 3589
7178 1795
7179 3590
7180 898
7181 3591
7182 1796
7183 3592
7184 225
7185 3593
7186 1797
7187 3594
7188 899
7189 3595
7190 1798
7191 3596
7192 450
7193 3597
7194 1799
7195 3598
7196 900
7197 3599
7198 1800
7199 3600
7200 113
7201 3601
7202 1801
7203 3602
7204 901
7205 3603
7206 1802
7207 3604
7208 451
7209 3605
7210 1803
7211 3606
7212 902
7213 3607
7214 1804
7215 3608
7216 226
7217 3609
7218 1805
7219 3610
7220 903
7221 3611
7222 1806
7223 3612
7224 452
7225 3613
7226 1807
7227 3614
7228 904
7229 3615
7230 1808
7231 3616
7232 57
7233 3617
7234 1809
7235 3618
7236 905
7237 3619
7238 1810
7239 3620
7240 453
7241 3621
7242 1811
7243 3622
7244 906
7245 3623
7246 1812
7247 3624
7248 227
7249 3625
7250 1813
7251 3626
7252 907
7253 3627
7254 1814
7255 3628
7256 454
7257 3629
7258 1815
7259 3630
7260 908
7261 3631
7262 1816
7263 3632
7264 114
7265 3633
7266 1817
7267 3634
7268 909
7269 3635
7270 1818
7271 3636
7272 455
7273 3637
7274 1819
7275 3638
7276 910
7277 3639
7278 1820
7279 3640
7280 228
7281 3641
7282 1821
7283 3642
7284 911
7285 3643
7286 1822
7287 3644
7288 456
7289 3645
7290 1823
7291 3646
7292 912
7293 3647
7294 1824
7295 3648
7296 29
7297 3649
7298 1825
7299 3650
7300 913
7301 3651
7302 1826
7303 3652
7304 457
7305 3653
7306 1827
7307 3654
7308 914
7309 3655
7310 1828
7311 3656
7312 229
7313 3657
7314 1829
7315 3658
7316 915
7317 3659
7318 1830
7319 3660
7320 458
7321 3661
7322 1831
7323 3662
7324 916
7325 3663
7326 1832
7327 3664
7328 115
7329 3665
7330 1833
7331 3666
7332 917
7333 3667
7334 1834
7335 3668
7336 459
7337 3669
7338 1835
7339 3670
7340 918
7341 3671
7342 1836
7343 3672
7344 230
7345 3673
7346 1837
7347 3674
7348 919
7349 3675
7350 1838
7351 3676
7352 460
7353 3677
7354 1839
7355 3678
7356 920
7357 3679
7358 1840
7359 3680
7360 58
7361 3681
7362 1841
7363 3682
7364 921
7365 3683
7366 1842
7367 3684
7368 461
7369 3685
7370 1843
7371 3686
7372 922
7373 3687
7374 1844
7375 3688
7376 231
7377 3689
7378 1845
7379 3690
7380 923
7381 3691
7382 1846
7383 3692
7384 462
7385 3693
7386 1847
7387 3694
7388 924
7389 3695
7390 1848
7391 3696
7392 116
7393 3697
7394 1849
7395 3698
7396 925
7397 3699
7398 1850
7399 3700
7400 463
7401 3701
7402 1851
7403 3702
7404 926
7405 3703
7406 1852
7407 3704
7408 232
7409 3705
7410 1853
7411 3706
7412 927
7413 3707
7414 1854
7415 3708
7416 464
7417 3709
7418 1855
7419 3710
7420 928
7421 3711
7422 1856
7423 3712
7424 15
7425 3713
7426 1857
7427 3714
7428 929
7429 3715
7430 1858
7431 3716
7432 465
7433 3717
7434 1859
7435 3718
7436 930
7437 3719
7438 1860
7439 3720
7440 233
7441 3721
7442 1861
7443 3722
7444 931
7445 3723
7446 1862
7447 3724
7448 466
7449 3725
7450 1863
7451 3726
7452 932
7453 3727
7454 1864
7455 3728
7456 117
7457 3729
7458 1865
7459 3730
7460 933
7461 3731
7462 1866
7463 3732
7464 467
7465 3733
7466 1867
7467 3734
7468 934
7469 3735
7470 1868
7471 3736
7472 234
7473 3737
7474 1869
7475 3738
7476 935
7477 3739
7478 1870
7479 3740
7480 468
7481 3741
7482 1871
7483 3742
7484 936
7485 3743
7486 1872
7487 3744
7488 59
7489 3745
7490 1873
7491 3746
7492 937
7493 3747
7494 1874
7495 3748
7496 469
7497 3749
7498 1875
7499 3750
7500 938
7501 3751
7502 1876
7503 3752
7504 235
7505 3753
7506 1877
7507 3754
7508 939
7509 3755
7510 1878
7511 3756
7512 470
7513 3757
7514 1879
7515 3758
7516 940
7517 3759
7518 1880
7519 3760
7520 118
7521 3761
7522 1881
7523 3762
7524 941
7525 3763
7526 1882
7527 3764
7528 471
7529 3765
7530 1883
7531 3766
7532 942
7533 3767
7534 1884
7535 3768
7536 236
7537 3769
7538 1885
7539 3770
7540 943
7541 3771
7542 1886
7543 3772
7544 472
7545 3773
7546 1887
7547 3774
7548 944
7549 3775
7550 1888
7551 3776
7552 30
7553 3777
7554 1889
7555 3778
7556 945
7557 3779
7558 1890
7559 3780
7560 473
7561 3781
7562 1891
7563 3782
7564 946
7565 3783
7566 1892
7567 3784
7568 237
7569 3785
7570 1893
7571 3786
7572 947
7573 3787
7574 1894
7575 3788
7576 474
7577 3789
7578 1895
7579 3790
7580 948
7581 3791
7582 1896
7583 3792
7584 119
7585 3793
7586 1897
7587 3794
7588 949
7589 3795
7590 1898
7591 3796
7592 475
7593 3797
7594 1899
7595 3798
7596 950
7597 3799
7598 1900
7599 3800
7600 238
7601 3801
7602 1901
7603 3802
7604 951
7605 3803
7606 1902
7607 3804
7608 476
7609 3805
7610 1903
7611 3806
7612 952
7613 3807
7614 1904
7615 3808
7616 60
7617 3809
7618 1905
7619 3810
7620 953
7621 3811
7622 1906
7623 3812
7624 477
7625 3813
7626 1907
7627 3814
7628 954
7629 3815
7630 1908
7631 3816
7632 239
7633 3817
7634 1909
7635 3818
7636 955
7637 3819
7638 1910
7639 3820
7640 478
7641 3821
7642 1911
7643 3822
7644 956
7645 3823
7646 1912
7647 3824
7648 120
7649 3825
7650 1913
7651 3826
7652 957
7653 3827
7654 1914
7655 3828
7656 479
7657 3829
7658 1915
7659 3830
7660 958
7661 3831
7662 1916
7663 3832
7664 240
7665 3833
7666 1917
7667 3834
7668 959
7669 3835
7670 1918
7671 3836
7672 480
7673 3837
7674 1919
7675 3838
7676 960
7677 3839
7678 1920
7679 3840
7680 8
7681 3841
7682 1921
7683 3842
7684 961
7685 3843
7686 1922
7687 3844
7688 481
7689 3845
7690 1923
7691 3846
7692 962
7693 3847
7694 1924
7695 3848
7696 241
7697 3849
7698 1925
7699 3850
7700 963
7701 3851
7702 1926
7703 3852
7704 482
7705 3853
7706 1927
7707 3854
7708 964
7709 3855
7710 1928
7711 3856
7712 121
7713 3857
7714 1929
7715 3858
7716 965
7717 3859
7718 1930
7719 3860
7720 483
7721 3861
7722 1931
7723 3862
7724 966
7725 3863
7726 1932
7727 3864
7728 242
7729 3865
7730 1933
7731 3866
7732 967
7733 3867
7734 1934
7735 3868
7736 484
7737 3869
7738 1935
7739 3870
7740 968
7741 3871
7742 1936
7743 3872
7744 61
7745 3873
7746 1937
7747 3874
7748 969
7749 3875
7750 1938
7751 3876
7752 485
7753 3877
7754 1939
7755 3878
7756 970
7757 3879
7758 1940
7759 3880
7760 243
7761 3881
7762 1941
7763 3882
7764 971
7765 3883
7766 1942
7767 3884
7768 486
7769 3885
7770 1943
7771 3886
7772 972
7773 3887
7774 1944
7775 3888
7776 122
7777 3889
7778 1945
7779 3890
7780 973
7781 3891
7782 1946
7783 3892
7784 487
7785 3893
7786 1947
7787 3894
7788 974
7789 3895
7790 1948
7791 3896
7792 244
7793 3897
7794 1949
7795 3898
7796 975
7797 3899
7798 1950
7799 3900
7800 488
7801 3901
7802 1951
7803 3902
7804 976
7805 3903
7806 1952
7807 3904
7808 31
7809 3905
7810 1953
7811 3906
7812 977
7813 3907
7814 1954
7815 3908
7816 489
7817 3909
7818 1955
7819 3910
7820 978
7821 3911
7822 1956
7823 3912
7824 245
7825 3913
7826 1957
7827 3914
7828 979
7829 3915
7830 1958
7831 3916
7832 490
7833 3917
7834 1959
7835 3918
7836 980
7837 3919
7838 1960
7839 3920
7840 123
7841 3921
7842 1961
7843 3922
7844 981
7845 3923
7846 1962
7847 3924
7848 491
7849 3925
7850 1963
7851 3926
7852 982
7853 3927
7854 1964
7855 3928
7856 246
7857 3929
7858 1965
7859 3930
7860 983
7861 3931
7862 1966
7863 3932
7864 492
7865 3933
7866 1967
7867 3934
7868 984
7869 3935
7870 1968
7871 3936
7872 62
7873 3937
7874 1969
7875 3938
7876 985
7877 3939
7878 1970
7879 3940
7880 493
7881 3941
7882 1971
7883 3942
7884 986
7885 3943
7886 1972
7887 3944
7888 247
7889 3945
7890 1973
7891 3946
7892 987
7893 3947
7894 1974
7895 3948
7896 494
7897 3949
7898 1975
7899 3950
7900 988
7901 3951
7902 1976
7903 3952
7904 124
7905 3953
7906 1977
7907 3954
7908 989
7909 3955
7910 1978
7911 3956
7912 495
7913 3957
7914 1979
7915 3958
7916 990
7917 3959
7918 1980
7919 3960
7920 248
7921 3961
7922 1981
7923 3962
7924 991
7925 3963
7926 1982
7927 3964
7928 496
7929 3965
7930 1983
7931 3966
7932 992
7933 3967
7934 1984
7935 3968
7936 16
7937 3969
7938 1985
7939 3970
7940 993
7941 3971
7942 1986
7943 3972
7944 497
7945 3973
7946 1987
7947 3974
7948 994
7949 3975
7950 1988
7951 3976
7952 249
7953 3977
7954 1989
7955 3978
7956 995
7957 3979
7958 1990
7959 3980
7960 498
7961 3981
7962 1991
7963 3982
7964 996
7965 3983
7966 1992
7967 3984
7968 125
7969 3985
7970 1993
7971 3986
7972 997
7973 3987
7974 1994
7975 3988
7976 499
7977 3989
7978 1995
7979 3990
7980 998
7981 3991
7982 1996
7983 3992
7984 250
7985 3993
7986 1997
7987 3994
7988 999
7989 3995
7990 1998
7991 3996
7992 500
7993 3997
7994 1999
7995 3998
7996 1000
7997 3999
7998 2000
7999 4000
8000 63
8001 4001
8002 2001
8003 4002
8004 1001
8005 4003
8006 2002
8007 4004
8008 501
8009 4005
8010 2003
8011 4006
8012 1002
8013 4007
8014 2004
8015 4008
8016 251
8017 4009
8018 2005
8019 4010
8020 1003
8021 4011
8022 2006
8023 4012
8024 502
8025 4013
8026 2007
8027 4014
8028 1004
8029 4015
8030 2008
8031 4016
8032 126
8033 4017
8034 2009
8035 4018
8036 1005
8037 4019
8038 2010
8039 4020
8040 503
8041 4021
8042 2011
8043 4022
8044 1006
8045 4023
8046 2012
8047 4024
8048 252
8049 4025
8050 2013
8051 4026
8052 1007
8053 4027
8054 2014
8055 4028
8056 504
8057 4029
8058 2015
8059 4030
8060 1008
8061 4031
8062 2016
8063 4032
8064 32
8065 4033
8066 2017
8067 4034
8068 1009
8069 4035
8070 2018
8071 4036
8072 505
8073 4037
8074 2019
8075 4038
8076 1010
8077 4039
8078 2020
8079 4040
8080 253
8081 4041
8082 2021
8083 4042
8084 1011
8085 4043
8086 2022
8087 4044
8088 506
8089 4045
8090 2023
8091 4046
8092 1012
8093 4047
8094 2024
8095 4048
8096 127
8097 4049
8098 2025
8099 4050
8100 1013
8101 4051
8102 2026
8103 4052
8104 507
8105 4053
8106 2027
8107 4054
8108 1014
8109 4055
8110 2028
8111 4056
8112 254
8113 4057
8114 2029
8115 4058
8116 1015
8117 4059
8118 2030
8119 4060
8120 508
8121 4061
8122 2031
8123 4062
8124 1016
8125 4063
8126 2032
8127 4064
8128 64
8129 4065
8130 2033
8131 4066
8132 1017
8133 4067
8134 2034
8135 4068
8136 509
8137 4069
8138 2035
8139 4070
8140 1018
8141 4071
8142 2036
8143 4072
8144 255
8145 4073
8146 2037
8147 4074
8148 1019
8149 4075
8150 2038
8151 4076
8152 510
8153 4077
8154 2039
8155 4078
8156 1020
8157 4079
8158 2040
8159 4080
8160 128
8161 4081
8162 2041
8163 4082
8164 1021
8165 4083
8166 2042
8167 4084
8168 511
8169 4085
8170 2043
8171 4086
8172 1022
8173 4087
8174 2044
8175 4088
8176 256
8177 4089
8178 2045
8179 4090
8180 1023
8181 4091
8182 2046
8183 4092
8184 512
8185 4093
8186 2047
8187 4094
8188 1024
8189 4095
8190 2048
8191 4096
8192 1
8193 4097
8194 2049
8195 4098
8196 1025
8197 4099
8198 2050
8199 4100
8200 513
8201 4101
8202 2051
8203 4102
8204 1026
8205 4103
8206 2052
8207 4104
8208 257
8209 4105
8210 2053
8211 4106
8212 1027
8213 4107
8214 2054
8215 4108
8216 514
8217 4109
8218 2055
8219 4110
8220 1028
8221 4111
8222 2056
8223 4112
8224 129
8225 4113
8226 2057
8227 4114
8228 1029
8229 4115
8230 2058
8231 4116
8232 515
8233 4117
8234 2059
8235 4118
8236 1030
8237 4119
8238 2060
8239 4120
8240 258
8241 4121
8242 2061
8243 4122
8244 1031
8245 4123
8246 2062
8247 4124
8248 516
8249 4125
8250 2063
8251 4126
8252 1032
8253 4127
8254 2064
8255 4128
8256 65
8257 4129
8258 2065
8259 4130
8260 1033
8261 4131
8262 2066
8263 4132
8264 517
8265 4133
8266 2067
8267 4134
8268 1034
8269 4135
8270 2068
8271 4136
8272 259
8273 4137
8274 2069
8275 4138
8276 1035
8277 4139
8278 2070
8279 4140
8280 518
8281 4141
8282 2071
8283 4142
8284 1036
8285 4143
8286 2072
8287 4144
8288 130
8289 4145
8290 2073
8291 4146
8292 1037
8293 4147
8294 2074
8295 4148
8296 519
8297 4149
8298 2075
8299 4150
8300 1038
8301 4151
8302 2076
8303 4152
8304 260
8305 4153
8306 2077
8307 4154
8308 1039
8309 4155
8310 2078
8311 4156
8312 520
8313 4157
8314 2079
8315 4158
8316 1040
8317 4159
8318 2080
8319 4160
8320 33
8321 4161
8322 2081
8323 4162
8324 1041
8325 4163
8326 2082
8327 4164
8328 521
8329 4165
8330 2083
8331 4166
8332 1042
8333 4167
8334 2084
8335 4168
8336 261
8337 4169
8338 2085
8339 4170
8340 1043
8341 4171
8342 2086
8343 4172
8344 522
8345 4173
8346 2087
8347 4174
8348 1044
8349 4175
8350 2088
8351 4176
8352 131
8353 4177
8354 2089
8355 4178
8356 1045
8357 4179
8358 2090
8359 4180
8360 523
8361 4181
8362 2091
8363 4182
8364 1046
8365 4183
8366 2092
8367 4184
8368 262
8369 4185
8370 2093
8371 4186
8372 1047
8373 4187
8374 2094
8375 4188
8376 524
8377 4189
8378 2095
8379 4190
8380 1048
8381 4191
8382 2096
8383 4192
8384 66
8385 4193
8386 2097
8387 4194
8388 1049
8389 4195
8390 2098
8391 4196
8392 525
8393 4197
8394 2099
8395 4198
8396 1050
8397 4199
8398 2100
8399 4200
8400 263
8401 4201
8402 2101
8403 4202
8404 1051
8405 4203
8406 2102
8407 4204
8408 526
8409 4205
8410 2103
8411 4206
8412 1052
8413 4207
8414 2104
8415 4208
8416 132
8417 4209
8418 2105
8419 4210
8420 1053
8421 4211
8422 2106
8423 4212
8424 527
8425 4213
8426 2107
8427 4214
8428 1054
8429 4215
8430 2108
8431 4216
8432 264
8433 4217
8434 2109
8435 4218
8436 1055
8437 4219
8438 2110
8439 4220
8440 528
8441 4221
8442 2111
8443 4222
8444 1056
8445 4223
8446 2112
8447 4224
8448 17
8449 4225
8450 2113
8451 4226
8452 1057
8453 4227
8454 2114
8455 4228
8456 529
8457 4229
8458 2115
8459 4230
8460 1058
8461 4231
8462 2116
8463 4232
8464 265
8465 4233
8466 2117
8467 4234
8468 1059
8469 4235
8470 2118
8471 4236
8472 530
8473 4237
8474 2119
8475 4238
8476 1060
8477 4239
8478 2120
8479 4240
8480 133
8481 4241
8482 2121
8483 4242
8484 1061
8485 4243
8486 2122
8487 4244
8488 531
8489 4245
8490 2123
8491 4246
8492 1062
8493 4247
8494 2124
8495 4248
8496 266
8497 4249
8498 2125
8499 4250
8500 1063
8501 4251
8502 2126
8503 4252
8504 532
8505 4253
8506 2127
8507 4254
8508 1064
8509 4255
8510 2128
8511 4256
8512 67
8513 4257
8514 2129
8515 4258
8516 1065
8517 4259
8518 2130
8519 4260
8520 533
8521 4261
8522 2131
8523 4262
8524 1066
8525 4263
8526 2132
8527 4264
8528 267
8529 4265
8530 2133
8531 4266
8532 1067
8533 4267
8534 2134
8535 4268
8536 534
8537 4269
8538 2135
8539 4270
8540 1068
8541 4271
8542 2136
8543 4272
8544 134
8545 4273
8546 2137
8547 4274
8548 1069
8549 4275
8550 2138
8551 4276
8552 535
8553 4277
8554 2139
8555 4278
8556 1070
8557 4279
8558 2140
8559 4280
8560 268
8561 4281
8562 2141
8563 4282
8564 1071
8565 4283
8566 2142
8567 4284
8568 536
8569 4285
8570 2143
8571 4286
8572 1072
8573 4287
8574 2144
8575 4288
8576 34
8577 4289
8578 2145
8579 4290
8580 1073
8581 4291
8582 2146
8583 4292
8584 537
8585 4293
8586 2147
8587 4294
8588 1074
8589 4295
8590 2148
8591 4296
8592 269
8593 4297
8594 2149
8595 4298
8596 1075
8597 4299
8598 2150
8599 4300
8600 538
8601 4301
8602 2151
8603 4302
8604 1076
8605 4303
8606 2152
8607 4304
8608 135
8609 4305
8610 2153
8611 4306
8612 1077
8613 4307
8614 2154
8615 4308
8616 539
8617 4309
8618 2155
8619 4310
8620 1078
8621 4311
8622 2156
8623 4312
8624 270
8625 4313
8626 2157
8627 4314
8628 1079
8629 4315
8630 2158
8631 4316
8632 540
8633 4317
8634 2159
8635 4318
8636 1080
8637 4319
8638 2160
8639 4320
8640 68
8641 4321
8642 2161
8643 4322
8644 1081
8645 4323
8646 2162
8647 4324
8648 541
8649 4325
8650 2163
8651 4326
8652 1082
8653 4327
8654 2164
8655 4328
8656 271
8657 4329
8658 2165
8659 4330
8660 1083
8661 4331
8662 2166
8663 4332
8664 542
8665 4333
8666 2167
8667 4334
8668 1084
8669 4335
8670 2168
8671 4336
8672 136
8673 4337
8674 2169
8675 4338
8676 1085
8677 4339
8678 2170
8679 4340
8680 543
8681 4341
8682 2171
8683 4342
8684 1086
8685 4343
8686 2172
8687 4344
8688 272
8689 4345
8690 2173
8691 4346
8692 1087
8693 4347
8694 2174
8695 4348
8696 544
8697 4349
8698 2175
8699 4350
8700 1088
8701 4351
8702 2176
8703 4352
8704 9
8705 4353
8706 2177
8707 4354
8708 1089
8709 4355
8710 2178
8711 4356
8712 545
8713 4357
8714 2179
8715 4358
8716 1090
8717 4359
8718 2180
8719 4360
8720 273
8721 4361
8722 2181
8723 4362
8724 1091
8725 4363
8726 2182
8727 4364
8728 546
8729 4365
8730 2183
8731 4366
8732 1092
8733 4367
8734 2184
8735 4368
8736 137
8737 4369
8738 2185
8739 4370
8740 1093
8741 4371
8742 2186
8743 4372
8744 547
8745 4373
8746 2187
8747 4374
8748 1094
8749 4375
8750 2188
8751 4376
8752 274
8753 4377
8754 2189
8755 4378
8756 1095
8757 4379
8758 2190
8759 4380
8760 548
8761 4381
8762 2191
8763 4382
8764 1096
8765 4383
8766 2192
8767 4384
8768 69
8769 4385
8770 2193
8771 4386
8772 1097
8773 4387
8774 2194
8775 4388
8776 549
8777 4389
8778 2195
8779 4390
8780 1098
8781 4391
8782 2196
8783 4392
8784 275
8785 4393
8786 2197
8787 4394
8788 1099
8789 4395
8790 2198
8791 4396
8792 550
8793 4397
8794 2199
8795 4398
8796 1100
8797 4399
8798 2200
8799 4400
8800 138
8801 4401
8802 2201
8803 4402
8804 1101
8805 4403
8806 2202
8807 4404
8808 551
8809 4405
8810 2203
8811 4406
8812 1102
8813 4407
8814 2204
8815 4408
8816 276
8817 4409
8818 2205
8819 4410
8820 1103
8821 4411
8822 2206
8823 4412
8824 552
8825 4413
8826 2207
8827 4414
8828 1104
8829 4415
8830 2208
8831 4416
8832 35
8833 4417
8834 2209
8835 4418
8836 1105
8837 4419
8838 2210
8839 4420
8840 553
8841 4421
8842 2211
8843 4422
8844 1106
8845 4423
8846 2212
8847 4424
8848 277
8849 4425
8850 2213
8851 4426
8852 1107
8853 4427
8854 2214
8855 4428
8856 554
8857 4429
8858 2215
8859 4430
8860 1108
8861 4431
8862 2216
8863 4432
8864 139
8865 4433
8866 2217
8867 4434
8868 1109
8869 4435
8870 2218
8871 4436
8872 555
8873 4437
8874 2219
8875 4438
8876 1110
8877 4439
8878 2220
8879 4440
8880 278
8881 4441
8882 2221
8883 4442
8884 1111
8885 4443
8886 2222
8887 4444
8888 556
8889 4445
8890 2223
8891 4446
8892 1112
8893 4447
8894 2224
8895 4448
8896 70
8897 4449
8898 2225
8899 4450
8900 1113
8901 4451
8902 2226
8903 4452
8904 557
8905 4453
8906 2227
8907 4454
8908 1114
8909 4455
8910 2228
8911 4456
8912 279
8913 4457
8914 2229
8915 4458
8916 1115
8917 4459
8918 2230
8919 4460
8920 558
8921 4461
8922 2231
8923 4462
8924 1116
8925 4463
8926 2232
8927 4464
8928 140
8929 4465
8930 2233
8931 4466
8932 1117
8933 4467
8934 2234
8935 4468
8936 559
8937 4469
8938 2235
8939 4470
8940 1118
8941 4471
8942 2236
8943 4472
8944 280
8945 4473
8946 2237
8947 4474
8948 1119
8949 4475
8950 2238
8951 4476
8952 560
8953 4477
8954 2239
8955 4478
8956 1120
8957 4479
8958 2240
8959 4480
8960 18
8961 4481
8962 2241
8963 4482
8964 1121
8965 4483
8966 2242
8967 4484
8968 561
8969 4485
8970 2243
8971 4486
8972 1122
8973 4487
8974 2244
8975 4488
8976 281
8977 4489
8978 2245
8979 4490
8980 1123
8981 4491
8982 2246
8983 4492
8984 562
8985 4493
8986 2247
8987 4494
8988 1124
8989 4495
8990 2248
8991 4496
8992 141
8993 4497
8994 2249
8995 4498
8996 1125
8997 4499
8998 2250
8999 4500
9000 563
9001 4501
9002 2251
9003 4502
9004 1126
9005 4503
9006 2252
9007 4504
9008 282
9009 4505
9010 2253
9011 4506
9012 1127
9013 4507
9014 2254
9015 4508
9016 564
9017 4509
9018 2255
9019 4510
9020 1128
9021 4511
9022 2256
9023 4512
9024 71
9025 4513
9026 2257
9027 4514
9028 1129
9029 4515
9030 2258
9031 4516
9032 565
9033 4517
9034 2259
9035 4518
9036 1130
9037 4519
9038 2260
9039 4520
9040 283
9041 4521
9042 2261
9043 4522
9044 1131
9045 4523
9046 2262
9047 4524
9048 566
9049 4525
9050 2263
9051 4526
9052 1132
9053 4527
9054 2264
9055 4528
9056 142
9057 4529
9058 2265
9059 4530
9060 1133
9061 4531
9062 2266
9063 4532
9064 567
9065 4533
9066 2267
9067 4534
9068 1134
9069 4535
9070 2268
9071 4536
9072 284
9073 4537
9074 2269
9075 4538
9076 1135
9077 4539
9078 2270
9079 4540
9080 568
9081 4541
9082 2271
9083 4542
9084 1136
9085 4543
9086 2272
9087 4544
9088 36
9089 4545
9090 2273
9091 4546
9092 1137
9093 4547
9094 2274
9095 4548
9096 569
9097 4549
9098 2275
9099 4550
9100 1138
9101 4551
9102 2276
9103 4552
9104 285
9105 4553
9106 2277
9107 4554
9108 1139
9109 4555
9110 2278
9111 4556
9112 570
9113 4557
9114 2279
9115 4558
9116 1140
9117 4559
9118 2280
9119 4560
9120 143
9121 4561
9122 2281
9123 4562
9124 1141
9125 4563
9126 2282
9127 4564
9128 571
9129 4565
9130 2283
9131 4566
9132 1142
9133 4567
9134 2284
9135 4568
9136 286
9137 4569
9138 2285
9139 4570
9140 1143
9141 4571
9142 2286
9143 4572
9144 572
9145 4573
9146 2287
9147 4574
9148 1144
9149 4575
9150 2288
9151 4576
9152 72
9153 4577
9154 2289
9155 4578
9156 1145
9157 4579
9158 2290
9159 4580
9160 573
9161 4581
9162 2291
9163 4582
9164 1146
9165 4583
9166 2292
9167 4584
9168 287
9169 4585
9170 2293
9171 4586
9172 1147
9173 4587
9174 2294
9175 4588
9176 574
9177 4589
9178 2295
9179 4590
9180 1148
9181 4591
9182 2296
9183 4592
9184 144
9185 4593
9186 2297
9187 4594
9188 1149
9189 4595
9190 2298
9191 4596
9192 575
9193 4597
9194 2299
9195 4598
9196 1150
9197 4599
9198 2300
9199 4600
9200 288
9201 4601
9202 2301
9203 4602
9204 1151
9205 4603
9206 2302
9207 4604
9208 576
9209 4605
9210 2303
9211 4606
9212 1152
9213 4607
9214 2304
9215 4608
9216 5
9217 4609
9218 2305
9219 4610
9220 1153
9221 4611
9222 2306
9223 4612
9224 577
9225 4613
9226 2307
9227 4614
9228 1154
9229 4615
9230 2308
9231 4616
9232 289
9233 4617
9234 2309
9235 4618
9236 1155
9237 4619
9238 2310
9239 4620
9240 578
9241 4621
9242 2311
9243 4622
9244 1156
9245 4623
9246 2312
9247 4624
9248 145
9249 4625
9250 2313
9251 4626
9252 1157
9253 4627
9254 2314
9255 4628
9256 579
9257 4629
9258 2315
9259 4630
9260 1158
9261 4631
9262 2316
9263 4632
9264 290
9265 4633
9266 2317
9267 4634
9268 1159
9269 4635
9270 2318
9271 4636
9272 580
9273 4637
9274 2319
9275 4638
9276 1160
9277 4639
9278 2320
9279 4640
9280 73
9281 4641
9282 2321
9283 4642
9284 1161
9285 4643
9286 2322
9287 4644
9288 581
9289 4645
9290 2323
9291 4646
9292 1162
9293 4647
9294 2324
9295 4648
9296 291
9297 4649
9298 2325
9299 4650
9300 1163
9301 4651
9302 2326
9303 4652
9304 582
9305 4653
9306 2327
9307 4654
9308 1164
9309 4655
9310 2328
9311 4656
9312 146
9313 4657
9314 2329
9315 4658
9316 1165
9317 4659
9318 2330
9319 4660
9320 583
9321 4661
9322 2331
9323 4662
9324 1166
9325 4663
9326 2332
9327 4664
9328 292
9329 4665
9330 2333
9331 4666
9332 1167
9333 4667
9334 2334
9335 4668
9336 584
9337 4669
9338 2335
9339 4670
9340 1168
9341 4671
9342 2336
9343 4672
9344 37
9345 4673
9346 2337
9347 4674
9348 1169
9349 4675
9350 2338
9351 4676
9352 585
9353 4677
9354 2339
9355 4678
9356 1170
9357 4679
9358 2340
9359 4680
9360 293
9361 4681
9362 2341
9363 4682
9364 1171
9365 4683
9366 2342
9367 4684
9368 586
9369 4685
9370 2343
9371 4686
9372 1172
9373 4687
9374 2344
9375 4688
9376 147
9377 4689
9378 2345
9379 4690
9380 1173
9381 4691
9382 2346
9383 4692
9384 587
9385 4693
9386 2347
9387 4694
9388 1174
9389 4695
9390 2348
9391 4696
9392 294
9393 4697
9394 2349
9395 4698
9396 1175
9397 4699
9398 2350
9399 4700
9400 588
9401 4701
9402 2351
9403 4702
9404 1176
9405 4703
9406 2352
9407 4704
9408 74
9409 4705
9410 2353
9411 4706
9412 1177
9413 4707
9414 2354
9415 4708
9416 589
9417 4709
9418 2355
9419 4710
9420 1178
9421 4711
9422 2356
9423 4712
9424 295
9425 4713
9426 2357
9427 4714
9428 1179
9429 4715
9430 2358
9431 4716
9432 590
9433 4717
9434 2359
9435 4718
9436 1180
9437 4719
9438 2360
9439 4720
9440 148
9441 4721
9442 2361
9443 4722
9444 1181
9445 4723
9446 2362
9447 4724
9448 591
9449 4725
9450 2363
9451 4726
9452 1182
9453 4727
9454 2364
9455 4728
9456 296
9457 4729
9458 2365
9459 4730
9460 1183
9461 4731
9462 2366
9463 4732
9464 592
9465 4733
9466 2367
9467 4734
9468 1184
9469 4735
9470 2368
9471 4736
9472 19
9473 4737
9474 2369
9475 4738
9476 1185
9477 4739
9478 2370
9479 4740
9480 593
9481 4741
9482 2371
9483 4742
9484 1186
9485 4743
9486 2372
9487 4744
9488 297
9489 4745
9490 2373
9491 4746
9492 1187
9493 4747
9494 2374
9495 4748
9496 594
9497 4749
9498 2375
9499 4750
9500 1188
9501 4751
9502 2376
9503 4752
9504 149
9505 4753
9506 2377
9507 4754
9508 1189
9509 4755
9510 2378
9511 4756
9512 595
9513 4757
9514 2379
9515 4758
9516 1190
9517 4759
9518 2380
9519 4760
9520 298
9521 4761
9522 2381
9523 4762
9524 1191
9525 4763
9526 2382
9527 4764
9528 596
9529 4765
9530 2383
9531 4766
9532 1192
9533 4767
9534 2384
9535 4768
9536 75
9537 4769
9538 2385
9539 4770
9540 1193
9541 4771
9542 2386
9543 4772
9544 597
9545 4773
9546 2387
9547 4774
9548 1194
9549 4775
9550 2388
9551 4776
9552 299
9553 4777
9554 2389
9555 4778
9556 1195
9557 4779
9558 2390
9559 4780
9560 598
9561 4781
9562 2391
9563 4782
9564 1196
9565 4783
9566 2392
9567 4784
9568 150
9569 4785
9570 2393
9571 4786
9572 1197
9573 4787
9574 2394
9575 4788
9576 599
9577 4789
9578 2395
9579 4790
9580 1198
9581 4791
9582 2396
9583 4792
9584 300
9585 4793
9586 2397
9587 4794
9588 1199
9589 4795
9590 2398
9591 4796
9592 600
9593 4797
9594 2399
9595 4798
9596 1200
9597 4799
9598 2400
9599 4800
9600 38
9601 4801
9602 2401
9603 4802
9604 1201
9605 4803
9606 2402
9607 4804
9608 601
9609 4805
9610 2403
9611 4806
9612 1202
9613 4807
9614 2404
9615 4808
9616 301
9617 4809
9618 2405
9619 4810
9620 1203
9621 4811
9622 2406
9623 4812
9624 602
9625 4813
9626 2407
9627 4814
9628 1204
9629 4815
9630 2408
9631 4816
9632 151
9633 4817
9634 2409
9635 4818
9636 1205
9637 4819
9638 2410
9639 4820
9640 603
9641 4821
9642 2411
9643 4822
9644 1206
9645 4823
9646 2412
9647 4824
9648 302
9649 4825
9650 2413
9651 4826
9652 1207
9653 4827
9654 2414
9655 4828
9656 604
9657 4829
9658 2415
9659 4830
9660 1208
9661 4831
9662 2416
9663 4832
9664 76
9665 4833
9666 2417
9667 4834
9668 1209
9669 4835
9670 2418
9671 4836
9672 605
9673 4837
9674 2419
9675 4838
9676 1210
9677 4839
9678 2420
9679 4840
9680 303
9681 4841
9682 2421
9683 4842
9684 1211
9685 4843
9686 2422
9687 4844
9688 606
9689 4845
9690 2423
9691 4846
9692 1212
9693 4847
9694 2424
9695 4848
9696 152
9697 4849
9698 2425
9699 4850
9700 1213
9701 4851
9702 2426
9703 4852
9704 607
9705 4853
9706 2427
9707 4854
9708 1214
9709 4855
9710 2428
9711 4856
9712 304
9713 4857
9714 2429
9715 4858
9716 1215
9717 4859
9718 2430
9719 4860
9720 608
9721 4861
9722 2431
9723 4862
9724 1216
9725 4863
9726 2432
9727 4864
9728 10
9729 4865
9730 2433
9731 4866
9732 1217
9733 4867
9734 2434
9735 4868
9736 609
9737 4869
9738 2435
9739 4870
9740 1218
9741 4871
9742 2436
9743 4872
9744 305
9745 4873
9746 2437
9747 4874
9748 1219
9749 4875
9750 2438
9751 4876
9752 610
9753 4877
9754 2439
9755 4878
9756 1220
9757 4879
9758 2440
9759 4880
9760 153
9761 4881
9762 2441
9763 4882
9764 1221
9765 4883
9766 2442
9767 4884
9768 611
9769 4885
9770 2443
9771 4886
9772 1222
9773 4887
9774 2444
9775 4888
9776 306
9777 4889
9778 2445
9779 4890
9780 1223
9781 4891
9782 2446
9783 4892
9784 612
9785 4893
9786 2447
9787 4894
9788 1224
9789 4895
9790 2448
9791 4896
9792 77
9793 4897
9794 2449
9795 4898
9796 1225
9797 4899
9798 2450
9799 4900
9800 613
9801 4901
9802 2451
9803 4902
9804 1226
9805 4903
9806 2452
9807 4904
9808 307
9809 4905
9810 2453
9811 4906
9812 1227
9813 4907
9814 2454
9815 4908
9816 614
9817 4909
9818 2455
9819 4910
9820 1228
9821 4911
9822 2456
9823 4912
9824 154
9825 4913
9826 2457
9827 4914
9828 1229
9829 4915
9830 2458
9831 4916
9832 615
9833 4917
9834 2459
9835 4918
9836 1230
9837 4919
9838 2460
9839 4920
9840 308
9841 4921
9842 2461
9843 4922
9844 1231
9845 4923
9846 2462
9847 4924
9848 616
9849 4925
9850 2463
9851 4926
9852 1232
9853 4927
9854 2464
9855 4928
9856 39
9857 4929
9858 2465
9859 4930
9860 1233
9861 4931
9862 2466
9863 4932
9864 617
9865 4933
9866 2467
9867 4934
9868 1234
9869 4935
9870 2468
9871 4936
9872 309
9873 4937
9874 2469
9875 4938
9876 1235
9877 4939
9878 2470
9879 4940
9880 618
9881 4941
9882 2471
9883 4942
9884 1236
9885 4943
9886 2472
9887 4944
9888 155
9889 4945
9890 2473
9891 4946
9892 1237
9893 4947
9894 2474
9895 4948
9896 619
9897 4949
9898 2475
9899 4950
9900 1238
9901 4951
9902 2476
9903 4952
9904 310
9905 4953
9906 2477
9907 4954
9908 1239
9909 4955
9910 2478
9911 4956
9912 620
9913 4957
9914 2479
9915 4958
9916 1240
9917 4959
9918 2480
9919 4960
9920 78
9921 4961
9922 2481
9923 4962
9924 1241
9925 4963
9926 2482
9927 4964
9928 621
9929 4965
9930 2483
9931 4966
9932 1242
9933 4967
9934 2484
9935 4968
9936 311
9937 4969
9938 2485
9939 4970
9940 1243
9941 4971
9942 2486
9943 4972
9944 622
9945 4973
9946 2487
9947 4974
9948 1244
9949 4975
9950 2488
9951 4976
9952 156
9953 4977
9954 2489
9955 4978
9956 1245
9957 4979
9958 2490
9959 4980
9960 623
9961 4981
9962 2491
9963 4982
9964 1246
9965 4983
9966 2492
9967 4984
9968 312
9969 4985
9970 2493
9971 4986
9972 1247
9973 4987
9974 2494
9975 4988
9976 624
9977 4989
9978 2495
9979 4990
9980 1248
9981 4991
9982 2496
9983 4992
9984 20
9985 4993
9986 2497
9987 4994
9988 1249
9989 4995
9990 2498
9991 4996
9992 625
9993 4997
9994 2499
9995 4998
9996 1250
9997 4999
9998 2500
9999 5000
10000 313







