1 4
2 8
3 9
4 16
5 19
6 20
7 21
8 26
9 30
10 31
11 33
12 38
13 42
14 43
15 50
16 54
17 55
18 60
19 65
20 67
21 77
22 81
23 84
24 88
25 89
26 90
27 96
28 99
29 100
30 101
31 111
32 112
33 113
34 120
35 125
36 131
37 135
38 138
39 142
40 154
41 159
42 160
43 166
44 170
45 171
46 183
47 195
48 204
49 205
50 207
51 217
52 224
53 225
54 226
55 229
56 230
57 236
58 240
59 241
60 243
61 255
62 265
63 275
64 277
65 286
66 306
67 308
68 345
69 346
70 348
71 359
72 371
73 375
74 383
75 395
76 396
77 402
78 417
79 418
80 429
81 436
82 440
83 441
84 450
85 453
86 486
87 491
88 520
89 523
90 525
91 536
92 551
93 558
94 561
95 573
96 597
97 615
98 619
99 631
100 643
101 648
102 655
103 680
104 681
105 690
106 696
107 701
108 761
109 810
110 840
111 843
112 846
113 890
114 894
115 905
116 906
117 951
118 975
119 985
120 987
121 1056
122 1059
123 1095
124 1110
125 1125
126 1165
127 1200
128 1222
129 1251
130 1265
131 1321
132 1381
133 1395
134 1413
135 1416
136 1425
137 1441
138 1463
139 1536
140 1551
141 1563
142 1600
143 1621
144 1676
145 1686
146 1698
147 1737
148 1749
149 1771
150 1776
151 1836
152 1840
153 1866
154 1911
155 1935
156 1975
157 2025
158 2033
159 2073
160 2126
161 2130
162 2221
163 2310
164 2361
165 2398
166 2448
167 2487
168 2505
169 2580
170 2706
171 2736
172 2841
173 2861
174 2910
175 2985
176 2991
177 3010
178 3171
179 3201
180 3210
181 3480
182 3618
183 3801
184 3831
185 3861
186 3948
187 4061
188 4191
189 4300
190 4380
191 4601
192 4776
193 4876
194 5118
195 5341
196 5346
197 5715
198 5829
199 6075
200 6096
201 6225
202 6430
203 6600
204 8055
205 8691
206 10911
207 15216
208 18750
209 20250
210 33066







