1 1
2 1
3 2
4 1
5 3
6 2
7 4
8 1
9 4
10 3
11 5
12 2
13 6
14 4
15 6
16 1
17 7
18 4
19 8
20 3
21 8
22 5
23 9
24 2
25 9
26 6
27 8
28 4
29 10
30 6
31 11
32 1
33 10
34 7
35 12
36 4
37 12
38 8
39 12
40 3
41 13
42 8
43 14
44 5
45 12
46 9
47 15
48 2
49 16
50 9
51 14
52 6
53 16
54 8
55 15
56 4
57 16
58 10
59 17
60 6
61 18
62 11
63 16
64 1
65 18
66 10
67 19
68 7
69 18
70 12
71 20
72 4
73 21
74 12
75 18
76 8
77 20
78 12
79 22
80 3
81 16
82 13
83 23
84 8
85 21
86 14
87 20
88 5
89 24
90 12
91 24
92 9
93 22
94 15
95 24
96 2
97 25
98 16
99 20
100 9
101 26
102 14
103 27
104 6
105 24
106 16
107 28
108 8
109 29
110 15
111 24
112 4
113 30
114 16
115 27
116 10
117 24
118 17
119 28
120 6
121 25
122 18
123 26
124 11
125 27
126 16
127 31
128 1
129 28
130 18
131 32
132 10
133 32
134 19
135 24
136 7
137 33
138 18
139 34
140 12
141 30
142 20
143 30
144 4
145 30
146 21
147 32
148 12
149 35
150 18
151 36
152 8
153 28
154 20
155 33
156 12
157 37
158 22
159 32
160 3
161 36
162 16
163 38
164 13
165 30
166 23
167 39
168 8
169 36
170 21
171 32
172 14
173 40
174 20
175 36
176 5
177 34
178 24
179 41
180 12
181 42
182 24
183 36
184 9
185 36
186 22
187 35
188 15
189 32
190 24
191 43
192 2
193 44
194 25
195 36
196 16
197 45
198 20
199 46
200 9
201 38
202 26
203 40
204 14
205 39
206 27
207 36
208 6
209 40
210 24
211 47
212 16
213 40
214 28
215 42
216 8
217 44
218 29
219 42
220 15
221 42
222 24
223 48
224 4
225 36
226 30
227 49
228 16
229 50
230 27
231 40
232 10
233 51
234 24
235 45
236 17
237 44
238 28
239 52
240 6
241 53
242 25
243 32
244 18
245 48
246 26
247 48
248 11
249 46
250 27
251 54
252 16
253 45
254 31
255 42
256 1
257 55
258 28
259 48
260 18
261 40
262 32
263 56
264 10
265 48
266 32
267 48
268 19
269 57
270 24
271 58
272 7
273 48
274 33
275 45
276 18
277 59
278 34
279 44
280 12
281 60
282 30
283 61
284 20
285 48
286 30
287 52
288 4
289 49
290 30
291 50
292 21
293 62
294 32
295 51
296 12
297 40
298 35
299 54
300 18
301 56
302 36
303 52
304 8
305 54
306 28
307 63
308 20
309 54
310 33
311 64
312 12
313 65
314 37
315 48
316 22
317 66
318 32
319 50
320 3
321 56
322 36
323 56
324 16
325 54
326 38
327 58
328 13
329 60
330 30
331 67
332 23
333 48
334 39
335 57
336 8
337 68
338 36
339 60
340 21
341 55
342 32
343 64
344 14
345 54
346 40
347 69
348 20
349 70
350 36
351 48
352 5
353 71
354 34
355 60
356 24
357 56
358 41
359 72
360 12
361 64
362 42
363 50
364 24
365 63
366 36
367 73
368 9
369 52
370 36
371 64
372 22
373 74
374 35
375 54
376 15
377 60
378 32
379 75
380 24
381 62
382 43
383 76
384 2
385 60
386 44
387 56
388 25
389 77
390 36
391 63
392 16
393 64
394 45
395 66
396 20
397 78
398 46
399 64
400 9
401 79
402 38
403 66
404 26
405 48
406 40
407 60
408 14
409 80
410 39
411 66
412 27
413 68
414 36
415 69
416 6
417 68
418 40
419 81
420 24
421 82
422 47
423 60
424 16
425 63
426 40
427 72
428 28
429 60
430 42
431 83
432 8
433 84
434 44
435 60
436 29
437 72
438 42
439 85
440 15
441 64
442 42
443 86
444 24
445 72
446 48
447 70
448 4
449 87
450 36
451 65
452 30
453 72
454 49
455 72
456 16
457 88
458 50
459 56
460 27
461 89
462 40
463 90
464 10
465 66
466 51
467 91
468 24
469 76
470 45
471 74
472 17
473 70
474 44
475 72
476 28
477 64
478 52
479 92
480 6
481 72
482 53
483 72
484 25
485 75
486 32
487 93
488 18
489 76
490 48
491 94
492 26
493 70
494 48
495 60
496 11
497 80
498 46
499 95
500 27
501 78
502 54
503 96
504 16
505 78
506 45
507 72
508 31
509 97
510 42
511 84
512 1
513 64
514 55
515 81
516 28
517 75
518 48
519 80
520 18
521 98
522 40
523 99
524 32
525 72
526 56
527 77
528 10
529 81
530 48
531 68
532 32
533 78
534 48
535 84
536 19
537 82
538 57
539 80
540 24
541 100
542 58
543 84
544 7
545 87
546 48
547 101
548 33
549 72
550 45
551 80
552 18
553 88
554 59
555 72
556 34
557 102
558 44
559 84
560 12
561 70
562 60
563 103
564 30
565 90
566 61
567 64
568 20
569 104
570 48
571 105
572 30
573 86
574 52
575 81
576 4
577 106
578 49
579 88
580 30
581 92
582 50
583 80
584 21
585 72
586 62
587 107
588 32
589 88
590 51
591 90
592 12
593 108
594 40
595 84
596 35
597 92
598 54
599 109
600 18
601 110
602 56
603 76
604 36
605 75
606 52
607 111
608 8
609 80
610 54
611 90
612 28
613 112
614 63
615 78
616 20
617 113
618 54
619 114
620 33
621 72
622 64
623 96
624 12
625 81
626 65
627 80
628 37
629 84
630 48
631 115
632 22
633 94
634 66
635 93
636 32
637 96
638 50
639 80
640 3
641 116
642 56
643 117
644 36
645 84
646 56
647 118
648 16
649 85
650 54
651 88
652 38
653 119
654 58
655 96
656 13
657 84
658 60
659 120
660 30
661 121
662 67
663 84
664 23
665 96
666 48
667 90
668 39
669 96
670 57
671 90
672 8
673 122
674 68
675 72
676 36
677 123
678 60
679 100
680 21
681 98
682 55
683 124
684 32
685 99
686 64
687 100
688 14
689 96
690 54
691 125
692 40
693 80
694 69
695 102
696 20
697 91
698 70
699 102
700 36
701 126
702 48
703 96
704 5
705 90
706 71
707 104
708 34
709 127
710 60
711 88
712 24
713 99
714 56
715 90
716 41
717 104
718 72
719 128
720 12
721 108
722 64
723 106
724 42
725 90
726 50
727 129
728 24
729 64
730 63
731 98
732 36
733 130
734 73
735 96
736 9
737 95
738 52
739 131
740 36
741 96
742 64
743 132
744 22
745 105
746 74
747 92
748 35
749 112
750 54
751 133
752 15
753 108
754 60
755 108
756 32
757 134
758 75
759 90
760 24
761 135
762 62
763 116
764 43
765 84
766 76
767 102
768 2
769 136
770 60
771 110
772 44
773 137
774 56
775 99
776 25
777 96
778 77
779 104
780 36
781 100
782 63
783 80
784 16
785 111
786 64
787 138
788 45
789 112
790 66
791 120
792 20
793 108
794 78
795 96
796 46
797 139
798 64
799 105
800 9
801 96
802 79
803 105
804 38
805 108
806 66
807 114
808 26
809 140
810 48
811 141
812 40
813 116
814 60
815 114
816 14
817 112
818 80
819 96
820 39
821 142
822 66
823 143
824 27
825 90
826 68
827 144
828 36
829 145
830 69
831 118
832 6
833 112
834 68
835 117
836 40
837 88
838 81
839 146
840 24
841 100
842 82
843 120
844 47
845 108
846 60
847 100
848 16
849 122
850 63
851 108
852 40
853 147
854 72
855 96
856 28
857 148
858 60
859 149
860 42
861 104
862 83
863 150
864 8
865 120
866 84
867 98
868 44
869 110
870 60
871 114
872 29
873 100
874 72
875 108
876 42
877 151
878 85
879 124
880 15
881 152
882 64
883 153
884 42
885 102
886 86
887 154
888 24
889 124
890 72
891 80
892 48
893 120
894 70
895 123
896 4
897 108
898 87
899 110
900 36
901 112
902 65
903 112
904 30
905 126
906 72
907 155
908 49
909 104
910 72
911 156
912 16
913 115
914 88
915 108
916 50
917 128
918 56
919 157
920 27
921 126
922 89
923 120
924 40
925 108
926 90
927 108
928 10
929 158
930 66
931 128
932 51
933 128
934 91
935 105
936 24
937 159
938 76
939 130
940 45
941 160
942 74
943 117
944 17
945 96
946 70
947 161
948 44
949 126
950 72
951 132
952 28
953 162
954 64
955 129
956 52
957 100
958 92
959 132
960 6
961 121
962 72
963 112
964 53
965 132
966 72
967 163
968 25
969 112
970 75
971 164
972 32
973 136
974 93
975 108
976 18
977 165
978 76
979 120
980 48
981 116
982 94
983 166
984 26
985 135
986 70
987 120
988 48
989 126
990 60
991 167
992 11
993 134
994 80
995 138
996 46
997 168
998 95
999 96
1000 27
1001 120
1002 78
1003 119
1004 54
1005 114
1006 96
1007 128
1008 16
1009 169
1010 78
1011 136
1012 45
1013 170
1014 72
1015 120
1016 31
1017 120
1018 97
1019 171
1020 42
1021 172
1022 84
1023 110
1024 1
1025 117
1026 64
1027 132
1028 55
1029 128
1030 81
1031 173
1032 28
1033 174
1034 75
1035 108
1036 48
1037 126
1038 80
1039 175
1040 18
1041 138
1042 98
1043 140
1044 40
1045 120
1046 99
1047 140
1048 32
1049 176
1050 72
1051 177
1052 56
1053 96
1054 77
1055 141
1056 10
1057 144
1058 81
1059 142
1060 48
1061 178
1062 68
1063 179
1064 32
1065 120
1066 78
1067 125
1068 48
1069 180
1070 84
1071 112
1072 19
1073 120
1074 82
1075 126
1076 57
1077 144
1078 80
1079 138
1080 24
1081 135
1082 100
1083 128
1084 58
1085 132
1086 84
1087 181
1088 7
1089 100
1090 87
1091 182
1092 48
1093 183
1094 101
1095 126
1096 33
1097 184
1098 72
1099 148
1100 45
1101 146
1102 80
1103 185
1104 18
1105 126
1106 88
1107 104
1108 59
1109 186
1110 72
1111 130
1112 34
1113 128
1114 102
1115 144
1116 44
1117 187
1118 84
1119 148
1120 12
1121 136
1122 70
1123 188
1124 60
1125 108
1126 103
1127 144
1128 30
1129 189
1130 90
1131 120
1132 61
1133 135
1134 64
1135 147
1136 20
1137 150
1138 104
1139 133
1140 48
1141 152
1142 105
1143 124
1144 30
1145 150
1146 86
1147 132
1148 52
1149 152
1150 81
1151 190
1152 4
1153 191
1154 106
1155 120
1156 49
1157 144
1158 88
1159 144
1160 30
1161 112
1162 92
1163 192
1164 50
1165 153
1166 80
1167 154
1168 21
1169 156
1170 72
1171 193
1172 62
1173 126
1174 107
1175 135
1176 32
1177 140
1178 88
1179 128
1180 51
1181 194
1182 90
1183 144
1184 12
1185 132
1186 108
1187 195
1188 40
1189 130
1190 84
1191 156
1192 35
1193 196
1194 92
1195 156
1196 54
1197 128
1198 109
1199 145
1200 18
1201 197
1202 110
1203 158
1204 56
1205 159
1206 76
1207 140
1208 36
1209 132
1210 75
1211 160
1212 52
1213 198
1214 111
1215 96
1216 8
1217 199
1218 80
1219 144
1220 54
1221 120
1222 90
1223 200
1224 28
1225 144
1226 112
1227 160
1228 63
1229 201
1230 78
1231 202
1232 20
1233 132
1234 113
1235 144
1236 54
1237 203
1238 114
1239 136
1240 33
1241 147
1242 72
1243 150
1244 64
1245 138
1246 96
1247 140
1248 12
1249 204
1250 81
1251 136
1252 65
1253 164
1254 80
1255 162
1256 37
1257 162
1258 84
1259 205
1260 48
1261 150
1262 115
1263 164
1264 22
1265 135
1266 94
1267 168
1268 66
1269 120
1270 93
1271 143
1272 32
1273 152
1274 96
1275 126
1276 50
1277 206
1278 80
1279 207
1280 3
1281 144
1282 116
1283 208
1284 56
1285 165
1286 117
1287 120
1288 36
1289 209
1290 84
1291 210
1292 56
1293 166
1294 118
1295 144
1296 16
1297 211
1298 85
1299 168
1300 54
1301 212
1302 88
1303 213
1304 38
1305 120
1306 119
1307 214
1308 58
1309 140
1310 96
1311 144
1312 13
1313 156
1314 84
1315 168
1316 60
1317 170
1318 120
1319 215
1320 30
1321 216
1322 121
1323 128
1324 67
1325 144
1326 84
1327 217
1328 23
1329 172
1330 96
1331 125
1332 48
1333 154
1334 90
1335 144
1336 39
1337 172
1338 96
1339 162
1340 57
1341 140
1342 90
1343 154
1344 8
1345 171
1346 122
1347 174
1348 68
1349 160
1350 72
1351 176
1352 36
1353 130
1354 123
1355 174
1356 60
1357 153
1358 100
1359 144
1360 21
1361 218
1362 98
1363 150
1364 55
1365 144
1366 124
1367 219
1368 32
1369 144
1370 99
1371 176
1372 64
1373 220
1374 100
1375 135
1376 14
1377 112
1378 96
1379 180
1380 54
1381 221
1382 125
1383 178
1384 40
1385 177
1386 80
1387 168
1388 69
1389 180
1390 102
1391 168
1392 20
1393 184
1394 91
1395 132
1396 70
1397 155
1398 102
1399 222
1400 36
1401 182
1402 126
1403 162
1404 48
1405 180
1406 96
1407 152
1408 5
1409 223
1410 90
1411 161
1412 71
1413 148
1414 104
1415 183
1416 34
1417 174
1418 127
1419 140
1420 60
1421 160
1422 88
1423 224
1424 24
1425 144
1426 99
1427 225
1428 56
1429 226
1430 90
1431 128
1432 41
1433 227
1434 104
1435 156
1436 72
1437 184
1438 128
1439 228
1440 12
1441 160
1442 108
1443 144
1444 64
1445 147
1446 106
1447 229
1448 42
1449 144
1450 90
1451 230
1452 50
1453 231
1454 129
1455 150
1456 24
1457 165
1458 64
1459 232
1460 63
1461 186
1462 98
1463 160
1464 36
1465 186
1466 130
1467 152
1468 73
1469 180
1470 96
1471 233
1472 9
1473 188
1474 95
1475 153
1476 52
1477 188
1478 131
1479 140
1480 36
1481 234
1482 96
1483 235
1484 64
1485 120
1486 132
1487 236
1488 22
1489 237
1490 105
1491 160
1492 74
1493 238
1494 92
1495 162
1496 35
1497 190
1498 112
1499 239
1500 54
1501 176
1502 133
1503 156
1504 15
1505 168
1506 108
1507 165
1508 60
1509 192
1510 108
1511 240
1512 32
1513 168
1514 134
1515 156
1516 75
1517 156
1518 90
1519 176
1520 24
1521 144
1522 135
1523 241
1524 62
1525 162
1526 116
1527 194
1528 43
1529 170
1530 84
1531 242
1532 76
1533 168
1534 102
1535 189
1536 2
1537 160
1538 136
1539 128
1540 60
1541 171
1542 110
1543 243
1544 44
1545 162
1546 137
1547 168
1548 56
1549 244
1550 99
1551 150
1552 25
1553 245
1554 96
1555 192
1556 77
1557 160
1558 104
1559 246
1560 36
1561 192
1562 100
1563 196
1564 63
1565 195
1566 80
1567 247
1568 16
1569 198
1570 111
1571 248
1572 64
1573 150
1574 138
1575 144
1576 45
1577 184
1578 112
1579 249
1580 66
1581 154
1582 120
1583 250
1584 20
1585 198
1586 108
1587 162
1588 78
1589 196
1590 96
1591 168
1592 46
1593 136
1594 139
1595 150
1596 64
1597 251
1598 105
1599 156
1600 9
1601 252
1602 96
1603 200
1604 79
1605 168
1606 105
1607 253
1608 38
1609 254
1610 108
1611 164
1612 66
1613 255
1614 114
1615 168
1616 26
1617 160
1618 140
1619 256
1620 48
1621 257
1622 141
1623 200
1624 40
1625 162
1626 116
1627 258
1628 60
1629 168
1630 114
1631 204
1632 14
1633 180
1634 112
1635 174
1636 80
1637 259
1638 96
1639 175
1640 39
1641 202
1642 142
1643 176
1644 66
1645 180
1646 143
1647 144
1648 27
1649 175
1650 90
1651 186
1652 68
1653 160
1654 144
1655 201
1656 36
1657 260
1658 145
1659 176
1660 69
1661 180
1662 118
1663 261
1664 6
1665 144
1666 112
1667 262
1668 68
1669 263
1670 117
1671 204
1672 40
1673 208
1674 88
1675 171
1676 81
1677 168
1678 146
1679 189
1680 24
1681 169
1682 100
1683 140
1684 82
1685 204
1686 120
1687 212
1688 47
1689 206
1690 108
1691 192
1692 60
1693 264
1694 100
1695 180
1696 16
1697 265
1698 122
1699 266
1700 63
1701 128
1702 108
1703 192
1704 40
1705 165
1706 147
1707 208
1708 72
1709 267
1710 96
1711 170
1712 28
1713 210
1714 148
1715 192
1716 60
1717 182
1718 149
1719 172
1720 42
1721 268
1722 104
1723 269
1724 83
1725 162
1726 150
1727 185
1728 8
1729 192
1730 120
1731 212
1732 84
1733 270
1734 98
1735 207
1736 44
1737 176
1738 110
1739 180
1740 60
1741 271
1742 114
1743 184
1744 29
1745 210
1746 100
1747 272
1748 72
1749 160
1750 108
1751 189
1752 42
1753 273
1754 151
1755 144
1756 85
1757 216
1758 124
1759 274
1760 15
1761 214
1762 152
1763 182
1764 64
1765 213
1766 153
1767 176
1768 42
1769 180
1770 102
1771 180
1772 86
1773 180
1774 154
1775 180
1776 24
1777 275
1778 124
1779 216
1780 72
1781 198
1782 80
1783 276
1784 48
1785 168
1786 120
1787 277
1788 70
1789 278
1790 123
1791 184
1792 4
1793 190
1794 108
1795 216
1796 87
1797 218
1798 110
1799 220
1800 36
1801 279
1802 112
1803 220
1804 65
1805 192
1806 112
1807 204
1808 30
1809 152
1810 126
1811 280
1812 72
1813 192
1814 155
1815 150
1816 49
1817 198
1818 104
1819 196
1820 72
1821 222
1822 156
1823 281
1824 16
1825 189
1826 115
1827 160
1828 88
1829 187
1830 108
1831 282
1832 50
1833 180
1834 128
1835 219
1836 56
1837 195
1838 157
1839 224
1840 27
1841 224
1842 126
1843 200
1844 89
1845 156
1846 120
1847 283
1848 40
1849 196
1850 108
1851 226
1852 90
1853 203
1854 108
1855 192
1856 10
1857 228
1858 158
1859 180
1860 66
1861 284
1862 128
1863 144
1864 51
1865 222
1866 128
1867 285
1868 91
1869 192
1870 105
1871 286
1872 24
1873 287
1874 159
1875 162
1876 76
1877 288
1878 130
1879 289
1880 45
1881 160
1882 160
1883 228
1884 74
1885 180
1886 117
1887 168
1888 17
1889 290
1890 96
1891 198
1892 70
1893 230
1894 161
1895 225
1896 44
1897 232
1898 126
1899 188
1900 72
1901 291
1902 132
1903 200
1904 28
1905 186
1906 162
1907 292
1908 64
1909 207
1910 129
1911 192
1912 52
1913 293
1914 100
1915 228
1916 92
1917 160
1918 132
1919 208
1920 6
1921 210
1922 121
1923 232
1924 72
1925 180
1926 112
1927 195
1928 53
1929 234
1930 132
1931 294
1932 72
1933 295
1934 163
1935 168
1936 25
1937 210
1938 112
1939 236
1940 75
1941 236
1942 164
1943 190
1944 32
1945 231
1946 136
1947 170
1948 93
1949 296
1950 108
1951 297
1952 18
1953 176
1954 165
1955 189
1956 76
1957 216
1958 120
1959 238
1960 48
1961 192
1962 116
1963 216
1964 94
1965 192
1966 166
1967 240
1968 26
1969 205
1970 135
1971 168
1972 70
1973 298
1974 120
1975 198
1976 48
1977 240
1978 126
1979 299
1980 60
1981 244
1982 167
1983 242
1984 11
1985 234
1986 134
1987 300
1988 80
1989 168
1990 138
1991 210
1992 46
1993 301
1994 168
1995 192
1996 95
1997 302
1998 96
1999 303
2000 27
2001 180
2002 120
2003 304
2004 78
2005 237
2006 119
2007 192
2008 54
2009 208
2010 114
2011 305
2012 96
2013 180
2014 128
2015 198
2016 16
2017 306
2018 169
2019 244
2020 78
2021 210
2022 136
2023 196
2024 45
2025 144
2026 170
2027 307
2028 72
2029 308
2030 120
2031 246
2032 31
2033 224
2034 120
2035 180
2036 97
2037 200
2038 171
2039 309
2040 42
2041 222
2042 172
2043 196
2044 84
2045 240
2046 110
2047 216
2048 1
2049 248
2050 117
2051 248
2052 64
2053 310
2054 132
2055 198
2056 55
2057 175
2058 128
2059 200
2060 81
2061 200
2062 173
2063 311
2064 28
2065 204
2066 174
2067 192
2068 75
2069 312
2070 108
2071 232
2072 48
2073 250
2074 126
2075 207
2076 80
2077 209
2078 175
2079 160
2080 18
2081 313
2082 138
2083 314
2084 98
2085 204
2086 140
2087 315
2088 40
2089 316
2090 120
2091 182
2092 99
2093 216
2094 140
2095 243
2096 32
2097 204
2098 176
2099 317
2100 72
2101 215
2102 177
2103 252
2104 56
2105 246
2106 96
2107 224
2108 77
2109 192
2110 141
2111 318
2112 10
2113 319
2114 144
2115 180
2116 81
2117 210
2118 142
2119 228
2120 48
2121 208
2122 178
2123 220
2124 68
2125 189
2126 179
2127 254
2128 32
2129 320
2130 120
2131 321
2132 78
2133 176
2134 125
2135 216
2136 48
2137 322
2138 180
2139 198
2140 84
2141 323
2142 112
2143 324
2144 19
2145 180
2146 120
2147 240
2148 82
2149 252
2150 126
2151 208
2152 57
2153 325
2154 144
2155 249
2156 80
2157 256
2158 138
2159 217
2160 24
2161 326
2162 135
2163 216
2164 100
2165 252
2166 128
2167 225
2168 58
2169 212
2170 132
2171 234
2172 84
2173 208
2174 181
2175 180
2176 7
2177 256
2178 100
2179 327
2180 87
2181 258
2182 182
2183 204
2184 48
2185 216
2186 183
2187 128
2188 101
2189 230
2190 126
2191 260
2192 33
2193 196
2194 184
2195 255
2196 72
2197 216
2198 148
2199 260
2200 45
2201 220
2202 146
2203 328
2204 80
2205 192
2206 185
2207 329
2208 18
2209 225
2210 126
2211 190
2212 88
2213 330
2214 104
2215 258
2216 59
2217 262
2218 186
2219 264
2220 72
2221 331
2222 130
2223 192
2224 34
2225 216
2226 128
2227 224
2228 102
2229 264
2230 144
2231 225
2232 44
2233 200
2234 187
2235 210
2236 84
2237 332
2238 148
2239 333
2240 12
2241 184
2242 136
2243 334
2244 70
2245 261
2246 188
2247 224
2248 60
2249 240
2250 108
2251 335
2252 103
2253 266
2254 144
2255 195
2256 30
2257 216
2258 189
2259 216
2260 90
2261 224
2262 120
2263 231
2264 61
2265 216
2266 135
2267 336
2268 64
2269 337
2270 147
2271 268
2272 20
2273 338
2274 150
2275 216
2276 104
2277 180
2278 133
2279 224
2280 48
2281 339
2282 152
2283 270
2284 105
2285 264
2286 124
2287 340
2288 30
2289 232
2290 150
2291 220
2292 86
2293 341
2294 132
2295 168
2296 52
2297 342
2298 152
2299 200
2300 81
2301 204
2302 190
2303 240
2304 4
2305 267
2306 191
2307 272
2308 106
2309 343
2310 120
2311 344
2312 49
2313 220
2314 144
2315 270
2316 88
2317 268
2318 144
2319 274
2320 30
2321 235
2322 112
2323 234
2324 92
2325 198
2326 192
2327 246
2328 50
2329 231
2330 153
2331 192
2332 80
2333 345
2334 154
2335 273
2336 21
2337 208
2338 156
2339 346
2340 72
2341 347
2342 193
2343 200
2344 62
2345 228
2346 126
2347 348
2348 107
2349 160
2350 135
2351 349
2352 32
2353 252
2354 140
2355 222
2356 88
2357 350
2358 128
2359 272
2360 51
2361 276
2362 194
2363 238
2364 90
2365 210
2366 144
2367 224
2368 12
2369 243
2370 132
2371 351
2372 108
2373 240
2374 195
2375 216
2376 40
2377 352
2378 130
2379 216
2380 84
2381 353
2382 156
2383 354
2384 35
2385 192
2386 196
2387 220
2388 92
2389 355
2390 156
2391 278
2392 54
2393 356
2394 128
2395 276
2396 109
2397 210
2398 145
2399 357
2400 18
2401 256
2402 197
2403 192
2404 110
2405 216
2406 158
2407 230
2408 56
2409 210
2410 159
2411 358
2412 76
2413 248
2414 140
2415 216
2416 36
2417 359
2418 132
2419 221
2420 75
2421 228
2422 160
2423 360
2424 52
2425 225
2426 198
2427 280
2428 111
2429 276
2430 96
2431 210
2432 8
2433 282
2434 199
2435 279
2436 80
2437 361
2438 144
2439 232
2440 54
2441 362
2442 120
2443 280
2444 90
2445 228
2446 200
2447 363
2448 28
2449 242
2450 144
2451 224
2452 112
2453 240
2454 160
2455 282
2456 63
2457 192
2458 201
2459 364
2460 78
2461 252
2462 202
2463 284
2464 20
2465 210
2466 132
2467 365
2468 113
2469 286
2470 144
2471 284
2472 54
2473 366
2474 203
2475 180
2476 114
2477 367
2478 136
2479 228
2480 33
2481 288
2482 147
2483 258
2484 72
2485 240
2486 150
2487 290
2488 64
2489 256
2490 138
2491 240
2492 96
2493 236
2494 140
2495 285
2496 12
2497 245
2498 204
2499 224
2500 81
2501 234
2502 136
2503 368
2504 65
2505 234
2506 164
2507 261
2508 80
2509 264
2510 162
2511 176
2512 37
2513 288
2514 162
2515 288
2516 84
2517 292
2518 205
2519 250
2520 48
2521 369
2522 150
2523 200
2524 115
2525 234
2526 164
2527 256
2528 22
2529 240
2530 135
2531 370
2532 94
2533 245
2534 168
2535 216
2536 66
2537 238
2538 120
2539 371
2540 93
2541 200
2542 143
2543 372
2544 32
2545 291
2546 152
2547 244
2548 96
2549 373
2550 126
2551 374
2552 50
2553 216
2554 206
2555 252
2556 80
2557 375
2558 207
2559 294
2560 3
2561 270
2562 144
2563 255
2564 116
2565 192
2566 208
2567 252
2568 56
2569 292
2570 165
2571 296
2572 117
2573 253
2574 120
2575 243
2576 36
2577 298
2578 209
2579 376
2580 84
2581 240
2582 210
2583 208
2584 56
2585 225
2586 166
2587 276
2588 118
2589 300
2590 144
2591 377
2592 16
2593 378
2594 211
2595 240
2596 85
2597 256
2598 168
2599 270
2600 54
2601 196
2602 212
2603 264
2604 88
2605 294
2606 213
2607 220
2608 38
2609 379
2610 120
2611 296
2612 119
2613 228
2614 214
2615 297
2616 58
2617 380
2618 140
2619 200
2620 96
2621 381
2622 144
2623 252
2624 13
2625 216
2626 156
2627 240
2628 84
2629 260
2630 168
2631 302
2632 60
2633 382
2634 170
2635 231
2636 120
2637 248
2638 215
2639 240
2640 30
2641 272
2642 216
2643 304
2644 121
2645 243
2646 128
2647 383
2648 67
2649 306
2650 144
2651 265
2652 84
2653 300
2654 217
2655 204
2656 23
2657 384
2658 172
2659 385
2660 96
2661 308
2662 125
2663 386
2664 48
2665 234
2666 154
2667 248
2668 90
2669 259
2670 144
2671 387
2672 39
2673 160
2674 172
2675 252
2676 96
2677 388
2678 162
2679 240
2680 57
2681 304
2682 140
2683 389
2684 90
2685 246
2686 154
2687 390
2688 8
2689 391
2690 171
2691 216
2692 122
2693 392
2694 174
2695 240
2696 68
2697 220
2698 160
2699 393
2700 72
2701 252
2702 176
2703 224
2704 36
2705 300
2706 130
2707 394
2708 123
2709 224
2710 174
2711 395
2712 60
2713 396
2714 153
2715 252
2716 100
2717 240
2718 144
2719 397
2720 21
2721 310
2722 218
2723 308
2724 98
2725 261
2726 150
2727 208
2728 55
2729 398
2730 144
2731 399
2732 124
2733 312
2734 219
2735 303
2736 32
2737 252
2738 144
2739 230
2740 99
2741 400
2742 176
2743 282
2744 64
2745 216
2746 220
2747 247
2748 100
2749 401
2750 135
2751 256
2752 14
2753 402
2754 112
2755 240
2756 96
2757 314
2758 180
2759 264
2760 54
2761 270
2762 221
2763 252
2764 125
2765 264
2766 178
2767 403
2768 40
2769 240
2770 177
2771 266
2772 80
2773 255
2774 168
2775 216
2776 69
2777 404
2778 180
2779 312
2780 102
2781 216
2782 168
2783 225
2784 20
2785 306
2786 184
2787 316
2788 91
2789 405
2790 132
2791 406
2792 70
2793 256
2794 155
2795 252
2796 102
2797 407
2798 222
2799 256
2800 36
2801 408
2802 182
2803 409
2804 126
2805 210
2806 162
2807 316
2808 48
2809 256
2810 180
2811 318
2812 96
2813 250
2814 152
2815 309
2816 5
2817 260
2818 223
2819 410
2820 90
2821 264
2822 161
2823 320
2824 71
2825 270
2826 148
2827 275
2828 104
2829 234
2830 183
2831 280
2832 34
2833 411
2834 174
2835 192
2836 127
2837 412
2838 140
2839 273
2840 60
2841 322
2842 160
2843 413
2844 88
2845 312
2846 224
2847 252
2848 24
2849 240
2850 144
2851 414
2852 99
2853 264
2854 225
2855 315
2856 56
2857 415
2858 226
2859 324
2860 90
2861 416
2862 128
2863 320
2864 41
2865 258
2866 227
2867 270
2868 104
2869 288
2870 156
2871 200
2872 72
2873 252
2874 184
2875 243
2876 128
2877 264
2878 228
2879 417
2880 12
2881 266
2882 160
2883 242
2884 108
2885 318
2886 144
2887 418
2888 64
2889 224
2890 147
2891 272
2892 106
2893 280
2894 229
2895 264
2896 42
2897 419
2898 144
2899 288
2900 90
2901 326
2902 230
2903 420
2904 50
2905 276
2906 231
2907 224
2908 129
2909 421
2910 150
2911 260
2912 24
2913 328
2914 165
2915 240
2916 64
2917 422
2918 232
2919 272
2920 63
2921 279
2922 186
2923 264
2924 98
2925 216
2926 160
2927 423
2928 36
2929 260
2930 186
2931 330
2932 130
2933 324
2934 152
2935 321
2936 73
2937 240
2938 180
2939 424
2940 96
2941 280
2942 233
2943 232
2944 9
2945 264
2946 188
2947 328
2948 95
2949 332
2950 153
2951 294
2952 52
2953 425
2954 188
2955 270
2956 131
2957 426
2958 140
2959 285
2960 36
2961 240
2962 234
2963 427
2964 96
2965 324
2966 235
2967 252
2968 64
2969 428
2970 120
2971 429
2972 132
2973 334
2974 236
2975 252
2976 22
2977 300
2978 237
2979 268
2980 105
2981 290
2982 160
2983 296
2984 74
2985 276
2986 238
2987 270
2988 92
2989 288
2990 162
2991 336
2992 35
2993 273
2994 190
2995 327
2996 112
2997 192
2998 239
2999 430
3000 54
3001 431
3002 176
3003 240
3004 133
3005 330
3006 156
3007 275
3008 15
3009 238
3010 168
3011 432
3012 108
3013 288
3014 165
3015 228
3016 60
3017 332
3018 192
3019 433
3020 108
3021 256
3022 240
3023 434
3024 32
3025 225
3026 168
3027 338
3028 134
3029 306
3030 156
3031 336
3032 75
3033 272
3034 156
3035 333
3036 90
3037 435
3038 176
3039 340
3040 24
3041 436
3042 144
3043 287
3044 135
3045 240
3046 241
3047 295
3048 62
3049 437
3050 162
3051 240
3052 116
3053 280
3054 194
3055 270
3056 43
3057 342
3058 170
3059 288
3060 84
3061 438
3062 242
3063 344
3064 76
3065 336
3066 168
3067 439
3068 102
3069 220
3070 189
3071 276
3072 2
3073 340
3074 160
3075 234
3076 136
3077 294
3078 128
3079 440
3080 60
3081 264
3082 171
3083 441
3084 110
3085 339
3086 243
3087 256
3088 44
3089 442
3090 162
3091 300
3092 137
3093 346
3094 168
3095 342
3096 56
3097 304
3098 244
3099 348
3100 99
3101 344
3102 150
3103 280
3104 25
3105 216
3106 245
3107 312
3108 96
3109 443
3110 192
3111 252
3112 77
3113 305
3114 160
3115 288
3116 104
3117 350
3118 246
3119 444
3120 36
3121 445
3122 192
3123 276
3124 100
3125 243
3126 196
3127 272
3128 63
3129 280
3130 195
3131 286
3132 80
3133 318
3134 247
3135 240
3136 16
3137 446
3138 198
3139 294
3140 111
3141 280
3142 248
3143 348
3144 64
3145 252
3146 150
3147 352
3148 138
3149 285
3150 144
3151 297
3152 45
3153 354
3154 184
3155 345
3156 112
3157 260
3158 249
3159 192
3160 66
3161 290
3162 154
3163 447
3164 120
3165 282
3166 250
3167 448
3168 20
3169 449
3170 198
3171 288
3172 108
3173 312
3174 162
3175 279
3176 78
3177 284
3178 196
3179 245
3180 96
3181 450
3182 168
3183 356
3184 46
3185 288
3186 136
3187 451
3188 139
3189 358
3190 150
3191 452
3192 64
3193 297
3194 251
3195 240
3196 105
3197 306
3198 156
3199 352
3200 9
3201 250
3202 252
3203 453
3204 96
3205 348
3206 200
3207 360
3208 79
3209 454
3210 168
3211 288
3212 105
3213 224
3214 253
3215 351
3216 38
3217 455
3218 254
3219 240
3220 108
3221 456
3222 164
3223 310
3224 66
3225 252
3226 255
3227 356
3228 114
3229 457
3230 168
3231 288
3232 26
3233 288
3234 160
3235 354
3236 140
3237 276
3238 256
3239 286
3240 48
3241 360
3242 257
3243 270
3244 141
3245 255
3246 200
3247 301
3248 40
3249 256
3250 162
3251 458
3252 116
3253 459
3254 258
3255 264
3256 60
3257 460
3258 168
3259 461
3260 114
3261 362
3262 204
3263 324
3264 14
3265 357
3266 180
3267 200
3268 112
3269 364
3270 174
3271 462
3272 80
3273 364
3274 259
3275 288
3276 96
3277 300
3278 175
3279 366
3280 39
3281 308
3282 202
3283 304
3284 142
3285 252
3286 176
3287 320
3288 66
3289 270
3290 180
3291 368
3292 143
3293 288
3294 144
3295 360
3296 27
3297 296
3298 175
3299 463
3300 90
3301 464
3302 186
3303 292
3304 68
3305 363
3306 160
3307 465
3308 144
3309 370
3310 201
3311 280
3312 36
3313 466
3314 260
3315 252
3316 145
3317 308
3318 176
3319 467
3320 69
3321 208
3322 180
3323 468
3324 118
3325 288
3326 261
3327 372
3328 6
3329 469
3330 144
3331 470
3332 112
3333 260
3334 262
3335 270
3336 68
3337 300
3338 263
3339 256
3340 117
3341 330
3342 204
3343 471
3344 40
3345 288
3346 208
3347 472
3348 88
3349 315
3350 171
3351 374
3352 81
3353 368
3354 168
3355 270
3356 146
3357 296
3358 189
3359 473
3360 24
3361 474
3362 169
3363 272
3364 100
3365 366
3366 140
3367 288
3368 82
3369 376
3370 204
3371 475
3372 120
3373 476
3374 212
3375 216
3376 47
3377 315
3378 206
3379 319
3380 108
3381 288
3382 192
3383 322
3384 60
3385 369
3386 264
3387 378
3388 100
3389 477
3390 180
3391 478
3392 16
3393 240
3394 265
3395 300
3396 122
3397 308
3398 266
3399 270
3400 63
3401 328
3402 128
3403 299
3404 108
3405 294
3406 192
3407 479
3408 40
3409 372
3410 165
3411 300
3412 147
3413 480
3414 208
3415 372
3416 72
3417 266
3418 267
3419 336
3420 96
3421 320
3422 170
3423 304
3424 28
3425 297
3426 210
3427 315
3428 148
3429 248
3430 192
3431 315
3432 60
3433 481
3434 182
3435 300
3436 149
3437 376
3438 172
3439 336
3440 42
3441 264
3442 268
3443 325
3444 104
3445 288
3446 269
3447 304
3448 83
3449 482
3450 162
3451 280
3452 150
3453 380
3454 185
3455 375
3456 8
3457 483
3458 192
3459 382
3460 120
3461 484
3462 212
3463 485
3464 84
3465 240
3466 270
3467 486
3468 98
3469 487
3470 207
3471 288
3472 44
3473 324
3474 176
3475 306
3476 110
3477 288
3478 180
3479 320
3480 60
3481 289
3482 271
3483 224
3484 114
3485 273
3486 184
3487 330
3488 29
3489 384
3490 210
3491 488
3492 100
3493 380
3494 272
3495 306
3496 72
3497 342
3498 160
3499 489
3500 108
3501 308
3502 189
3503 330
3504 42
3505 378
3506 273
3507 312
3508 151
3509 250
3510 144
3511 490
3512 85
3513 386
3514 216
3515 288
3516 124
3517 491
3518 274
3519 252
3520 15
3521 384
3522 214
3523 348
3524 152
3525 270
3526 182
3527 492
3528 64
3529 493
3530 213
3531 280
3532 153
3533 494
3534 176
3535 312
3536 42
3537 256
3538 180
3539 495
3540 102
3541 496
3542 180
3543 388
3544 86
3545 381
3546 180
3547 497
3548 154
3549 288
3550 180
3551 304
3552 24
3553 280
3554 275
3555 264
3556 124
3557 498
3558 216
3559 499
3560 72
3561 390
3562 198
3563 388
3564 80
3565 297
3566 276
3567 260
3568 48
3569 322
3570 168
3571 500
3572 120
3573 312
3574 277
3575 270
3576 70
3577 336
3578 278
3579 392
3580 123
3581 501
3582 184
3583 502
3584 4
3585 312
3586 190
3587 329
3588 108
3589 300
3590 216
3591 256
3592 87
3593 503
3594 218
3595 384
3596 110
3597 290
3598 220
3599 306
3600 36
3601 354
3602 279
3603 394
3604 112
3605 324
3606 220
3607 504
3608 65
3609 316
3610 192
3611 333
3612 112
3613 505
3614 204
3615 318
3616 30
3617 506
3618 152
3619 300
3620 126
3621 280
3622 280
3623 507
3624 72
3625 270
3626 192
3627 264
3628 155
3629 344
3630 150
3631 508
3632 49
3633 320
3634 198
3635 387
3636 104
3637 509
3638 196
3639 396
3640 72
3641 335
3642 222
3643 510
3644 156
3645 192
3646 281
3647 392
3648 16
3649 312
3650 189
3651 398
3652 115
3653 360
3654 160
3655 294
3656 88
3657 288
3658 187
3659 511
3660 108
3661 396
3662 282
3663 240
3664 50
3665 390
3666 180
3667 352
3668 128
3669 400
3670 219
3671 512
3672 56
3673 513
3674 195
3675 288
3676 157
3677 514
3678 224
3679 366
3680 27
3681 320
3682 224
3683 310
3684 126
3685 285
3686 200
3687 402
3688 89
3689 308
3690 156
3691 515
3692 120
3693 404
3694 283
3695 393
3696 40
3697 516
3698 196
3699 264
3700 108
3701 517
3702 226
3703 324
3704 90
3705 288
3706 203
3707 340
3708 108
3709 518
3710 192
3711 406
3712 10
3713 330
3714 228
3715 396
3716 158
3717 272
3718 180
3719 519
3720 66
3721 324
3722 284
3723 294
3724 128
3725 315
3726 144
3727 520
3728 51
3729 300
3730 222
3731 312
3732 128
3733 521
3734 285
3735 276
3736 91
3737 312
3738 192
3739 522
3740 105
3741 280
3742 286
3743 360
3744 24
3745 336
3746 287
3747 408
3748 159
3749 342
3750 162
3751 275
3752 76
3753 272
3754 288
3755 399
3756 130
3757 294
3758 289
3759 328
3760 45
3761 523
3762 160
3763 320
3764 160
3765 324
3766 228
3767 524
3768 74
3769 525
3770 180
3771 324
3772 117
3773 320
3774 168
3775 324
3776 17
3777 410
3778 290
3779 526
3780 96
3781 368
3782 198
3783 300
3784 70
3785 402
3786 230
3787 400
3788 161
3789 328
3790 225
3791 336
3792 44
3793 527
3794 232
3795 270
3796 126
3797 528
3798 188
3799 320
3800 72
3801 336
3802 291
3803 529
3804 132
3805 405
3806 200
3807 240
3808 28
3809 372
3810 186
3811 324
3812 162
3813 286
3814 292
3815 348
3816 64
3817 345
3818 207
3819 304
3820 129
3821 530
3822 192
3823 531
3824 52
3825 252
3826 293
3827 336
3828 100
3829 404
3830 228
3831 412
3832 92
3833 532
3834 160
3835 306
3836 132
3837 414
3838 208
3839 350
3840 6
3841 351
3842 210
3843 288
3844 121
3845 408
3846 232
3847 533
3848 72
3849 416
3850 180
3851 534
3852 112
3853 535
3854 195
3855 330
3856 53
3857 320
3858 234
3859 343
3860 132
3861 240
3862 294
3863 536
3864 72
3865 411
3866 295
3867 418
3868 163
3869 336
3870 168
3871 352
3872 25
3873 420
3874 210
3875 297
3876 112
3877 537
3878 236
3879 332
3880 75
3881 538
3882 236
3883 355
3884 164
3885 288
3886 190
3887 324
3888 32
3889 539
3890 231
3891 422
3892 136
3893 350
3894 170
3895 312
3896 93
3897 336
3898 296
3899 408
3900 108
3901 345
3902 297
3903 424
3904 18
3905 300
3906 176
3907 540
3908 165
3909 426
3910 189
3911 541
3912 76
3913 336
3914 216
3915 240
3916 120
3917 542
3918 238
3919 543
3920 48
3921 428
3922 192
3923 544
3924 116
3925 333
3926 216
3927 280
3928 94
3929 545
3930 192
3931 546
3932 166
3933 288
3934 240
3935 414
3936 26
3937 341
3938 205
3939 312
3940 135
3941 412
3942 168
3943 547
3944 70
3945 336
3946 298
3947 548
3948 120
3949 360
3950 198
3951 340
3952 48
3953 323
3954 240
3955 360
3956 126
3957 430
3958 299
3959 336
3960 60
3961 357
3962 244
3963 432
3964 167
3965 324
3966 242
3967 549
3968 11
3969 256
3970 234
3971 320
3972 134
3973 330
3974 300
3975 288
3976 80
3977 325
3978 168
3979 360
3980 138
3981 434
3982 210
3983 416
3984 46
3985 417
3986 301
3987 344
3988 168
3989 550
3990 192
3991 378
3992 95
3993 250
3994 302
3995 315
3996 96
3997 420
3998 303
3999 308
4000 27
4001 551
4002 180
4003 552
4004 120
4005 288
4006 304
4007 553
4008 78
4009 376
4010 237
4011 344
4012 119
4013 554
4014 192
4015 315
4016 54
4017 324
4018 208
4019 555
4020 114
4021 556
4022 305
4023 280
4024 96
4025 324
4026 180
4027 557
4028 128
4029 308
4030 198
4031 340
4032 16
4033 348
4034 306
4035 342
4036 169
4037 365
4038 244
4039 424
4040 78
4041 348
4042 210
4043 384
4044 136
4045 420
4046 196
4047 320
4048 45
4049 558
4050 144
4051 559
4052 170
4053 352
4054 307
4055 423
4056 72
4057 560
4058 308
4059 260
4060 120
4061 352
4062 246
4063 364
4064 31
4065 348
4066 224
4067 368
4068 120
4069 390
4070 180
4071 306
4072 97
4073 561
4074 200
4075 342
4076 171
4077 288
4078 309
4079 562
4080 42
4081 320
4082 222
4083 436
4084 172
4085 336
4086 196
4087 342
4088 84
4089 300
4090 240
4091 563
4092 110
4093 564
4094 216
4095 288
4096 1
4097 371
4098 248
4099 565
4100 117
4101 438
4102 248
4103 370
4104 64
4105 426
4106 310
4107 288
4108 132
4109 428
4110 198
4111 566
4112 55
4113 352
4114 175
4115 429
4116 128
4117 369
4118 200
4119 440
4120 81
4121 396
4122 200
4123 352
4124 173
4125 270
4126 311
4127 567
4128 28
4129 568
4130 204
4131 224
4132 174
4133 569
4134 192
4135 432
4136 75
4137 360
4138 312
4139 570
4140 108
4141 338
4142 232
4143 442
4144 48
4145 435
4146 250
4147 300
4148 126
4149 356
4150 207
4151 432
4152 80
4153 571
4154 209
4155 354
4156 175
4157 572
4158 160
4159 573
4160 18
4161 336
4162 313
4163 378
4164 138
4165 336
4166 314
4167 360
4168 98
4169 375
4170 204
4171 350
4172 140
4173 336
4174 315
4175 351
4176 40
4177 574
4178 316
4179 368
4180 120
4181 360
4182 182
4183 360
4184 99
4185 264
4186 216
4187 352
4188 140
4189 340
4190 243
4191 310
4192 32
4193 436
4194 204
4195 438
4196 176
4197 444
4198 317
4199 336
4200 72
4201 575
4202 215
4203 364
4204 177
4205 300
4206 252
4207 440
4208 56
4209 324
4210 246
4211 576
4212 96
4213 380
4214 224
4215 360
4216 77
4217 577
4218 192
4219 578
4220 141
4221 304
4222 318
4223 351
4224 10
4225 324
4226 319
4227 446
4228 144
4229 579
4230 180
4231 580
4232 81
4233 322
4234 210
4235 300
4236 142
4237 384
4238 228
4239 296
4240 48
4241 581
4242 208
4243 582
4244 178
4245 366
4246 220
4247 363
4248 68
4249 444
4250 189
4251 348
4252 179
4253 583
4254 254
4255 324
4256 32
4257 280
4258 320
4259 584
4260 120
4261 585
4262 321
4263 320
4264 78
4265 441
4266 176
4267 378
4268 125
4269 448
4270 216
4271 586
4272 48
4273 587
4274 322
4275 288
4276 180
4277 360
4278 198
4279 385
4280 84
4281 450
4282 323
4283 588
4284 112
4285 444
4286 324
4287 452
4288 19
4289 589
4290 180
4291 448
4292 120
4293 256
4294 240
4295 447
4296 82
4297 590
4298 252
4299 454
4300 126
4301 315
4302 208
4303 402
4304 57
4305 312
4306 325
4307 357
4308 144
4309 374
4310 249
4311 368
4312 80
4313 392
4314 256
4315 450
4316 138
4317 456
4318 217
4319 452
4320 24
4321 350
4322 326
4323 320
4324 135
4325 360
4326 216
4327 591
4328 100
4329 288
4330 252
4331 360
4332 128
4333 456
4334 225
4335 294
4336 58
4337 592
4338 212
4339 593
4340 132
4341 458
4342 234
4343 364
4344 84
4345 330
4346 208
4347 288
4348 181
4349 594
4350 180
4351 400
4352 7
4353 460
4354 256
4355 342
4356 100
4357 595
4358 327
4359 462
4360 87
4361 384
4362 258
4363 596
4364 182
4365 300
4366 204
4367 390
4368 48
4369 385
4370 216
4371 330
4372 183
4373 597
4374 128
4375 324
4376 101
4377 464
4378 230
4379 360
4380 126
4381 408
4382 260
4383 372
4384 33
4385 453
4386 196
4387 364
4388 184
4389 320
4390 255
4391 598
4392 72
4393 387
4394 216
4395 372
4396 148
4397 599
4398 260
4399 368
4400 45
4401 304
4402 220
4403 336
4404 146
4405 456
4406 328
4407 360
4408 80
4409 600
4410 192
4411 395
4412 185
4413 466
4414 329
4415 459
4416 18
4417 460
4418 225
4419 376
4420 126
4421 601
4422 190
4423 602
4424 88
4425 306
4426 330
4427 408
4428 104
4429 378
4430 258
4431 376
4432 59
4433 330
4434 262
4435 462
4436 186
4437 280
4438 264
4439 396
4440 72
4441 603
4442 331
4443 468
4444 130
4445 372
4446 192
4447 604
4448 34
4449 470
4450 216
4451 605
4452 128
4453 378
4454 224
4455 240
4456 102
4457 606
4458 264
4459 384
4460 144
4461 472
4462 225
4463 607
4464 44
4465 360
4466 200
4467 474
4468 187
4469 377
4470 210
4471 392
4472 84
4473 320
4474 332
4475 369
4476 148
4477 300
4478 333
4479 476
4480 12
4481 608
4482 184
4483 609
4484 136
4485 324
4486 334
4487 464
4488 70
4489 361
4490 261
4491 380
4492 188
4493 610
4494 224
4495 330
4496 60
4497 478
4498 240
4499 400
4500 108
4501 468
4502 335
4503 352
4504 103
4505 336
4506 266
4507 611
4508 144
4509 312
4510 195
4511 414
4512 30
4513 612
4514 216
4515 336
4516 189
4517 613
4518 216
4519 614
4520 90
4521 330
4522 224
4523 615
4524 120
4525 378
4526 231
4527 384
4528 61
4529 472
4530 216
4531 405
4532 135
4533 480
4534 336
4535 465
4536 64
4537 420
4538 337
4539 336
4540 147
4541 416
4542 268
4543 340
4544 20
4545 312
4546 338
4547 616
4548 150
4549 617
4550 216
4551 312
4552 104
4553 370
4554 180
4555 468
4556 133
4557 352
4558 224
4559 375
4560 48
4561 618
4562 339
4563 288
4564 152
4565 345
4566 270
4567 619
4568 105
4569 482
4570 264
4571 476
4572 124
4573 399
4574 340
4575 324
4576 30
4577 414
4578 232
4579 424
4580 150
4581 388
4582 220
4583 620
4584 86
4585 384
4586 341
4587 340
4588 132
4589 426
4590 168
4591 621
4592 52
4593 484
4594 342
4595 471
4596 152
4597 622
4598 200
4599 336
4600 81
4601 392
4602 204
4603 623
4604 190
4605 378
4606 240
4607 406
4608 4
4609 405
4610 267
4611 320
4612 191
4613 480
4614 272
4615 360
4616 106
4617 256
4618 343
4619 385
4620 120
4621 624
4622 344
4623 342
4624 49
4625 324
4626 220
4627 484
4628 144
4629 486
4630 270
4631 410
4632 88
4633 390
4634 268
4635 324
4636 144
4637 625
4638 274
4639 626
4640 30
4641 336
4642 235
4643 627
4644 112
4645 474
4646 234
4647 488
4648 92
4649 628
4650 198
4651 629
4652 192
4653 300
4654 246
4655 384
4656 50
4657 630
4658 231
4659 490
4660 153
4661 374
4662 192
4663 631
4664 80
4665 384
4666 345
4667 432
4668 154
4669 360
4670 273
4671 320
4672 21
4673 632
4674 208
4675 315
4676 156
4677 492
4678 346
4679 633
4680 72
4681 396
4682 347
4683 384
4684 193
4685 477
4686 200
4687 406
4688 62
4689 392
4690 228
4691 634
4692 126
4693 384
4694 348
4695 390
4696 107
4697 360
4698 160
4699 372
4700 135
4701 494
4702 349
4703 635
4704 32
4705 480
4706 252
4707 396
4708 140
4709 413
4710 222
4711 488
4712 88
4713 496
4714 350
4715 351
4716 128
4717 384
4718 272
4719 300
4720 51
4721 636
4722 276
4723 637
4724 194
4725 288
4726 238
4727 380
4728 90
4729 638
4730 210
4731 368
4732 144
4733 639
4734 224
4735 483
4736 12
4737 498
4738 243
4739 492
4740 132
4741 415
4742 351
4743 308
4744 108
4745 378
4746 240
4747 390
4748 195
4749 500
4750 216
4751 640
4752 40
4753 400
4754 352
4755 396
4756 130
4757 380
4758 216
4759 641
4760 84
4761 324
4762 353
4763 420
4764 156
4765 486
4766 354
4767 392
4768 35
4769 432
4770 192
4771 438
4772 196
4773 336
4774 220
4775 387
4776 92
4777 420
4778 355
4779 272
4780 156
4781 496
4782 278
4783 642
4784 54
4785 300
4786 356
4787 643
4788 128
4789 644
4790 276
4791 502
4792 109
4793 645
4794 210
4795 396
4796 145
4797 312
4798 357
4799 646
4800 18
4801 647
4802 256
4803 504
4804 197
4805 363
4806 192
4807 360
4808 110
4809 400
4810 216
4811 427
4812 158
4813 648
4814 230
4815 336
4816 56
4817 649
4818 210
4819 396
4820 159
4821 506
4822 358
4823 384
4824 76
4825 396
4826 248
4827 508
4828 140
4829 425
4830 216
4831 650
4832 36
4833 328
4834 359
4835 489
4836 132
4837 500
4838 221
4839 510
4840 75
4841 405
4842 228
4843 390
4844 160
4845 336
4846 360
4847 384
4848 52
4849 444
4850 225
4851 320
4852 198
4853 423
4854 280
4855 492
4856 111
4857 512
4858 276
4859 420
4860 96
4861 651
4862 210
4863 514
4864 8
4865 408
4866 282
4867 407
4868 199
4869 400
4870 279
4871 652
4872 80
4873 430
4874 361
4875 324
4876 144
4877 653
4878 232
4879 364
4880 54
4881 516
4882 362
4883 440
4884 120
4885 495
4886 280
4887 336
4888 90
4889 654
4890 228
4891 399
4892 200
4893 408
4894 363
4895 360
4896 28
4897 391
4898 242
4899 360
4900 144
4901 360
4902 224
4903 655
4904 112
4905 348
4906 240
4907 504
4908 160
4909 656
4910 282
4911 518
4912 63
4913 343
4914 192
4915 498
4916 201
4917 350
4918 364
4919 657
4920 78
4921 384
4922 252
4923 404
4924 202
4925 405
4926 284
4927 450
4928 20
4929 352
4930 210
4931 658
4932 132
4933 659
4934 365
4935 360
4936 113
4937 660
4938 286
4939 435
4940 144
4941 288
4942 284
4943 661
4944 54
4945 378
4946 366
4947 350
4948 203
4949 416
4950 180
4951 662
4952 114
4953 372
4954 367
4955 501
4956 136
4957 663
4958 228
4959 320
4960 33
4961 325
4962 288
4963 508
4964 147
4965 402
4966 258
4967 664
4968 72
4969 665
4970 240
4971 520
4972 150
4973 666
4974 290
4975 414
4976 64
4977 352
4978 256
4979 456
4980 138
4981 434
4982 240
4983 360
4984 96
4985 504
4986 236
4987 667
4988 140
4989 522
4990 285
4991 396
4992 12
4993 668
4994 245
4995 288
4996 204
4997 448
4998 224
4999 669
5000 81
5001 524
5002 234
5003 670
5004 136
5005 360
5006 368
5007 526
5008 65
5009 671
5010 234
5011 672
5012 164
5013 408
5014 261
5015 357
5016 80
5017 400
5018 264
5019 416
5020 162
5021 673
5022 176
5023 674
5024 37
5025 342
5026 288
5027 440
5028 162
5029 420
5030 288
5031 336
5032 84
5033 512
5034 292
5035 384
5036 205
5037 378
5038 250
5039 675
5040 48
5041 400
5042 369
5043 338
5044 150
5045 507
5046 200
5047 432
5048 115
5049 280
5050 234
5051 676
5052 164
5053 418
5054 256
5055 408
5056 22
5057 462
5058 240
5059 677
5060 135
5061 424
5062 370
5063 414
5064 94
5065 510
5066 245
5067 412
5068 168
5069 396
5070 216
5071 445
5072 66
5073 384
5074 238
5075 360
5076 120
5077 678
5078 371
5079 528
5080 93
5081 679
5082 200
5083 378
5084 143
5085 360
5086 372
5087 680
5088 32
5089 516
5090 291
5091 530
5092 152
5093 450
5094 244
5095 513
5096 96
5097 532
5098 373
5099 681
5100 126
5101 682
5102 374
5103 256
5104 50
5105 516
5106 216
5107 683
5108 206
5109 384
5110 252
5111 456
5112 80
5113 684
5114 375
5115 330
5116 207
5117 392
5118 294
5119 685
5120 3
5121 416
5122 270
5123 435
5124 144
5125 351
5126 255
5127 534
5128 116
5129 432
5130 192
5131 520
5132 208
5133 340
5134 252
5135 396
5136 56
5137 455
5138 292
5139 420
5140 165
5141 400
5142 296
5143 408
5144 117
5145 384
5146 253
5147 686
5148 120
5149 464
5150 243
5151 364
5152 36
5153 687
5154 298
5155 519
5156 209
5157 344
5158 376
5159 380
5160 84
5161 468
5162 240
5163 536
5164 210
5165 522
5166 208
5167 688
5168 56
5169 538
5170 225
5171 689
5172 166
5173 524
5174 276
5175 324
5176 118
5177 429
5178 300
5179 690
5180 144
5181 370
5182 377
5183 420
5184 16
5185 378
5186 378
5187 384
5188 211
5189 691
5190 240
5191 410
5192 85
5193 424
5194 256
5195 525
5196 168
5197 692
5198 270
5199 540
5200 54
5201 528
5202 196
5203 350
5204 212
5205 414
5206 264
5207 403
5208 88
5209 693
5210 294
5211 352
5212 213
5213 474
5214 220
5215 420
5216 38
5217 360
5218 379
5219 441
5220 120
5221 441
5222 296
5223 542
5224 119
5225 360
5226 228
5227 694
5228 214
5229 368
5230 297
5231 695
5232 58
5233 696
5234 380
5235 420
5236 140
5237 697
5238 200
5239 396
5240 96
5241 544
5242 381
5243 448
5244 144
5245 528
5246 252
5247 320
5248 13
5249 420
5250 216
5251 408
5252 156
5253 378
5254 240
5255 531
5256 84
5257 532
5258 260
5259 546
5260 168
5261 698
5262 302
5263 472
5264 60
5265 288
5266 382
5267 450
5268 170
5269 460
5270 231
5271 432
5272 120
5273 699
5274 248
5275 423
5276 215
5277 548
5278 240
5279 700
5280 30
5281 701
5282 272
5283 428
5284 216
5285 432
5286 304
5287 448
5288 121
5289 364
5290 243
5291 360
5292 128
5293 418
5294 383
5295 426
5296 67
5297 702
5298 306
5299 536
5300 144
5301 352
5302 265
5303 703
5304 84
5305 534
5306 300
5307 360
5308 217
5309 704
5310 204
5311 450
5312 23
5313 360
5314 384
5315 537
5316 172
5317 480
5318 385
5319 360
5320 96
5321 455
5322 308
5323 705
5324 125
5325 360
5326 386
5327 540
5328 48
5329 441
5330 234
5331 550
5332 154
5333 706
5334 248
5335 375
5336 90
5337 432
5338 259
5339 480
5340 144
5341 464
5342 387
5343 396
5344 39
5345 540
5346 160
5347 707
5348 172
5349 552
5350 252
5351 708
5352 96
5353 416
5354 388
5355 336
5356 162
5357 465
5358 240
5359 459
5360 57
5361 554
5362 304
5363 440
5364 140
5365 360
5366 389
5367 556
5368 90
5369 408
5370 246
5371 416
5372 154
5373 368
5374 390
5375 378
5376 8
5377 488
5378 391
5379 380
5380 171
5381 709
5382 216
5383 544
5384 122
5385 432
5386 392
5387 710
5388 174
5389 462
5390 240
5391 436
5392 68
5393 711
5394 220
5395 414
5396 160
5397 440
5398 393
5399 712
5400 72
5401 470
5402 252
5403 558
5404 176
5405 405
5406 224
5407 713
5408 36
5409 440
5410 300
5411 548
5412 130
5413 714
5414 394
5415 384
5416 123
5417 715
5418 224
5419 716
5420 174
5421 408
5422 395
5423 350
5424 60
5425 396
5426 396
5427 304
5428 153
5429 432
5430 252
5431 717
5432 100
5433 560
5434 240
5435 543
5436 144
5437 718
5438 397
5439 384
5440 21
5441 719
5442 310
5443 720
5444 218
5445 300
5446 308
5447 486
5448 98
5449 721
5450 261
5451 396
5452 150
5453 416
5454 208
5455 546
5456 55
5457 392
5458 398
5459 432
5460 144
5461 434
5462 399
5463 444
5464 124
5465 549
5466 312
5467 400
5468 219
5469 562
5470 303
5471 722
5472 32
5473 492
5474 252
5475 378
5476 144
5477 723
5478 230
5479 724
5480 99
5481 320
5482 400
5483 725
5484 176
5485 552
5486 282
5487 374
5488 64
5489 475
5490 216
5491 392
5492 220
5493 564
5494 247
5495 444
5496 100
5497 468
5498 401
5499 360
5500 135
5501 726
5502 256
5503 727
5504 14
5505 438
5506 402
5507 728
5508 112
5509 552
5510 240
5511 390
5512 96
5513 420
5514 314
5515 555
5516 180
5517 448
5518 264
5519 729
5520 54
5521 730
5522 270
5523 448
5524 221
5525 378
5526 252
5527 731
5528 125
5529 400
5530 264
5531 732
5532 178
5533 480
5534 403
5535 312
5536 40
5537 480
5538 240
5539 430
5540 177
5541 566
5542 266
5543 477
5544 80
5545 558
5546 255
5547 392
5548 168
5549 451
5550 216
5551 432
5552 69
5553 452
5554 404
5555 390
5556 180
5557 733
5558 312
5559 406
5560 102
5561 437
5562 216
5563 734
5564 168
5565 384
5566 225
5567 496
5568 20
5569 735
5570 306
5571 456
5572 184
5573 736
5574 316
5575 432
5576 91
5577 360
5578 405
5579 556
5580 132
5581 737
5582 406
5583 568
5584 70
5585 561
5586 256
5587 432
5588 155
5589 288
5590 252
5591 738
5592 102
5593 420
5594 407
5595 444
5596 222
5597 440
5598 256
5599 485
5600 36
5601 570
5602 408
5603 498
5604 182
5605 408
5606 409
5607 384
5608 126
5609 440
5610 210
5611 462
5612 162
5613 572
5614 316
5615 564
5616 48
5617 429
5618 256
5619 574
5620 180
5621 420
5622 318
5623 739
5624 96
5625 324
5626 250
5627 469
5628 152
5629 504
5630 309
5631 576
5632 5
5633 448
5634 260
5635 432
5636 223
5637 578
5638 410
5639 740
5640 90
5641 741
5642 264
5643 320
5644 161
5645 567
5646 320
5647 742
5648 71
5649 456
5650 270
5651 743
5652 148
5653 744
5654 275
5655 360
5656 104
5657 745
5658 234
5659 746
5660 183
5661 336
5662 280
5663 560
5664 34
5665 405
5666 411
5667 580
5668 174
5669 747
5670 192
5671 448
5672 127
5673 396
5674 412
5675 441
5676 140
5677 564
5678 273
5679 460
5680 60
5681 432
5682 322
5683 748
5684 160
5685 450
5686 413
5687 375
5688 88
5689 749
5690 312
5691 464
5692 224
5693 750
5694 252
5695 399
5696 24
5697 376
5698 240
5699 442
5700 144
5701 751
5702 414
5703 582
5704 99
5705 456
5706 264
5707 510
5708 225
5709 400
5710 315
5711 752
5712 56
5713 450
5714 415
5715 372
5716 226
5717 753
5718 324
5719 448
5720 90
5721 584
5722 416
5723 425
5724 128
5725 450
5726 320
5727 414
5728 41
5729 476
5730 258
5731 490
5732 227
5733 384
5734 270
5735 396
5736 104
5737 754
5738 288
5739 586
5740 156
5741 755
5742 200
5743 756
5744 72
5745 456
5746 252
5747 568
5748 184
5749 757
5750 243
5751 320
5752 128
5753 495
5754 264
5755 570
5756 228
5757 416
5758 417
5759 516
5760 12
5761 572
5762 266
5763 420
5764 160
5765 573
5766 242
5767 462
5768 108
5769 464
5770 318
5771 460
5772 144
5773 486
5774 418
5775 360
5776 64
5777 464
5778 224
5779 758
5780 147
5781 390
5782 272
5783 759
5784 106
5785 432
5786 280
5787 468
5788 229
5789 576
5790 264
5791 760
5792 42
5793 588
5794 419
5795 432
5796 144
5797 385
5798 288
5799 590
5800 90
5801 761
5802 326
5803 580
5804 230
5805 336
5806 420
5807 762
5808 50
5809 444
5810 276
5811 420
5812 231
5813 763
5814 224
5815 576
5816 129
5817 472
5818 421
5819 405
5820 150
5821 764
5822 260
5823 472
5824 24
5825 459
5826 328
5827 765
5828 165
5829 380
5830 240
5831 448
5832 64
5833 504
5834 422
5835 462
5836 232
5837 522
5838 272
5839 766
5840 63
5841 340
5842 279
5843 767
5844 186
5845 468
5846 264
5847 592
5848 98
5849 768
5850 216
5851 769
5852 160
5853 594
5854 423
5855 579
5856 36
5857 770
5858 260
5859 352
5860 186
5861 771
5862 330
5863 390
5864 130
5865 378
5866 324
5867 772
5868 152
5869 773
5870 321
5871 432
5872 73
5873 584
5874 240
5875 405
5876 180
5877 476
5878 424
5879 774
5880 96
5881 775
5882 280
5883 384
5884 233
5885 420
5886 232
5887 400
5888 9
5889 432
5890 264
5891 462
5892 188
5893 460
5894 328
5895 384
5896 95
5897 776
5898 332
5899 483
5900 153
5901 480
5902 294
5903 777
5904 52
5905 582
5906 425
5907 410
5908 188
5909 512
5910 270
5911 495
5912 131
5913 336
5914 426
5915 432
5916 140
5917 450
5918 285
5919 596
5920 36
5921 473
5922 240
5923 778
5924 234
5925 396
5926 427
5927 779
5928 96
5929 400
5930 324
5931 480
5932 235
5933 490
5934 252
5935 585
5936 64
5937 598
5938 428
5939 780
5940 120
5941 528
5942 429
5943 488
5944 132
5945 390
5946 334
5947 520
5948 236
5949 484
5950 252
5951 500
5952 22
5953 781
5954 300
5955 468
5956 237
5957 432
5958 268
5959 442
5960 105
5961 600
5962 290
5963 456
5964 160
5965 588
5966 296
5967 336
5968 74
5969 465
5970 276
5971 588
5972 238
5973 420
5974 270
5975 468
5976 92
5977 476
5978 288
5979 602
5980 162
5981 782
5982 336
5983 484
5984 35
5985 384
5986 273
5987 783
5988 190
5989 480
5990 327
5991 604
5992 112
5993 534
5994 192
5995 435
5996 239
5997 606
5998 430
5999 592
6000 54
6001 497
6002 431
6003 360
6004 176
6005 591
6006 240
6007 784
6008 133
6009 608
6010 330
6011 785
6012 156
6013 596
6014 275
6015 474
6016 15
6017 505
6018 238
6019 540
6020 168
6021 384
6022 432
6023 528
6024 108
6025 477
6026 288
6027 416
6028 165
6029 786
6030 228
6031 456
6032 60
6033 610
6034 332
6035 420
6036 192
6037 787
6038 433
6039 360
6040 108
6041 600
6042 256
6043 788
6044 240
6045 396
6046 434
6047 789
6048 32
6049 504
6050 225
6051 612
6052 168
6053 790
6054 338
6055 480
6056 134
6057 488
6058 306
6059 483
6060 156
6061 400
6062 336
6063 420
6064 75
6065 594
6066 272
6067 791
6068 156
6069 392
6070 333
6071 546
6072 90
6073 792
6074 435
6075 288
6076 176
6077 459
6078 340
6079 793
6080 24
6081 614
6082 436
6083 440
6084 144
6085 597
6086 287
6087 616
6088 135
6089 794
6090 240
6091 795
6092 241
6093 492
6094 295
6095 432
6096 62
6097 456
6098 437
6099 448
6100 162
6101 796
6102 240
6103 504
6104 116
6105 360
6106 280
6107 495
6108 194
6109 455
6110 270
6111 400
6112 43
6113 797
6114 342
6115 600
6116 170
6117 618
6118 288
6119 470
6120 84
6121 798
6122 438
6123 444
6124 242
6125 432
6126 344
6127 510
6128 76
6129 392
6130 336
6131 799
6132 168
6133 800
6134 439
6135 480
6136 102
6137 448
6138 220
6139 604
6140 189
6141 432
6142 276
6143 801
6144 2
6145 603
6146 340
6147 496
6148 160
6149 420
6150 234
6151 802
6152 136
6153 496
6154 294
6155 606
6156 128
6157 480
6158 440
6159 620
6160 60
6161 468
6162 264
6163 803
6164 171
6165 396
6166 441
6167 608
6168 110
6169 506
6170 339
6171 350
6172 243
6173 804
6174 256
6175 432
6176 44
6177 400
6178 442
6179 468
6180 162
6181 612
6182 300
6183 400
6184 137
6185 609
6186 346
6187 513
6188 168
6189 622
6190 342
6191 468
6192 56
6193 515
6194 304
6195 408
6196 244
6197 805
6198 348
6199 806
6200 99
6201 384
6202 344
6203 807
6204 150
6205 441
6206 280
6207 624
6208 25
6209 616
6210 216
6211 808
6212 245
6213 464
6214 312
6215 450
6216 96
6217 809
6218 443
6219 500
6220 192
6221 810
6222 252
6223 496
6224 77
6225 414
6226 305
6227 552
6228 160
6229 811
6230 288
6231 418
6232 104
6233 522
6234 350
6235 420
6236 246
6237 320
6238 444
6239 511
6240 36
6241 484
6242 445
6243 626
6244 192
6245 612
6246 276
6247 812
6248 100
6249 628
6250 243
6251 480
6252 196
6253 432
6254 272
6255 408
6256 63
6257 813
6258 280
6259 520
6260 195
6261 630
6262 286
6263 814
6264 80
6265 492
6266 318
6267 632
6268 247
6269 815
6270 240
6271 816
6272 16
6273 364
6274 446
6275 486
6276 198
6277 817
6278 294
6279 432
6280 111
6281 525
6282 280
6283 486
6284 248
6285 486
6286 348
6287 818
6288 64
6289 536
6290 252
6291 408
6292 150
6293 440
6294 352
6295 615
6296 138
6297 634
6298 285
6299 819
6300 144
6301 820
6302 297
6303 430
6304 45
6305 450
6306 354
6307 448
6308 184
6309 504
6310 345
6311 821
6312 112
6313 476
6314 260
6315 492
6316 249
6317 822
6318 192
6319 480
6320 66
6321 448
6322 290
6323 823
6324 154
6325 405
6326 447
6327 384
6328 120
6329 824
6330 282
6331 558
6332 250
6333 636
6334 448
6335 504
6336 20
6337 825
6338 449
6339 638
6340 198
6341 518
6342 288
6343 826
6344 108
6345 360
6346 312
6347 530
6348 162
6349 620
6350 279
6351 420
6352 78
6353 827
6354 284
6355 429
6356 196
6357 456
6358 245
6359 828
6360 96
6361 829
6362 450
6363 416
6364 168
6365 456
6366 356
6367 830
6368 46
6369 440
6370 288
6371 531
6372 136
6373 831
6374 451
6375 378
6376 139
6377 624
6378 358
6379 832
6380 150
6381 508
6382 452
6383 564
6384 64
6385 618
6386 297
6387 640
6388 251
6389 833
6390 240
6391 460
6392 105
6393 642
6394 306
6395 621
6396 156
6397 834
6398 352
6399 352
6400 9
6401 480
6402 250
6403 544
6404 252
6405 432
6406 453
6407 490
6408 96
6409 420
6410 348
6411 644
6412 200
6413 400
6414 360
6415 624
6416 79
6417 396
6418 454
6419 512
6420 168
6421 835
6422 288
6423 646
6424 105
6425 495
6426 224
6427 836
6428 253
6429 648
6430 351
6431 493
6432 38
6433 628
6434 455
6435 360
6436 254
6437 481
6438 240
6439 495
6440 108
6441 480
6442 456
6443 525
6444 164
6445 627
6446 310
6447 504
6448 66
6449 837
6450 252
6451 838
6452 255
6453 416
6454 356
6455 630
6456 114
6457 535
6458 457
6459 650
6460 168
6461 480
6462 288
6463 540
6464 26
6465 498
6466 288
6467 480
6468 160
6469 839
6470 354
6471 512
6472 140
6473 840
6474 276
6475 432
6476 256
6477 434
6478 286
6479 440
6480 48
6481 841
6482 360
6483 652
6484 257
6485 633
6486 270
6487 570
6488 141
6489 432
6490 255
6491 842
6492 200
6493 504
6494 301
6495 504
6496 40
6497 504
6498 256
6499 475
6500 162
6501 450
6502 458
6503 632
6504 116
6505 636
6506 459
6507 424
6508 258
6509 549
6510 264
6511 532
6512 60
6513 468
6514 460
6515 639
6516 168
6517 512
6518 461
6519 416
6520 114
6521 843
6522 362
6523 540
6524 204
6525 360
6526 324
6527 504
6528 14
6529 844
6530 357
6531 512
6532 180
6533 510
6534 200
6535 642
6536 112
6537 654
6538 364
6539 576
6540 174
6541 517
6542 462
6543 516
6544 80
6545 420
6546 364
6547 845
6548 259
6549 408
6550 288
6551 846
6552 96
6553 847
6554 300
6555 432
6556 175
6557 506
6558 366
6559 636
6560 39
6561 256
6562 308
6563 848
6564 202
6565 468
6566 304
6567 460
6568 142
6569 849
6570 252
6571 850
6572 176
6573 520
6574 320
6575 504
6576 66
6577 851
6578 270
6579 392
6580 180
6581 852
6582 368
6583 490
6584 143
6585 510
6586 288
6587 640
6588 144
6589 545
6590 360
6591 432
6592 27
6593 552
6594 296
6595 645
6596 175
6597 520
6598 463
6599 853
6600 90
6601 468
6602 464
6603 440
6604 186
6605 648
6606 292
6607 854
6608 68
6609 656
6610 363
6611 550
6612 160
6613 539
6614 465
6615 384
6616 144
6617 582
6618 370
6619 855
6620 201
6621 658
6622 280
6623 492
6624 36
6625 432
6626 466
6627 450
6628 260
6629 644
6630 252
6631 560
6632 145
6633 380
6634 308
6635 651
6636 176
6637 856
6638 467
6639 660
6640 69
6641 500
6642 208
6643 504
6644 180
6645 516
6646 468
6647 441
6648 118
6649 522
6650 288
6651 524
6652 261
6653 857
6654 372
6655 375
6656 6
6657 528
6658 469
6659 858
6660 144
6661 859
6662 470
6663 662
6664 112
6665 462
6666 260
6667 510
6668 262
6669 384
6670 270
6671 648
6672 68
6673 860
6674 300
6675 432
6676 263
6677 555
6678 256
6679 861
6680 117
6681 448
6682 330
6683 494
6684 204
6685 516
6686 471
6687 528
6688 40
6689 862
6690 288
6691 863
6692 208
6693 450
6694 472
6695 486
6696 88
6697 504
6698 315
6699 400
6700 171
6701 864
6702 374
6703 865
6704 81
6705 420
6706 368
6707 568
6708 168
6709 866
6710 270
6711 664
6712 146
6713 528
6714 296
6715 462
6716 189
6717 666
6718 473
6719 867
6720 24
6721 450
6722 474
6723 368
6724 169
6725 513
6726 272
6727 484
6728 100
6729 668
6730 366
6731 496
6732 140
6733 868
6734 288
6735 522
6736 82
6737 869
6738 376
6739 558
6740 204
6741 448
6742 475
6743 560
6744 120
6745 480
6746 476
6747 480
6748 212
6749 546
6750 216
6751 518
6752 47
6753 670
6754 315
6755 528
6756 206
6757 510
6758 319
6759 532
6760 108
6761 870
6762 288
6763 871
6764 192
6765 390
6766 322
6767 494
6768 60
6769 652
6770 369
6771 432
6772 264
6773 588
6774 378
6775 522
6776 100
6777 432
6778 477
6779 872
6780 180
6781 873
6782 478
6783 448
6784 16
6785 459
6786 240
6787 565
6788 265
6789 462
6790 300
6791 874
6792 122
6793 875
6794 308
6795 432
6796 266
6797 656
6798 270
6799 594
6800 63
6801 672
6802 328
6803 876
6804 128
6805 654
6806 299
6807 674
6808 108
6809 570
6810 294
6811 544
6812 192
6813 536
6814 479
6815 450
6816 40
6817 553
6818 372
6819 676
6820 165
6821 576
6822 300
6823 877
6824 147
6825 432
6826 480
6827 878
6828 208
6829 879
6830 372
6831 360
6832 72
6833 880
6834 266
6835 657
6836 267
6837 448
6838 336
6839 660
6840 96
6841 881
6842 320
6843 678
6844 170
6845 432
6846 304
6847 507
6848 28
6849 540
6850 297
6851 462
6852 210
6853 480
6854 315
6855 528
6856 148
6857 882
6858 248
6859 512
6860 192
6861 680
6862 315
6863 883
6864 60
6865 660
6866 481
6867 464
6868 182
6869 884
6870 300
6871 885
6872 149
6873 440
6874 376
6875 405
6876 172
6877 486
6878 336
6879 682
6880 42
6881 664
6882 264
6883 886
6884 268
6885 336
6886 325
6887 500
6888 104
6889 529
6890 288
6891 684
6892 269
6893 540
6894 304
6895 540
6896 83
6897 400
6898 482
6899 887
6900 162
6901 513
6902 280
6903 408
6904 150
6905 663
6906 380
6907 888
6908 185
6909 480
6910 375
6911 889
6912 8
6913 528
6914 483
6915 534
6916 192
6917 890
6918 382
6919 420
6920 120
6921 544
6922 484
6923 504
6924 212
6925 531
6926 485
6927 686
6928 84
6929 468
6930 240
6931 520
6932 270
6933 688
6934 486
6935 504
6936 98
6937 668
6938 487
6939 440
6940 207
6941 575
6942 288
6943 512
6944 44
6945 540
6946 324
6947 891
6948 176
6949 892
6950 306
6951 536
6952 110
6953 560
6954 288
6955 504
6956 180
6957 548
6958 320
6959 893
6960 60
6961 894
6962 289
6963 470
6964 271
6965 552
6966 224
6967 895
6968 114
6969 468
6970 273
6971 896
6972 184
6973 584
6974 330
6975 396
6976 29
6977 897
6978 384
6979 672
6980 210
6981 492
6982 488
6983 898
6984 100
6985 465
6986 380
6987 462
6988 272
6989 530
6990 306
6991 899
6992 72
6993 384
6994 342
6995 666
6996 160
6997 900
6998 489
6999 690
7000 108
7001 901
7002 308
7003 525
7004 189
7005 546
7006 330
7007 480
7008 42
7009 532
7010 378
7011 416
7012 273
7013 902
7014 312
7015 486
7016 151
7017 692
7018 250
7019 903
7020 144
7021 476
7022 490
7023 694
7024 85
7025 540
7026 386
7027 904
7028 216
7029 400
7030 288
7031 528
7032 124
7033 600
7034 491
7035 456
7036 274
7037 539
7038 252
7039 905
7040 15
7041 696
7042 384
7043 906
7044 214
7045 669
7046 348
7047 320
7048 152
7049 512
7050 270
7051 580
7052 182
7053 698
7054 492
7055 483
7056 64
7057 907
7058 493
7059 504
7060 213
7061 567
7062 280
7063 676
7064 153
7065 444
7066 494
7067 516
7068 176
7069 908
7070 312
7071 700
7072 42
7073 585
7074 256
7075 549
7076 180
7077 544
7078 495
7079 909
7080 102
7081 525
7082 496
7083 552
7084 180
7085 522
7086 388
7087 592
7088 86
7089 476
7090 381
7091 680
7092 180
7093 520
7094 497
7095 420
7096 154
7097 540
7098 288
7099 550
7100 180
7101 448
7102 304
7103 910
7104 24
7105 480
7106 280
7107 486
7108 275
7109 911
7110 264
7111 606
7112 124
7113 702
7114 498
7115 672
7116 216
7117 590
7118 499
7119 480
7120 72
7121 912
7122 390
7123 567
7124 198
7125 432
7126 388
7127 913
7128 80
7129 914
7130 297
7131 704
7132 276
7133 684
7134 260
7135 675
7136 48
7137 432
7138 322
7139 425
7140 168
7141 528
7142 500
7143 706
7144 120
7145 678
7146 312
7147 688
7148 277
7149 708
7150 270
7151 915
7152 70
7153 576
7154 336
7155 384
7156 278
7157 574
7158 392
7159 916
7160 123
7161 440
7162 501
7163 480
7164 184
7165 681
7166 502
7167 710
7168 4
7169 532
7170 312
7171 520
7172 190
7173 556
7174 329
7175 468
7176 108
7177 917
7178 300
7179 712
7180 216
7181 546
7182 256
7183 595
7184 87
7185 552
7186 503
7187 918
7188 218
7189 528
7190 384
7191 420
7192 110
7193 919
7194 290
7195 684
7196 220
7197 714
7198 306
7199 585
7200 36
7201 600
7202 354
7203 512
7204 279
7205 480
7206 394
7207 920
7208 112
7209 384
7210 324
7211 921
7212 220
7213 922
7214 504
7215 432
7216 65
7217 692
7218 316
7219 923
7220 192
7221 460
7222 333
7223 561
7224 112
7225 441
7226 505
7227 420
7228 204
7229 924
7230 318
7231 696
7232 30
7233 716
7234 506
7235 687
7236 152
7237 925
7238 300
7239 496
7240 126
7241 612
7242 280
7243 926
7244 280
7245 432
7246 507
7247 927
7248 72
7249 600
7250 270
7251 718
7252 192
7253 928
7254 264
7255 690
7256 155
7257 442
7258 344
7259 504
7260 150
7261 528
7262 508
7263 456
7264 49
7265 693
7266 320
7267 504
7268 198
7269 720
7270 387
7271 605
7272 104
7273 700
7274 509
7275 450
7276 196
7277 608
7278 396
7279 540
7280 72
7281 560
7282 335
7283 929
7284 222
7285 495
7286 510
7287 552
7288 156
7289 540
7290 192
7291 594
7292 281
7293 420
7294 392
7295 696
7296 16
7297 930
7298 312
7299 564
7300 189
7301 560
7302 398
7303 551
7304 115
7305 558
7306 360
7307 931
7308 160
7309 932
7310 294
7311 722
7312 88
7313 540
7314 288
7315 480
7316 187
7317 464
7318 511
7319 618
7320 108
7321 933
7322 396
7323 724
7324 282
7325 558
7326 240
7327 581
7328 50
7329 560
7330 390
7331 934
7332 180
7333 935
7334 352
7335 456
7336 128
7337 450
7338 400
7339 533
7340 219
7341 726
7342 512
7343 704
7344 56
7345 540
7346 513
7347 484
7348 195
7349 936
7350 288
7351 937
7352 157
7353 448
7354 514
7355 699
7356 224
7357 708
7358 366
7359 480
7360 27
7361 588
7362 320
7363 552
7364 224
7365 564
7366 310
7367 544
7368 126
7369 938
7370 285
7371 384
7372 200
7373 546
7374 402
7375 459
7376 89
7377 728
7378 308
7379 555
7380 156
7381 450
7382 515
7383 504
7384 120
7385 564
7386 404
7387 552
7388 283
7389 568
7390 393
7391 616
7392 40
7393 939
7394 516
7395 420
7396 196
7397 624
7398 264
7399 576
7400 108
7401 730
7402 517
7403 610
7404 226
7405 702
7406 324
7407 572
7408 90
7409 572
7410 288
7411 940
7412 203
7413 568
7414 340
7415 705
7416 108
7417 941
7418 518
7419 732
7420 192
7421 546
7422 406
7423 630
7424 10
7425 360
7426 330
7427 712
7428 228
7429 504
7430 396
7431 734
7432 158
7433 942
7434 272
7435 708
7436 180
7437 456
7438 519
7439 560
7440 66
7441 716
7442 324
7443 576
7444 284
7445 711
7446 294
7447 615
7448 128
7449 516
7450 315
7451 943
7452 144
7453 550
7454 520
7455 480
7456 51
7457 944
7458 300
7459 945
7460 222
7461 580
7462 312
7463 595
7464 128
7465 714
7466 521
7467 512
7468 285
7469 500
7470 276
7471 583
7472 91
7473 480
7474 312
7475 486
7476 192
7477 946
7478 522
7479 472
7480 105
7481 947
7482 280
7483 720
7484 286
7485 570
7486 360
7487 948
7488 24
7489 949
7490 336
7491 490
7492 287
7493 527
7494 408
7495 717
7496 159
7497 448
7498 342
7499 950
7500 162
7501 636
7502 275
7503 468
7504 76
7505 528
7506 272
7507 951
7508 288
7509 736
7510 399
7511 480
7512 130
7513 620
7514 294
7515 468
7516 289
7517 952
7518 328
7519 567
7520 45
7521 522
7522 523
7523 953
7524 160
7525 504
7526 320
7527 528
7528 160
7529 954
7530 324
7531 602
7532 228
7533 352
7534 524
7535 495
7536 74
7537 955
7538 525
7539 576
7540 180
7541 956
7542 324
7543 624
7544 117
7545 576
7546 320
7547 957
7548 168
7549 958
7550 324
7551 584
7552 17
7553 552
7554 410
7555 720
7556 290
7557 500
7558 526
7559 959
7560 96
7561 960
7562 368
7563 738
7564 198
7565 504
7566 300
7567 540
7568 70
7569 400
7570 402
7571 570
7572 230
7573 961
7574 400
7575 468
7576 161
7577 962
7578 328
7579 480
7580 225
7581 512
7582 336
7583 963
7584 44
7585 468
7586 527
7587 480
7588 232
7589 964
7590 270
7591 965
7592 126
7593 740
7594 528
7595 528
7596 188
7597 560
7598 320
7599 490
7600 72
7601 625
7602 336
7603 966
7604 291
7605 432
7606 529
7607 967
7608 132
7609 724
7610 405
7611 476
7612 200
7613 603
7614 240
7615 723
7616 28
7617 742
7618 372
7619 632
7620 186
7621 968
7622 324
7623 400
7624 162
7625 486
7626 286
7627 560
7628 292
7629 744
7630 348
7631 642
7632 64
7633 609
7634 345
7635 582
7636 207
7637 728
7638 304
7639 969
7640 129
7641 488
7642 530
7643 970
7644 192
7645 510
7646 531
7647 746
7648 52
7649 971
7650 252
7651 732
7652 293
7653 748
7654 336
7655 726
7656 100
7657 528
7658 404
7659 432
7660 228
7661 570
7662 412
7663 550
7664 92
7665 504
7666 532
7667 455
7668 160
7669 972
7670 306
7671 750
7672 132
7673 973
7674 414
7675 567
7676 208
7677 588
7678 350
7679 736
7680 6
7681 974
7682 351
7683 540
7684 210
7685 480
7686 288
7687 975
7688 121
7689 510
7690 408
7691 976
7692 232
7693 592
7694 533
7695 384
7696 72
7697 574
7698 416
7699 977
7700 180
7701 504
7702 534
7703 978
7704 112
7705 513
7706 535
7707 584
7708 195
7709 648
7710 330
7711 630
7712 53
7713 592
7714 320
7715 729
7716 234
7717 979
7718 343
7719 506
7720 132
7721 740
7722 240
7723 980
7724 294
7725 486
7726 536
7727 981
7728 72
7729 544
7730 411
7731 596
7732 295
7733 480
7734 418
7735 504
7736 163
7737 752
7738 336
7739 580
7740 168
7741 982
7742 352
7743 480
7744 25
7745 732
7746 420
7747 558
7748 210
7749 416
7750 297
7751 612
7752 112
7753 983
7754 537
7755 450
7756 236
7757 984
7758 332
7759 985
7760 75
7761 552
7762 538
7763 744
7764 236
7765 735
7766 355
7767 600
7768 164
7769 616
7770 288
7771 640
7772 190
7773 754
7774 324
7775 576
7776 32
7777 520
7778 539
7779 756
7780 231
7781 594
7782 422
7783 588
7784 136
7785 480
7786 350
7787 654
7788 170
7789 986
7790 312
7791 512
7792 93
7793 987
7794 336
7795 738
7796 296
7797 540
7798 408
7799 635
7800 108
7801 570
7802 345
7803 392
7804 297
7805 576
7806 424
7807 564
7808 18
7809 528
7810 300
7811 588
7812 176
7813 660
7814 540
7815 588
7816 165
7817 988
7818 426
7819 748
7820 189
7821 440
7822 541
7823 989
7824 76
7825 585
7826 336
7827 758
7828 216
7829 990
7830 240
7831 559
7832 120
7833 592
7834 542
7835 741
7836 238
7837 623
7838 543
7839 456
7840 48
7841 991
7842 428
7843 495
7844 192
7845 594
7846 544
7847 544
7848 116
7849 585
7850 333
7851 760
7852 216
7853 992
7854 280
7855 744
7856 94
7857 400
7858 545
7859 580
7860 192
7861 752
7862 546
7863 762
7864 166
7865 450
7866 288
7867 993
7868 240
7869 504
7870 414
7871 630
7872 26
7873 994
7874 341
7875 432
7876 205
7877 995
7878 312
7879 996
7880 135
7881 480
7882 412
7883 997
7884 168
7885 552
7886 547
7887 520
7888 70
7889 576
7890 336
7891 666
7892 298
7893 604
7894 548
7895 747
7896 120
7897 560
7898 360
7899 764
7900 198
7901 998
7902 340
7903 756
7904 48
7905 462
7906 323
7907 999
7908 240
7909 640
7910 360
7911 496
7912 126
7913 572
7914 430
7915 750
7916 299
7917 480
7918 336
7919 1000
7920 60
7921 576
7922 357
7923 544
7924 244
7925 594
7926 432
7927 1001
7928 167
7929 608
7930 324
7931 540
7932 242
7933 1002
7934 549
7935 486
7936 11
7937 1003
7938 256
7939 637
7940 234
7941 766
7942 320
7943 540
7944 134
7945 588
7946 330
7947 612
7948 300
7949 1004
7950 288
7951 1005
7952 80
7953 530
7954 325
7955 504
7956 168
7957 609
7958 360
7959 600
7960 138
7961 648
7962 434
7963 1006
7964 210
7965 408
7966 416
7967 605
7968 46
7969 672
7970 417
7971 768
7972 301
7973 532
7974 344
7975 450
7976 168
7977 770
7978 550
7979 572
7980 192
7981 621
7982 378
7983 616
7984 95
7985 753
7986 250
7987 608
7988 302
7989 772
7990 315
7991 576
7992 96
7993 1007
7994 420
7995 468
7996 303
7997 645
7998 308
7999 656
8000 27
8001 496
8002 551
8003 576
8004 180
8005 756
8006 552
8007 518
8008 120
8009 1008
8010 288
8011 1009
8012 304
8013 774
8014 553
8015 600
8016 78
8017 1010
8018 376
8019 320
8020 237
8021 678
8022 344
8023 600
8024 119
8025 504
8026 554
8027 630
8028 192
8029 528
8030 315
8031 776
8032 54
8033 590
8034 324
8035 759
8036 208
8037 480
8038 555
8039 1011
8040 114
8041 490
8042 556
8043 608
8044 305
8045 762
8046 280
8047 684
8048 96
8049 778
8050 324
8051 575
8052 180
8053 1012
8054 557
8055 492
8056 128
8057 760
8058 308
8059 1013
8060 198
8061 780
8062 340
8063 650
8064 16
8065 765
8066 348
8067 782
8068 306
8069 1014
8070 342
8071 764
8072 169
8073 432
8074 365
8075 504
8076 244
8077 585
8078 424
8079 784
8080 78
8081 1015
8082 348
8083 561
8084 210
8085 480
8086 384
8087 1016
8088 136
8089 1017
8090 420
8091 440
8092 196
8093 1018
8094 320
8095 768
8096 45
8097 786
8098 558
8099 576
8100 144
8101 1019
8102 559
8103 504
8104 170
8105 771
8106 352
8107 475
8108 307
8109 448
8110 423
8111 1020
8112 72
8113 576
8114 560
8115 600
8116 308
8117 1021
8118 260
8119 639
8120 120
8121 788
8122 352
8123 1022
8124 246
8125 486
8126 364
8127 448
8128 31
8129 655
8130 348
8131 600
8132 224
8133 790
8134 368
8135 774
8136 120
8137 594
8138 390
8139 792
8140 180
8141 768
8142 306
8143 644
8144 97
8145 504
8146 561
8147 1023
8148 200
8149 600
8150 342
8151 480
8152 171
8153 616
8154 288
8155 612
8156 309
8157 794
8158 562
8159 598
8160 42
8161 1024
8162 320
8163 620
8164 222
8165 540
8166 436
8167 1025
8168 172
8169 616
8170 336
8171 1026
8172 196
8173 660
8174 342
8175 522
8176 84
8177 504
8178 300
8179 1027
8180 240
8181 416
8182 563
8183 624
8184 110
8185 777
8186 564
8187 796
8188 216
8189 664
8190 288
8191 1028
8192 1
8193 798
8194 371
8195 525
8196 248
8197 772
8198 565
8199 624
8200 117
8201 578
8202 438
8203 690
8204 248
8205 606
8206 370
8207 610
8208 64
8209 1029
8210 426
8211 504
8212 310
8213 602
8214 288
8215 528
8216 132
8217 460
8218 428
8219 1030
8220 198
8221 1031
8222 566
8223 800
8224 55
8225 540
8226 352
8227 672
8228 175
8229 564
8230 429
8231 1032
8232 128
8233 1033
8234 369
8235 432
8236 200
8237 1034
8238 440
8239 560
8240 81
8241 494
8242 396
8243 1035
8244 200
8245 525
8246 352
8247 802
8248 173
8249 630
8250 270
8251 576
8252 311
8253 512
8254 567
8255 558
8256 28
8257 648
8258 568
8259 804
8260 204
8261 665
8262 224
8263 1036
8264 174
8265 480
8266 569
8267 776
8268 192
8269 1037
8270 432
8271 628
8272 75
8273 1038
8274 360
8275 603
8276 312
8277 528
8278 570
8279 651
8280 108
8281 576
8282 338
8283 540
8284 232
8285 780
8286 442
8287 1039
8288 48
8289 504
8290 435
8291 1040
8292 250
8293 1041
8294 300
8295 528
8296 126
8297 1042
8298 356
8299 616
8300 207
8301 806
8302 432
8303 576
8304 80
8305 540
8306 571
8307 480
8308 209
8309 780
8310 354
8311 1043
8312 175
8313 532
8314 572
8315 783
8316 160
8317 1044
8318 573
8319 510
8320 18
8321 592
8322 336
8323 520
8324 313
8325 432
8326 378
8327 670
8328 138
8329 1045
8330 336
8331 808
8332 314
8333 696
8334 360
8335 786
8336 98
8337 624
8338 375
8339 627
8340 204
8341 680
8342 350
8343 432
8344 140
8345 789
8346 336
8347 658
8348 315
8349 450
8350 351
8351 784
8352 40
8353 1046
8354 574
8355 612
8356 316
8357 594
8358 368
8359 702
8360 120
8361 632
8362 360
8363 1047
8364 182
8365 624
8366 360
8367 810
8368 99
8369 1048
8370 264
8371 675
8372 216
8373 812
8374 352
8375 513
8376 140
8377 1049
8378 340
8379 512
8380 243
8381 490
8382 310
8383 598
8384 32
8385 504
8386 436
8387 1050
8388 204
8389 1051
8390 438
8391 814
8392 176
8393 580
8394 444
8395 567
8396 317
8397 512
8398 336
8399 588
8400 72
8401 638
8402 575
8403 816
8404 215
8405 507
8406 364
8407 788
8408 177
8409 818
8410 300
8411 708
8412 252
8413 615
8414 440
8415 420
8416 56
8417 688
8418 324
8419 1052
8420 246
8421 632
8422 576
8423 1053
8424 96
8425 612
8426 380
8427 512
8428 224
8429 1054
8430 360
8431 1055
8432 77
8433 636
8434 577
8435 636
8436 192
8437 510
8438 578
8439 500
8440 141
8441 657
8442 304
8443 1056
8444 318
8445 618
8446 351
8447 1057
8448 10
8449 560
8450 324
8451 520
8452 319
8453 616
8454 446
8455 576
8456 144
8457 820
8458 579
8459 680
8460 180
8461 1058
8462 580
8463 528
8464 81
8465 792
8466 322
8467 1059
8468 210
8469 640
8470 300
8471 630
8472 142
8473 600
8474 384
8475 540
8476 228
8477 640
8478 296
8479 612
8480 48
8481 550
8482 581
8483 665
8484 208
8485 795
8486 582
8487 468
8488 178
8489 714
8490 366
8491 792
8492 220
8493 560
8494 363
8495 798
8496 68
8497 620
8498 444
8499 822
8500 189
8501 1060
8502 348
8503 685
8504 179
8505 384
8506 583
8507 630
8508 254
8509 589
8510 324
8511 824
8512 32
8513 1061
8514 280
8515 576
8516 320
8517 546
8518 584
8519 796
8520 120
8521 1062
8522 585
8523 644
8524 321
8525 495
8526 320
8527 1063
8528 78
8529 826
8530 441
8531 696
8532 176
8533 576
8534 378
8535 624
8536 125
8537 1064
8538 448
8539 1065
8540 216
8541 504
8542 586
8543 1066
8544 48
8545 801
8546 587
8547 480
8548 322
8549 621
8550 288
8551 672
8552 180
8553 828
8554 360
8555 510
8556 198
8557 644
8558 385
8559 528
8560 84
8561 800
8562 450
8563 1067
8564 323
8565 630
8566 588
8567 720
8568 112
8569 520
8570 444
8571 830
8572 324
8573 1068
8574 452
8575 576
8576 19
8577 648
8578 589
8579 666
8580 180
8581 1069
8582 448
8583 832
8584 120
8585 546
8586 256
8587 649
8588 240
8589 640
8590 447
8591 500
8592 82
8593 726
8594 590
8595 516
8596 252
8597 1070
8598 454
8599 1071
8600 126
8601 540
8602 315
8603 804
8604 208
8605 804
8606 402
8607 576
8608 57
8609 1072
8610 312
8611 638
8612 325
8613 400
8614 357
8615 807
8616 144
8617 808
8618 374
8619 504
8620 249
8621 612
8622 368
8623 1073
8624 80
8625 486
8626 392
8627 1074
8628 256
8629 1075
8630 450
8631 528
8632 138
8633 600
8634 456
8635 555
8636 217
8637 834
8638 452
8639 608
8640 24
8641 1076
8642 350
8643 532
8644 326
8645 576
8646 320
8647 1077
8648 135
8649 484
8650 360
8651 611
8652 216
8653 679
8654 591
8655 636
8656 100
8657 690
8658 288
8659 812
8660 252
8661 836
8662 360
8663 1078
8664 128
8665 810
8666 456
8667 448
8668 225
8669 1079
8670 294
8671 540
8672 58
8673 544
8674 592
8675 621
8676 212
8677 1080
8678 593
8679 560
8680 132
8681 1081
8682 458
8683 704
8684 234
8685 528
8686 364
8687 588
8688 84
8689 1082
8690 330
8691 838
8692 208
8693 1083
8694 288
8695 540
8696 181
8697 576
8698 594
8699 1084
8700 180
8701 600
8702 400
8703 652
8704 7
8705 813
8706 460
8707 1085
8708 256
8709 840
8710 342
8711 660
8712 100
8713 1086
8714 595
8715 552
8716 327
8717 675
8718 462
8719 1087
8720 87
8721 448
8722 384
8723 540
8724 258
8725 630
8726 596
8727 842
8728 182
8729 560
8730 300
8731 1088
8732 204
8733 520
8734 390
8735 816
8736 48
8737 1089
8738 385
8739 656
8740 216
8741 1090
8742 330
8743 816
8744 183
8745 480
8746 597
8747 1091
8748 128
8749 732
8750 324
8751 844
8752 101
8753 1092
8754 464
8755 567
8756 230
8757 544
8758 360
8759 712
8760 126
8761 1093
8762 408
8763 558
8764 260
8765 819
8766 372
8767 695
8768 33
8769 528
8770 453
8771 656
8772 196
8773 671
8774 364
8775 432
8776 184
8777 608
8778 320
8779 1094
8780 255
8781 846
8782 598
8783 1095
8784 72
8785 648
8786 387
8787 520
8788 216
8789 525
8790 372
8791 595
8792 148
8793 660
8794 599
8795 822
8796 260
8797 720
8798 368
8799 648
8800 45
8801 738
8802 304
8803 1096
8804 220
8805 642
8806 336
8807 1097
8808 146
8809 684
8810 456
8811 480
8812 328
8813 820
8814 360
8815 546
8816 80
8817 848
8818 600
8819 1098
8820 192
8821 1099
8822 395
8823 560
8824 185
8825 639
8826 466
8827 600
8828 329
8829 464
8830 459
8831 1100
8832 18
8833 525
8834 460
8835 528
8836 225
8837 1101
8838 376
8839 1102
8840 126
8841 656
8842 601
8843 624
8844 190
8845 540
8846 602
8847 664
8848 88
8849 1103
8850 306
8851 624
8852 330
8853 588
8854 408
8855 540
8856 104
8857 686
8858 378
8859 850
8860 258
8861 1104
8862 376
8863 1105
8864 59
8865 540
8866 330
8867 1106
8868 262
8869 672
8870 462
8871 852
8872 186
8873 728
8874 280
8875 540
8876 264
8877 570
8878 396
8879 744
8880 72
8881 644
8882 603
8883 480
8884 331
8885 825
8886 468
8887 1107
8888 130
8889 854
8890 372
8891 693
8892 192
8893 1108
8894 604
8895 648
8896 34
8897 572
8898 470
8899 700
8900 216
8901 504
8902 605
8903 630
8904 128
8905 594
8906 378
8907 856
8908 224
8909 612
8910 240
8911 608
8912 102
8913 858
8914 606
8915 828
8916 264
8917 636
8918 384
8919 668
8920 144
8921 705
8922 472
8923 1109
8924 225
8925 504
8926 607
8927 660
8928 44
8929 1110
8930 360
8931 600
8932 200
8933 1111
8934 474
8935 831
8936 187
8937 536
8938 377
8939 824
8940 210
8941 1112
8942 392
8943 580
8944 84
8945 834
8946 320
8947 693
8948 332
8949 592
8950 369
8951 1113
8952 148
8953 828
8954 300
8955 552
8956 333
8957 576
8958 476
8959 539
8960 12
8961 540
8962 608
8963 1114
8964 184
8965 570
8966 609
8967 576
8968 136
8969 1115
8970 324
8971 1116
8972 334
8973 672
8974 464
8975 648
8976 70
8977 645
8978 361
8979 546
8980 261
8981 832
8982 380
8983 750
8984 188
8985 654
8986 610
8987 560
8988 224
8989 624
8990 330
8991 384
8992 60
8993 567
8994 478
8995 660
8996 240
8997 860
8998 400
8999 1117
9000 108
9001 1118
9002 468
9003 862
9004 335
9005 837
9006 352
9007 1119
9008 103
9009 480
9010 336
9011 1120
9012 266
9013 1121
9014 611
9015 660
9016 144
9017 620
9018 312
9019 640
9020 195
9021 550
9022 414
9023 836
9024 30
9025 576
9026 612
9027 476
9028 216
9029 1122
9030 336
9031 710
9032 189
9033 864
9034 613
9035 612
9036 216
9037 840
9038 614
9039 576
9040 90
9041 1123
9042 330
9043 1124
9044 224
9045 456
9046 615
9047 667
9048 120
9049 1125
9050 378
9051 664
9052 231
9053 715
9054 384
9055 840
9056 61
9057 866
9058 472
9059 1126
9060 216
9061 546
9062 405
9063 512
9064 135
9065 576
9066 480
9067 1127
9068 336
9069 868
9070 465
9071 660
9072 64
9073 658
9074 420
9075 450
9076 337
9077 650
9078 336
9079 844
9080 147
9081 676
9082 416
9083 682
9084 268
9085 594
9086 340
9087 612
9088 20
9089 630
9090 312
9091 1128
9092 338
9093 672
9094 616
9095 588
9096 150
9097 720
9098 617
9099 544
9100 216
9101 736
9102 312
9103 1129
9104 104
9105 666
9106 370
9107 848
9108 180
9109 1130
9110 468
9111 870
9112 133
9113 756
9114 352
9115 843
9116 224
9117 680
9118 375
9119 725
9120 48
9121 852
9122 618
9123 872
9124 339
9125 567
9126 288
9127 1131
9128 152
9129 574
9130 345
9131 702
9132 270
9133 1132
9134 619
9135 480
9136 105
9137 1133
9138 482
9139 576
9140 264
9141 590
9142 476
9143 624
9144 124
9145 561
9146 399
9147 874
9148 340
9149 856
9150 324
9151 1134
9152 30
9153 480
9154 414
9155 846
9156 232
9157 1135
9158 424
9159 560
9160 150
9161 1136
9162 388
9163 560
9164 220
9165 540
9166 620
9167 648
9168 86
9169 640
9170 384
9171 684
9172 341
9173 1137
9174 340
9175 657
9176 132
9177 576
9178 426
9179 627
9180 168
9181 1138
9182 621
9183 876
9184 52
9185 585
9186 484
9187 1139
9188 342
9189 688
9190 471
9191 624
9192 152
9193 660
9194 622
9195 672
9196 200
9197 700
9198 336
9199 1140
9200 81
9201 878
9202 392
9203 1141
9204 204
9205 672
9206 623
9207 440
9208 190
9209 1142
9210 378
9211 648
9212 240
9213 552
9214 406
9215 600
9216 4
9217 762
9218 405
9219 680
9220 267
9221 1143
9222 320
9223 711
9224 191
9225 468
9226 480
9227 1144
9228 272
9229 730
9230 360
9231 588
9232 106
9233 860
9234 256
9235 849
9236 343
9237 880
9238 385
9239 1145
9240 120
9241 1146
9242 624
9243 528
9244 344
9245 588
9246 342
9247 864
9248 49
9249 882
9250 324
9251 500
9252 220
9253 744
9254 484
9255 678
9256 144
9257 1147
9258 486
9259 675
9260 270
9261 512
9262 410
9263 629
9264 88
9265 609
9266 390
9267 884
9268 268
9269 594
9270 324
9271 651
9272 144
9273 600
9274 625
9275 576
9276 274
9277 1148
9278 626
9279 692
9280 30
9281 1149
9282 336
9283 1150
9284 235
9285 684
9286 627
9287 648
9288 112
9289 868
9290 474
9291 608
9292 234
9293 1151
9294 488
9295 540
9296 92
9297 696
9298 628
9299 707
9300 198
9301 640
9302 629
9303 688
9304 192
9305 852
9306 300
9307 637
9308 246
9309 560
9310 384
9311 1152
9312 50
9313 646
9314 630
9315 432
9316 231
9317 500
9318 490
9319 1153
9320 153
9321 624
9322 374
9323 1154
9324 192
9325 666
9326 631
9327 886
9328 80
9329 752
9330 384
9331 616
9332 345
9333 504
9334 432
9335 855
9336 154
9337 1155
9338 360
9339 610
9340 273
9341 1156
9342 320
9343 1157
9344 21
9345 576
9346 632
9347 768
9348 208
9349 1158
9350 315
9351 700
9352 156
9353 690
9354 492
9355 858
9356 346
9357 888
9358 633
9359 688
9360 72
9361 540
9362 396
9363 890
9364 347
9365 861
9366 384
9367 560
9368 193
9369 552
9370 477
9371 1159
9372 200
9373 648
9374 406
9375 486
9376 62
9377 1160
9378 392
9379 690
9380 228
9381 544
9382 634
9383 735
9384 126
9385 864
9386 384
9387 560
9388 348
9389 650
9390 390
9391 1161
9392 107
9393 572
9394 360
9395 867
9396 160
9397 1162
9398 372
9399 636
9400 135
9401 616
9402 494
9403 1163
9404 349
9405 480
9406 635
9407 720
9408 32
9409 625
9410 480
9411 892
9412 252
9413 1164
9414 396
9415 684
9416 140
9417 588
9418 413
9419 1165
9420 222
9421 1166
9422 488
9423 560
9424 88
9425 540
9426 496
9427 740
9428 350
9429 696
9430 351
9431 1167
9432 128
9433 1168
9434 384
9435 504
9436 272
9437 1169
9438 300
9439 1170
9440 51
9441 704
9442 636
9443 640
9444 276
9445 870
9446 637
9447 570
9448 194
9449 745
9450 288
9451 774
9452 238
9453 594
9454 380
9455 594
9456 90
9457 704
9458 638
9459 708
9460 210
9461 1171
9462 368
9463 1172
9464 144
9465 690
9466 639
9467 1173
9468 224
9469 714
9470 483
9471 520
9472 12
9473 1174
9474 498
9475 675
9476 243
9477 384
9478 492
9479 1175
9480 132
9481 760
9482 415
9483 580
9484 351
9485 696
9486 308
9487 656
9488 108
9489 894
9490 378
9491 1176
9492 240
9493 750
9494 390
9495 564
9496 195
9497 1177
9498 500
9499 612
9500 216
9501 896
9502 640
9503 588
9504 40
9505 873
9506 400
9507 898
9508 352
9509 660
9510 396
9511 1178
9512 130
9513 576
9514 380
9515 600
9516 216
9517 693
9518 641
9519 624
9520 84
9521 1179
9522 324
9523 672
9524 353
9525 558
9526 420
9527 872
9528 156
9529 780
9530 486
9531 568
9532 354
9533 1180
9534 392
9535 876
9536 35
9537 490
9538 432
9539 1181
9540 192
9541 600
9542 438
9543 900
9544 196
9545 621
9546 336
9547 1182
9548 220
9549 712
9550 387
9551 1183
9552 92
9553 663
9554 420
9555 576
9556 355
9557 768
9558 272
9559 550
9560 156
9561 902
9562 496
9563 672
9564 278
9565 879
9566 642
9567 716
9568 54
9569 876
9570 300
9571 721
9572 356
9573 904
9574 643
9575 684
9576 128
9577 666
9578 644
9579 594
9580 276
9581 570
9582 502
9583 576
9584 109
9585 480
9586 645
9587 1184
9588 210
9589 672
9590 396
9591 612
9592 145
9593 672
9594 312
9595 624
9596 357
9597 704
9598 646
9599 670
9600 18
9601 1185
9602 647
9603 500
9604 256
9605 630
9606 504
9607 786
9608 197
9609 906
9610 363
9611 880
9612 192
9613 1186
9614 360
9615 696
9616 110
9617 646
9618 400
9619 1187
9620 216
9621 720
9622 427
9623 1188
9624 158
9625 540
9626 648
9627 908
9628 230
9629 1189
9630 336
9631 1190
9632 56
9633 576
9634 649
9635 585
9636 210
9637 729
9638 396
9639 448
9640 159
9641 704
9642 506
9643 1191
9644 358
9645 702
9646 384
9647 755
9648 76
9649 1192
9650 396
9651 910
9652 248
9653 720
9654 508
9655 882
9656 140
9657 480
9658 425
9659 792
9660 216
9661 1193
9662 650
9663 912
9664 36
9665 885
9666 328
9667 884
9668 359
9669 620
9670 489
9671 776
9672 132
9673 728
9674 500
9675 504
9676 221
9677 1194
9678 510
9679 1195
9680 75
9681 712
9682 405
9683 738
9684 228
9685 630
9686 390
9687 914
9688 160
9689 1196
9690 336
9691 760
9692 360
9693 576
9694 384
9695 708
9696 52
9697 1197
9698 444
9699 576
9700 225
9701 696
9702 320
9703 715
9704 198
9705 708
9706 423
9707 735
9708 280
9709 672
9710 492
9711 552
9712 111
9713 765
9714 512
9715 570
9716 276
9717 572
9718 420
9719 1198
9720 96
9721 1199
9722 651
9723 720
9724 210
9725 693
9726 514
9727 660
9728 8
9729 540
9730 408
9731 672
9732 282
9733 1200
9734 407
9735 510
9736 199
9737 672
9738 400
9739 1201
9740 279
9741 602
9742 652
9743 1202
9744 80
9745 888
9746 430
9747 512
9748 361
9749 1203
9750 324
9751 736
9752 144
9753 916
9754 653
9755 891
9756 232
9757 770
9758 364
9759 918
9760 54
9761 686
9762 516
9763 798
9764 362
9765 528
9766 440
9767 1204
9768 120
9769 1205
9770 495
9771 920
9772 280
9773 680
9774 336
9775 567
9776 90
9777 922
9778 654
9779 620
9780 228
9781 1206
9782 399
9783 724
9784 200
9785 648
9786 408
9787 1207
9788 363
9789 648
9790 360
9791 1208
9792 28
9793 888
9794 391
9795 714
9796 242
9797 650
9798 360
9799 676
9800 144
9801 400
9802 360
9803 1209
9804 224
9805 576
9806 655
9807 728
9808 112
9809 742
9810 348
9811 1210
9812 240
9813 924
9814 504
9815 648
9816 160
9817 1211
9818 656
9819 728
9820 282
9821 648
9822 518
9823 600
9824 63
9825 576
9826 343
9827 726
9828 192
9829 1212
9830 498
9831 600
9832 201
9833 1213
9834 350
9835 720
9836 364
9837 732
9838 657
9839 1214
9840 78
9841 804
9842 384
9843 616
9844 252
9845 615
9846 404
9847 700
9848 202
9849 608
9850 405
9851 1215
9852 284
9853 663
9854 450
9855 504
9856 20
9857 1216
9858 352
9859 1217
9860 210
9861 640
9862 658
9863 892
9864 132
9865 894
9866 659
9867 540
9868 365
9869 680
9870 360
9871 1218
9872 113
9873 736
9874 660
9875 594
9876 286
9877 644
9878 435
9879 576
9880 144
9881 689
9882 288
9883 1219
9884 284
9885 720
9886 661
9887 1220
9888 54
9889 550
9890 378
9891 592
9892 366
9893 810
9894 350
9895 897
9896 203
9897 926
9898 416
9899 784
9900 180
9901 1221
9902 662
9903 928
9904 114
9905 732
9906 372
9907 1222
9908 367
9909 584
9910 501
9911 560
9912 136
9913 747
9914 663
9915 726
9916 228
9917 705
9918 320
9919 696
9920 33
9921 930
9922 325
9923 1223
9924 288
9925 702
9926 508
9927 740
9928 147
9929 1224
9930 402
9931 1225
9932 258
9933 560
9934 664
9935 900
9936 72
9937 792
9938 665
9939 932
9940 240
9941 1226
9942 520
9943 684
9944 150
9945 504
9946 666
9947 640
9948 290
9949 1227
9950 414
9951 616
9952 64
9953 684
9954 352
9955 630
9956 256
9957 934
9958 456
9959 756
9960 138
9961 896
9962 434
9963 416
9964 240
9965 903
9966 360
9967 1228
9968 96
9969 936
9970 504
9971 612
9972 236
9973 1229
9974 667
9975 576
9976 140
9977 775
9978 522
9979 749
9980 285
9981 744
9982 396
9983 665
9984 12
9985 906
9986 668
9987 938
9988 245
9989 900
9990 288
9991 675
9992 204
9993 940
9994 448
9995 909
9996 224
9997 816
9998 669
9999 520
10000 81







