0 0
1 1
2 -1
3 2
4 1
5 0
6 -2
7 3
8 -1
9 2
10 0
11 1
12 2
13 -1
14 -3
15 4
16 1
17 0
18 -2
19 3
20 0
21 1
22 -1
23 2
24 -2
25 3
26 1
27 0
28 3
29 -2
30 -4
31 5
32 -1
33 2
34 0
35 1
36 2
37 -1
38 -3
39 4
40 0
41 1
42 -1
43 2
44 1
45 0
46 -2
47 3
48 2
49 -1
50 -3
51 4
52 -1
53 2
54 0
55 1
56 -3
57 4
58 2
59 -1
60 4
61 -3
62 -5
63 6
64 1
65 0
66 -2
67 3
68 0
69 1
70 -1
71 2
72 -2
73 3
74 1
75 0
76 3
77 -2
78 -4
79 5
80 0
81 1
82 -1
83 2
84 1
85 0
86 -2
87 3
88 -1
89 2
90 0
91 1
92 2
93 -1
94 -3
95 4
96 -2
97 3
98 1
99 0
100 3
101 -2
102 -4
103 5
104 1
105 0
106 -2
107 3
108 0
109 1
110 -1
111 2
112 3
113 -2
114 -4
115 5
116 -2
117 3
118 1
119 0
120 -4
121 5
122 3
123 -2
124 5
125 -4
126 -6
127 7
128 -1
129 2
130 0
131 1
132 2
133 -1
134 -3
135 4
136 0
137 1
138 -1
139 2
140 1
141 0
142 -2
143 3
144 2
145 -1
146 -3
147 4
148 -1
149 2
150 0
151 1
152 -3
153 4
154 2
155 -1
156 4
157 -3
158 -5
159 6
160 0
161 1
162 -1
163 2
164 1
165 0
166 -2
167 3
168 -1
169 2
170 0
171 1
172 2
173 -1
174 -3
175 4
176 1
177 0
178 -2
179 3
180 0
181 1
182 -1
183 2
184 -2
185 3
186 1
187 0
188 3
189 -2
190 -4
191 5
192 2
193 -1
194 -3
195 4
196 -1
197 2
198 0
199 1
200 -3
201 4
202 2
203 -1
204 4
205 -3
206 -5
207 6
208 -1
209 2
210 0
211 1
212 2
213 -1
214 -3
215 4
216 0
217 1
218 -1
219 2
220 1
221 0
222 -2
223 3
224 -3
225 4
226 2
227 -1
228 4
229 -3
230 -5
231 6
232 2
233 -1
234 -3
235 4
236 -1
237 2
238 0
239 1
240 4
241 -3
242 -5
243 6
244 -3
245 4
246 2
247 -1
248 -5
249 6
250 4
251 -3
252 6
253 -5
254 -7
255 8
256 1
257 0
258 -2
259 3
260 0
261 1
262 -1
263 2
264 -2
265 3
266 1
267 0
268 3
269 -2
270 -4
271 5
272 0
273 1
274 -1
275 2
276 1
277 0
278 -2
279 3
280 -1
281 2
282 0
283 1
284 2
285 -1
286 -3
287 4
288 -2
289 3
290 1
291 0
292 3
293 -2
294 -4
295 5
296 1
297 0
298 -2
299 3
300 0
301 1
302 -1
303 2
304 3
305 -2
306 -4
307 5
308 -2
309 3
310 1
311 0
312 -4
313 5
314 3
315 -2
316 5
317 -4
318 -6
319 7
320 0
321 1
322 -1
323 2
324 1
325 0
326 -2
327 3
328 -1
329 2
330 0
331 1
332 2
333 -1
334 -3
335 4
336 1
337 0
338 -2
339 3
340 0
341 1
342 -1
343 2
344 -2
345 3
346 1
347 0
348 3
349 -2
350 -4
351 5
352 -1
353 2
354 0
355 1
356 2
357 -1
358 -3
359 4
360 0
361 1
362 -1
363 2
364 1
365 0
366 -2
367 3
368 2
369 -1
370 -3
371 4
372 -1
373 2
374 0
375 1
376 -3
377 4
378 2
379 -1
380 4
381 -3
382 -5
383 6
384 -2
385 3
386 1
387 0
388 3
389 -2
390 -4
391 5
392 1
393 0
394 -2
395 3
396 0
397 1
398 -1
399 2
400 3
401 -2
402 -4
403 5
404 -2
405 3
406 1
407 0
408 -4
409 5
410 3
411 -2
412 5
413 -4
414 -6
415 7
416 1
417 0
418 -2
419 3
420 0
421 1
422 -1
423 2
424 -2
425 3
426 1
427 0
428 3
429 -2
430 -4
431 5
432 0
433 1
434 -1
435 2
436 1
437 0
438 -2
439 3
440 -1
441 2
442 0
443 1
444 2
445 -1
446 -3
447 4
448 3
449 -2
450 -4
451 5
452 -2
453 3
454 1
455 0
456 -4
457 5
458 3
459 -2
460 5
461 -4
462 -6
463 7
464 -2
465 3
466 1
467 0
468 3
469 -2
470 -4
471 5
472 1
473 0
474 -2
475 3
476 0
477 1
478 -1
479 2
480 -4
481 5
482 3
483 -2
484 5
485 -4
486 -6
487 7
488 3
489 -2
490 -4
491 5
492 -2
493 3
494 1
495 0
496 5
497 -4
498 -6
499 7
500 -4
501 5
502 3
503 -2
504 -6
505 7
506 5
507 -4
508 7
509 -6
510 -8
511 9
512 -1
513 2
514 0
515 1
516 2
517 -1
518 -3
519 4
520 0
521 1
522 -1
523 2
524 1
525 0
526 -2
527 3
528 2
529 -1
530 -3
531 4
532 -1
533 2
534 0
535 1
536 -3
537 4
538 2
539 -1
540 4
541 -3
542 -5
543 6
544 0
545 1
546 -1
547 2
548 1
549 0
550 -2
551 3
552 -1
553 2
554 0
555 1
556 2
557 -1
558 -3
559 4
560 1
561 0
562 -2
563 3
564 0
565 1
566 -1
567 2
568 -2
569 3
570 1
571 0
572 3
573 -2
574 -4
575 5
576 2
577 -1
578 -3
579 4
580 -1
581 2
582 0
583 1
584 -3
585 4
586 2
587 -1
588 4
589 -3
590 -5
591 6
592 -1
593 2
594 0
595 1
596 2
597 -1
598 -3
599 4
600 0
601 1
602 -1
603 2
604 1
605 0
606 -2
607 3
608 -3
609 4
610 2
611 -1
612 4
613 -3
614 -5
615 6
616 2
617 -1
618 -3
619 4
620 -1
621 2
622 0
623 1
624 4
625 -3
626 -5
627 6
628 -3
629 4
630 2
631 -1
632 -5
633 6
634 4
635 -3
636 6
637 -5
638 -7
639 8
640 0
641 1
642 -1
643 2
644 1
645 0
646 -2
647 3
648 -1
649 2
650 0
651 1
652 2
653 -1
654 -3
655 4
656 1
657 0
658 -2
659 3
660 0
661 1
662 -1
663 2
664 -2
665 3
666 1
667 0
668 3
669 -2
670 -4
671 5
672 -1
673 2
674 0
675 1
676 2
677 -1
678 -3
679 4
680 0
681 1
682 -1
683 2
684 1
685 0
686 -2
687 3
688 2
689 -1
690 -3
691 4
692 -1
693 2
694 0
695 1
696 -3
697 4
698 2
699 -1
700 4
701 -3
702 -5
703 6
704 1
705 0
706 -2
707 3
708 0
709 1
710 -1
711 2
712 -2
713 3
714 1
715 0
716 3
717 -2
718 -4
719 5
720 0
721 1
722 -1
723 2
724 1
725 0
726 -2
727 3
728 -1
729 2
730 0
731 1
732 2
733 -1
734 -3
735 4
736 -2
737 3
738 1
739 0
740 3
741 -2
742 -4
743 5
744 1
745 0
746 -2
747 3
748 0
749 1
750 -1
751 2
752 3
753 -2
754 -4
755 5
756 -2
757 3
758 1
759 0
760 -4
761 5
762 3
763 -2
764 5
765 -4
766 -6
767 7
768 2
769 -1
770 -3
771 4
772 -1
773 2
774 0
775 1
776 -3
777 4
778 2
779 -1
780 4
781 -3
782 -5
783 6
784 -1
785 2
786 0
787 1
788 2
789 -1
790 -3
791 4
792 0
793 1
794 -1
795 2
796 1
797 0
798 -2
799 3
800 -3
801 4
802 2
803 -1
804 4
805 -3
806 -5
807 6
808 2
809 -1
810 -3
811 4
812 -1
813 2
814 0
815 1
816 4
817 -3
818 -5
819 6
820 -3
821 4
822 2
823 -1
824 -5
825 6
826 4
827 -3
828 6
829 -5
830 -7
831 8
832 -1
833 2
834 0
835 1
836 2
837 -1
838 -3
839 4
840 0
841 1
842 -1
843 2
844 1
845 0
846 -2
847 3
848 2
849 -1
850 -3
851 4
852 -1
853 2
854 0
855 1
856 -3
857 4
858 2
859 -1
860 4
861 -3
862 -5
863 6
864 0
865 1
866 -1
867 2
868 1
869 0
870 -2
871 3
872 -1
873 2
874 0
875 1
876 2
877 -1
878 -3
879 4
880 1
881 0
882 -2
883 3
884 0
885 1
886 -1
887 2
888 -2
889 3
890 1
891 0
892 3
893 -2
894 -4
895 5
896 -3
897 4
898 2
899 -1
900 4
901 -3
902 -5
903 6
904 2
905 -1
906 -3
907 4
908 -1
909 2
910 0
911 1
912 4
913 -3
914 -5
915 6
916 -3
917 4
918 2
919 -1
920 -5
921 6
922 4
923 -3
924 6
925 -5
926 -7
927 8
928 2
929 -1
930 -3
931 4
932 -1
933 2
934 0
935 1
936 -3
937 4
938 2
939 -1
940 4
941 -3
942 -5
943 6
944 -1
945 2
946 0
947 1
948 2
949 -1
950 -3
951 4
952 0
953 1
954 -1
955 2
956 1
957 0
958 -2
959 3
960 4
961 -3
962 -5
963 6
964 -3
965 4
966 2
967 -1
968 -5
969 6
970 4
971 -3
972 6
973 -5
974 -7
975 8
976 -3
977 4
978 2
979 -1
980 4
981 -3
982 -5
983 6
984 2
985 -1
986 -3
987 4
988 -1
989 2
990 0
991 1
992 -5
993 6
994 4
995 -3
996 6
997 -5
998 -7
999 8
1000 4
1001 -3
1002 -5
1003 6
1004 -3
1005 4
1006 2
1007 -1
1008 6
1009 -5
1010 -7
1011 8
1012 -5
1013 6
1014 4
1015 -3
1016 -7
1017 8
1018 6
1019 -5
1020 8
1021 -7
1022 -9
1023 10
1024 1
1025 0
1026 -2
1027 3
1028 0
1029 1
1030 -1
1031 2
1032 -2
1033 3
1034 1
1035 0
1036 3
1037 -2
1038 -4
1039 5
1040 0
1041 1
1042 -1
1043 2
1044 1
1045 0
1046 -2
1047 3
1048 -1
1049 2
1050 0
1051 1
1052 2
1053 -1
1054 -3
1055 4
1056 -2
1057 3
1058 1
1059 0
1060 3
1061 -2
1062 -4
1063 5
1064 1
1065 0
1066 -2
1067 3
1068 0
1069 1
1070 -1
1071 2
1072 3
1073 -2
1074 -4
1075 5
1076 -2
1077 3
1078 1
1079 0
1080 -4
1081 5
1082 3
1083 -2
1084 5
1085 -4
1086 -6
1087 7
1088 0
1089 1
1090 -1
1091 2
1092 1
1093 0
1094 -2
1095 3
1096 -1
1097 2
1098 0
1099 1
1100 2
1101 -1
1102 -3
1103 4
1104 1
1105 0
1106 -2
1107 3
1108 0
1109 1
1110 -1
1111 2
1112 -2
1113 3
1114 1
1115 0
1116 3
1117 -2
1118 -4
1119 5
1120 -1
1121 2
1122 0
1123 1
1124 2
1125 -1
1126 -3
1127 4
1128 0
1129 1
1130 -1
1131 2
1132 1
1133 0
1134 -2
1135 3
1136 2
1137 -1
1138 -3
1139 4
1140 -1
1141 2
1142 0
1143 1
1144 -3
1145 4
1146 2
1147 -1
1148 4
1149 -3
1150 -5
1151 6
1152 -2
1153 3
1154 1
1155 0
1156 3
1157 -2
1158 -4
1159 5
1160 1
1161 0
1162 -2
1163 3
1164 0
1165 1
1166 -1
1167 2
1168 3
1169 -2
1170 -4
1171 5
1172 -2
1173 3
1174 1
1175 0
1176 -4
1177 5
1178 3
1179 -2
1180 5
1181 -4
1182 -6
1183 7
1184 1
1185 0
1186 -2
1187 3
1188 0
1189 1
1190 -1
1191 2
1192 -2
1193 3
1194 1
1195 0
1196 3
1197 -2
1198 -4
1199 5
1200 0
1201 1
1202 -1
1203 2
1204 1
1205 0
1206 -2
1207 3
1208 -1
1209 2
1210 0
1211 1
1212 2
1213 -1
1214 -3
1215 4
1216 3
1217 -2
1218 -4
1219 5
1220 -2
1221 3
1222 1
1223 0
1224 -4
1225 5
1226 3
1227 -2
1228 5
1229 -4
1230 -6
1231 7
1232 -2
1233 3
1234 1
1235 0
1236 3
1237 -2
1238 -4
1239 5
1240 1
1241 0
1242 -2
1243 3
1244 0
1245 1
1246 -1
1247 2
1248 -4
1249 5
1250 3
1251 -2
1252 5
1253 -4
1254 -6
1255 7
1256 3
1257 -2
1258 -4
1259 5
1260 -2
1261 3
1262 1
1263 0
1264 5
1265 -4
1266 -6
1267 7
1268 -4
1269 5
1270 3
1271 -2
1272 -6
1273 7
1274 5
1275 -4
1276 7
1277 -6
1278 -8
1279 9
1280 0
1281 1
1282 -1
1283 2
1284 1
1285 0
1286 -2
1287 3
1288 -1
1289 2
1290 0
1291 1
1292 2
1293 -1
1294 -3
1295 4
1296 1
1297 0
1298 -2
1299 3
1300 0
1301 1
1302 -1
1303 2
1304 -2
1305 3
1306 1
1307 0
1308 3
1309 -2
1310 -4
1311 5
1312 -1
1313 2
1314 0
1315 1
1316 2
1317 -1
1318 -3
1319 4
1320 0
1321 1
1322 -1
1323 2
1324 1
1325 0
1326 -2
1327 3
1328 2
1329 -1
1330 -3
1331 4
1332 -1
1333 2
1334 0
1335 1
1336 -3
1337 4
1338 2
1339 -1
1340 4
1341 -3
1342 -5
1343 6
1344 1
1345 0
1346 -2
1347 3
1348 0
1349 1
1350 -1
1351 2
1352 -2
1353 3
1354 1
1355 0
1356 3
1357 -2
1358 -4
1359 5
1360 0
1361 1
1362 -1
1363 2
1364 1
1365 0
1366 -2
1367 3
1368 -1
1369 2
1370 0
1371 1
1372 2
1373 -1
1374 -3
1375 4
1376 -2
1377 3
1378 1
1379 0
1380 3
1381 -2
1382 -4
1383 5
1384 1
1385 0
1386 -2
1387 3
1388 0
1389 1
1390 -1
1391 2
1392 3
1393 -2
1394 -4
1395 5
1396 -2
1397 3
1398 1
1399 0
1400 -4
1401 5
1402 3
1403 -2
1404 5
1405 -4
1406 -6
1407 7
1408 -1
1409 2
1410 0
1411 1
1412 2
1413 -1
1414 -3
1415 4
1416 0
1417 1
1418 -1
1419 2
1420 1
1421 0
1422 -2
1423 3
1424 2
1425 -1
1426 -3
1427 4
1428 -1
1429 2
1430 0
1431 1
1432 -3
1433 4
1434 2
1435 -1
1436 4
1437 -3
1438 -5
1439 6
1440 0
1441 1
1442 -1
1443 2
1444 1
1445 0
1446 -2
1447 3
1448 -1
1449 2
1450 0
1451 1
1452 2
1453 -1
1454 -3
1455 4
1456 1
1457 0
1458 -2
1459 3
1460 0
1461 1
1462 -1
1463 2
1464 -2
1465 3
1466 1
1467 0
1468 3
1469 -2
1470 -4
1471 5
1472 2
1473 -1
1474 -3
1475 4
1476 -1
1477 2
1478 0
1479 1
1480 -3
1481 4
1482 2
1483 -1
1484 4
1485 -3
1486 -5
1487 6
1488 -1
1489 2
1490 0
1491 1
1492 2
1493 -1
1494 -3
1495 4
1496 0
1497 1
1498 -1
1499 2
1500 1
1501 0
1502 -2
1503 3
1504 -3
1505 4
1506 2
1507 -1
1508 4
1509 -3
1510 -5
1511 6
1512 2
1513 -1
1514 -3
1515 4
1516 -1
1517 2
1518 0
1519 1
1520 4
1521 -3
1522 -5
1523 6
1524 -3
1525 4
1526 2
1527 -1
1528 -5
1529 6
1530 4
1531 -3
1532 6
1533 -5
1534 -7
1535 8
1536 -2
1537 3
1538 1
1539 0
1540 3
1541 -2
1542 -4
1543 5
1544 1
1545 0
1546 -2
1547 3
1548 0
1549 1
1550 -1
1551 2
1552 3
1553 -2
1554 -4
1555 5
1556 -2
1557 3
1558 1
1559 0
1560 -4
1561 5
1562 3
1563 -2
1564 5
1565 -4
1566 -6
1567 7
1568 1
1569 0
1570 -2
1571 3
1572 0
1573 1
1574 -1
1575 2
1576 -2
1577 3
1578 1
1579 0
1580 3
1581 -2
1582 -4
1583 5
1584 0
1585 1
1586 -1
1587 2
1588 1
1589 0
1590 -2
1591 3
1592 -1
1593 2
1594 0
1595 1
1596 2
1597 -1
1598 -3
1599 4
1600 3
1601 -2
1602 -4
1603 5
1604 -2
1605 3
1606 1
1607 0
1608 -4
1609 5
1610 3
1611 -2
1612 5
1613 -4
1614 -6
1615 7
1616 -2
1617 3
1618 1
1619 0
1620 3
1621 -2
1622 -4
1623 5
1624 1
1625 0
1626 -2
1627 3
1628 0
1629 1
1630 -1
1631 2
1632 -4
1633 5
1634 3
1635 -2
1636 5
1637 -4
1638 -6
1639 7
1640 3
1641 -2
1642 -4
1643 5
1644 -2
1645 3
1646 1
1647 0
1648 5
1649 -4
1650 -6
1651 7
1652 -4
1653 5
1654 3
1655 -2
1656 -6
1657 7
1658 5
1659 -4
1660 7
1661 -6
1662 -8
1663 9
1664 1
1665 0
1666 -2
1667 3
1668 0
1669 1
1670 -1
1671 2
1672 -2
1673 3
1674 1
1675 0
1676 3
1677 -2
1678 -4
1679 5
1680 0
1681 1
1682 -1
1683 2
1684 1
1685 0
1686 -2
1687 3
1688 -1
1689 2
1690 0
1691 1
1692 2
1693 -1
1694 -3
1695 4
1696 -2
1697 3
1698 1
1699 0
1700 3
1701 -2
1702 -4
1703 5
1704 1
1705 0
1706 -2
1707 3
1708 0
1709 1
1710 -1
1711 2
1712 3
1713 -2
1714 -4
1715 5
1716 -2
1717 3
1718 1
1719 0
1720 -4
1721 5
1722 3
1723 -2
1724 5
1725 -4
1726 -6
1727 7
1728 0
1729 1
1730 -1
1731 2
1732 1
1733 0
1734 -2
1735 3
1736 -1
1737 2
1738 0
1739 1
1740 2
1741 -1
1742 -3
1743 4
1744 1
1745 0
1746 -2
1747 3
1748 0
1749 1
1750 -1
1751 2
1752 -2
1753 3
1754 1
1755 0
1756 3
1757 -2
1758 -4
1759 5
1760 -1
1761 2
1762 0
1763 1
1764 2
1765 -1
1766 -3
1767 4
1768 0
1769 1
1770 -1
1771 2
1772 1
1773 0
1774 -2
1775 3
1776 2
1777 -1
1778 -3
1779 4
1780 -1
1781 2
1782 0
1783 1
1784 -3
1785 4
1786 2
1787 -1
1788 4
1789 -3
1790 -5
1791 6
1792 3
1793 -2
1794 -4
1795 5
1796 -2
1797 3
1798 1
1799 0
1800 -4
1801 5
1802 3
1803 -2
1804 5
1805 -4
1806 -6
1807 7
1808 -2
1809 3
1810 1
1811 0
1812 3
1813 -2
1814 -4
1815 5
1816 1
1817 0
1818 -2
1819 3
1820 0
1821 1
1822 -1
1823 2
1824 -4
1825 5
1826 3
1827 -2
1828 5
1829 -4
1830 -6
1831 7
1832 3
1833 -2
1834 -4
1835 5
1836 -2
1837 3
1838 1
1839 0
1840 5
1841 -4
1842 -6
1843 7
1844 -4
1845 5
1846 3
1847 -2
1848 -6
1849 7
1850 5
1851 -4
1852 7
1853 -6
1854 -8
1855 9
1856 -2
1857 3
1858 1
1859 0
1860 3
1861 -2
1862 -4
1863 5
1864 1
1865 0
1866 -2
1867 3
1868 0
1869 1
1870 -1
1871 2
1872 3
1873 -2
1874 -4
1875 5
1876 -2
1877 3
1878 1
1879 0
1880 -4
1881 5
1882 3
1883 -2
1884 5
1885 -4
1886 -6
1887 7
1888 1
1889 0
1890 -2
1891 3
1892 0
1893 1
1894 -1
1895 2
1896 -2
1897 3
1898 1
1899 0
1900 3
1901 -2
1902 -4
1903 5
1904 0
1905 1
1906 -1
1907 2
1908 1
1909 0
1910 -2
1911 3
1912 -1
1913 2
1914 0
1915 1
1916 2
1917 -1
1918 -3
1919 4
1920 -4
1921 5
1922 3
1923 -2
1924 5
1925 -4
1926 -6
1927 7
1928 3
1929 -2
1930 -4
1931 5
1932 -2
1933 3
1934 1
1935 0
1936 5
1937 -4
1938 -6
1939 7
1940 -4
1941 5
1942 3
1943 -2
1944 -6
1945 7
1946 5
1947 -4
1948 7
1949 -6
1950 -8
1951 9
1952 3
1953 -2
1954 -4
1955 5
1956 -2
1957 3
1958 1
1959 0
1960 -4
1961 5
1962 3
1963 -2
1964 5
1965 -4
1966 -6
1967 7
1968 -2
1969 3
1970 1
1971 0
1972 3
1973 -2
1974 -4
1975 5
1976 1
1977 0
1978 -2
1979 3
1980 0
1981 1
1982 -1
1983 2
1984 5
1985 -4
1986 -6
1987 7
1988 -4
1989 5
1990 3
1991 -2
1992 -6
1993 7
1994 5
1995 -4
1996 7
1997 -6
1998 -8
1999 9
2000 -4
2001 5
2002 3
2003 -2
2004 5
2005 -4
2006 -6
2007 7
2008 3
2009 -2
2010 -4
2011 5
2012 -2
2013 3
2014 1
2015 0
2016 -6
2017 7
2018 5
2019 -4
2020 7
2021 -6
2022 -8
2023 9
2024 5
2025 -4
2026 -6
2027 7
2028 -4
2029 5
2030 3
2031 -2
2032 7
2033 -6
2034 -8
2035 9
2036 -6
2037 7
2038 5
2039 -4
2040 -8
2041 9
2042 7
2043 -6
2044 9
2045 -8
2046 -10
2047 11
2048 -1
2049 2
2050 0
2051 1
2052 2
2053 -1
2054 -3
2055 4
2056 0
2057 1
2058 -1
2059 2
2060 1
2061 0
2062 -2
2063 3
2064 2
2065 -1
2066 -3
2067 4
2068 -1
2069 2
2070 0
2071 1
2072 -3
2073 4
2074 2
2075 -1
2076 4
2077 -3
2078 -5
2079 6
2080 0
2081 1
2082 -1
2083 2
2084 1
2085 0
2086 -2
2087 3
2088 -1
2089 2
2090 0
2091 1
2092 2
2093 -1
2094 -3
2095 4
2096 1
2097 0
2098 -2
2099 3
2100 0
2101 1
2102 -1
2103 2
2104 -2
2105 3
2106 1
2107 0
2108 3
2109 -2
2110 -4
2111 5
2112 2
2113 -1
2114 -3
2115 4
2116 -1
2117 2
2118 0
2119 1
2120 -3
2121 4
2122 2
2123 -1
2124 4
2125 -3
2126 -5
2127 6
2128 -1
2129 2
2130 0
2131 1
2132 2
2133 -1
2134 -3
2135 4
2136 0
2137 1
2138 -1
2139 2
2140 1
2141 0
2142 -2
2143 3
2144 -3
2145 4
2146 2
2147 -1
2148 4
2149 -3
2150 -5
2151 6
2152 2
2153 -1
2154 -3
2155 4
2156 -1
2157 2
2158 0
2159 1
2160 4
2161 -3
2162 -5
2163 6
2164 -3
2165 4
2166 2
2167 -1
2168 -5
2169 6
2170 4
2171 -3
2172 6
2173 -5
2174 -7
2175 8
2176 0
2177 1
2178 -1
2179 2
2180 1
2181 0
2182 -2
2183 3
2184 -1
2185 2
2186 0
2187 1
2188 2
2189 -1
2190 -3
2191 4
2192 1
2193 0
2194 -2
2195 3
2196 0
2197 1
2198 -1
2199 2
2200 -2
2201 3
2202 1
2203 0
2204 3
2205 -2
2206 -4
2207 5
2208 -1
2209 2
2210 0
2211 1
2212 2
2213 -1
2214 -3
2215 4
2216 0
2217 1
2218 -1
2219 2
2220 1
2221 0
2222 -2
2223 3
2224 2
2225 -1
2226 -3
2227 4
2228 -1
2229 2
2230 0
2231 1
2232 -3
2233 4
2234 2
2235 -1
2236 4
2237 -3
2238 -5
2239 6
2240 1
2241 0
2242 -2
2243 3
2244 0
2245 1
2246 -1
2247 2
2248 -2
2249 3
2250 1
2251 0
2252 3
2253 -2
2254 -4
2255 5
2256 0
2257 1
2258 -1
2259 2
2260 1
2261 0
2262 -2
2263 3
2264 -1
2265 2
2266 0
2267 1
2268 2
2269 -1
2270 -3
2271 4
2272 -2
2273 3
2274 1
2275 0
2276 3
2277 -2
2278 -4
2279 5
2280 1
2281 0
2282 -2
2283 3
2284 0
2285 1
2286 -1
2287 2
2288 3
2289 -2
2290 -4
2291 5
2292 -2
2293 3
2294 1
2295 0
2296 -4
2297 5
2298 3
2299 -2
2300 5
2301 -4
2302 -6
2303 7
2304 2
2305 -1
2306 -3
2307 4
2308 -1
2309 2
2310 0
2311 1
2312 -3
2313 4
2314 2
2315 -1
2316 4
2317 -3
2318 -5
2319 6
2320 -1
2321 2
2322 0
2323 1
2324 2
2325 -1
2326 -3
2327 4
2328 0
2329 1
2330 -1
2331 2
2332 1
2333 0
2334 -2
2335 3
2336 -3
2337 4
2338 2
2339 -1
2340 4
2341 -3
2342 -5
2343 6
2344 2
2345 -1
2346 -3
2347 4
2348 -1
2349 2
2350 0
2351 1
2352 4
2353 -3
2354 -5
2355 6
2356 -3
2357 4
2358 2
2359 -1
2360 -5
2361 6
2362 4
2363 -3
2364 6
2365 -5
2366 -7
2367 8
2368 -1
2369 2
2370 0
2371 1
2372 2
2373 -1
2374 -3
2375 4
2376 0
2377 1
2378 -1
2379 2
2380 1
2381 0
2382 -2
2383 3
2384 2
2385 -1
2386 -3
2387 4
2388 -1
2389 2
2390 0
2391 1
2392 -3
2393 4
2394 2
2395 -1
2396 4
2397 -3
2398 -5
2399 6
2400 0
2401 1
2402 -1
2403 2
2404 1
2405 0
2406 -2
2407 3
2408 -1
2409 2
2410 0
2411 1
2412 2
2413 -1
2414 -3
2415 4
2416 1
2417 0
2418 -2
2419 3
2420 0
2421 1
2422 -1
2423 2
2424 -2
2425 3
2426 1
2427 0
2428 3
2429 -2
2430 -4
2431 5
2432 -3
2433 4
2434 2
2435 -1
2436 4
2437 -3
2438 -5
2439 6
2440 2
2441 -1
2442 -3
2443 4
2444 -1
2445 2
2446 0
2447 1
2448 4
2449 -3
2450 -5
2451 6
2452 -3
2453 4
2454 2
2455 -1
2456 -5
2457 6
2458 4
2459 -3
2460 6
2461 -5
2462 -7
2463 8
2464 2
2465 -1
2466 -3
2467 4
2468 -1
2469 2
2470 0
2471 1
2472 -3
2473 4
2474 2
2475 -1
2476 4
2477 -3
2478 -5
2479 6
2480 -1
2481 2
2482 0
2483 1
2484 2
2485 -1
2486 -3
2487 4
2488 0
2489 1
2490 -1
2491 2
2492 1
2493 0
2494 -2
2495 3
2496 4
2497 -3
2498 -5
2499 6
2500 -3
2501 4
2502 2
2503 -1
2504 -5
2505 6
2506 4
2507 -3
2508 6
2509 -5
2510 -7
2511 8
2512 -3
2513 4
2514 2
2515 -1
2516 4
2517 -3
2518 -5
2519 6
2520 2
2521 -1
2522 -3
2523 4
2524 -1
2525 2
2526 0
2527 1
2528 -5
2529 6
2530 4
2531 -3
2532 6
2533 -5
2534 -7
2535 8
2536 4
2537 -3
2538 -5
2539 6
2540 -3
2541 4
2542 2
2543 -1
2544 6
2545 -5
2546 -7
2547 8
2548 -5
2549 6
2550 4
2551 -3
2552 -7
2553 8
2554 6
2555 -5
2556 8
2557 -7
2558 -9
2559 10
2560 0
2561 1
2562 -1
2563 2
2564 1
2565 0
2566 -2
2567 3
2568 -1
2569 2
2570 0
2571 1
2572 2
2573 -1
2574 -3
2575 4
2576 1
2577 0
2578 -2
2579 3
2580 0
2581 1
2582 -1
2583 2
2584 -2
2585 3
2586 1
2587 0
2588 3
2589 -2
2590 -4
2591 5
2592 -1
2593 2
2594 0
2595 1
2596 2
2597 -1
2598 -3
2599 4
2600 0
2601 1
2602 -1
2603 2
2604 1
2605 0
2606 -2
2607 3
2608 2
2609 -1
2610 -3
2611 4
2612 -1
2613 2
2614 0
2615 1
2616 -3
2617 4
2618 2
2619 -1
2620 4
2621 -3
2622 -5
2623 6
2624 1
2625 0
2626 -2
2627 3
2628 0
2629 1
2630 -1
2631 2
2632 -2
2633 3
2634 1
2635 0
2636 3
2637 -2
2638 -4
2639 5
2640 0
2641 1
2642 -1
2643 2
2644 1
2645 0
2646 -2
2647 3
2648 -1
2649 2
2650 0
2651 1
2652 2
2653 -1
2654 -3
2655 4
2656 -2
2657 3
2658 1
2659 0
2660 3
2661 -2
2662 -4
2663 5
2664 1
2665 0
2666 -2
2667 3
2668 0
2669 1
2670 -1
2671 2
2672 3
2673 -2
2674 -4
2675 5
2676 -2
2677 3
2678 1
2679 0
2680 -4
2681 5
2682 3
2683 -2
2684 5
2685 -4
2686 -6
2687 7
2688 -1
2689 2
2690 0
2691 1
2692 2
2693 -1
2694 -3
2695 4
2696 0
2697 1
2698 -1
2699 2
2700 1
2701 0
2702 -2
2703 3
2704 2
2705 -1
2706 -3
2707 4
2708 -1
2709 2
2710 0
2711 1
2712 -3
2713 4
2714 2
2715 -1
2716 4
2717 -3
2718 -5
2719 6
2720 0
2721 1
2722 -1
2723 2
2724 1
2725 0
2726 -2
2727 3
2728 -1
2729 2
2730 0
2731 1
2732 2
2733 -1
2734 -3
2735 4
2736 1
2737 0
2738 -2
2739 3
2740 0
2741 1
2742 -1
2743 2
2744 -2
2745 3
2746 1
2747 0
2748 3
2749 -2
2750 -4
2751 5
2752 2
2753 -1
2754 -3
2755 4
2756 -1
2757 2
2758 0
2759 1
2760 -3
2761 4
2762 2
2763 -1
2764 4
2765 -3
2766 -5
2767 6
2768 -1
2769 2
2770 0
2771 1
2772 2
2773 -1
2774 -3
2775 4
2776 0
2777 1
2778 -1
2779 2
2780 1
2781 0
2782 -2
2783 3
2784 -3
2785 4
2786 2
2787 -1
2788 4
2789 -3
2790 -5
2791 6
2792 2
2793 -1
2794 -3
2795 4
2796 -1
2797 2
2798 0
2799 1
2800 4
2801 -3
2802 -5
2803 6
2804 -3
2805 4
2806 2
2807 -1
2808 -5
2809 6
2810 4
2811 -3
2812 6
2813 -5
2814 -7
2815 8
2816 1
2817 0
2818 -2
2819 3
2820 0
2821 1
2822 -1
2823 2
2824 -2
2825 3
2826 1
2827 0
2828 3
2829 -2
2830 -4
2831 5
2832 0
2833 1
2834 -1
2835 2
2836 1
2837 0
2838 -2
2839 3
2840 -1
2841 2
2842 0
2843 1
2844 2
2845 -1
2846 -3
2847 4
2848 -2
2849 3
2850 1
2851 0
2852 3
2853 -2
2854 -4
2855 5
2856 1
2857 0
2858 -2
2859 3
2860 0
2861 1
2862 -1
2863 2
2864 3
2865 -2
2866 -4
2867 5
2868 -2
2869 3
2870 1
2871 0
2872 -4
2873 5
2874 3
2875 -2
2876 5
2877 -4
2878 -6
2879 7
2880 0
2881 1
2882 -1
2883 2
2884 1
2885 0
2886 -2
2887 3
2888 -1
2889 2
2890 0
2891 1
2892 2
2893 -1
2894 -3
2895 4
2896 1
2897 0
2898 -2
2899 3
2900 0
2901 1
2902 -1
2903 2
2904 -2
2905 3
2906 1
2907 0
2908 3
2909 -2
2910 -4
2911 5
2912 -1
2913 2
2914 0
2915 1
2916 2
2917 -1
2918 -3
2919 4
2920 0
2921 1
2922 -1
2923 2
2924 1
2925 0
2926 -2
2927 3
2928 2
2929 -1
2930 -3
2931 4
2932 -1
2933 2
2934 0
2935 1
2936 -3
2937 4
2938 2
2939 -1
2940 4
2941 -3
2942 -5
2943 6
2944 -2
2945 3
2946 1
2947 0
2948 3
2949 -2
2950 -4
2951 5
2952 1
2953 0
2954 -2
2955 3
2956 0
2957 1
2958 -1
2959 2
2960 3
2961 -2
2962 -4
2963 5
2964 -2
2965 3
2966 1
2967 0
2968 -4
2969 5
2970 3
2971 -2
2972 5
2973 -4
2974 -6
2975 7
2976 1
2977 0
2978 -2
2979 3
2980 0
2981 1
2982 -1
2983 2
2984 -2
2985 3
2986 1
2987 0
2988 3
2989 -2
2990 -4
2991 5
2992 0
2993 1
2994 -1
2995 2
2996 1
2997 0
2998 -2
2999 3
3000 -1
3001 2
3002 0
3003 1
3004 2
3005 -1
3006 -3
3007 4
3008 3
3009 -2
3010 -4
3011 5
3012 -2
3013 3
3014 1
3015 0
3016 -4
3017 5
3018 3
3019 -2
3020 5
3021 -4
3022 -6
3023 7
3024 -2
3025 3
3026 1
3027 0
3028 3
3029 -2
3030 -4
3031 5
3032 1
3033 0
3034 -2
3035 3
3036 0
3037 1
3038 -1
3039 2
3040 -4
3041 5
3042 3
3043 -2
3044 5
3045 -4
3046 -6
3047 7
3048 3
3049 -2
3050 -4
3051 5
3052 -2
3053 3
3054 1
3055 0
3056 5
3057 -4
3058 -6
3059 7
3060 -4
3061 5
3062 3
3063 -2
3064 -6
3065 7
3066 5
3067 -4
3068 7
3069 -6
3070 -8
3071 9
3072 2
3073 -1
3074 -3
3075 4
3076 -1
3077 2
3078 0
3079 1
3080 -3
3081 4
3082 2
3083 -1
3084 4
3085 -3
3086 -5
3087 6
3088 -1
3089 2
3090 0
3091 1
3092 2
3093 -1
3094 -3
3095 4
3096 0
3097 1
3098 -1
3099 2
3100 1
3101 0
3102 -2
3103 3
3104 -3
3105 4
3106 2
3107 -1
3108 4
3109 -3
3110 -5
3111 6
3112 2
3113 -1
3114 -3
3115 4
3116 -1
3117 2
3118 0
3119 1
3120 4
3121 -3
3122 -5
3123 6
3124 -3
3125 4
3126 2
3127 -1
3128 -5
3129 6
3130 4
3131 -3
3132 6
3133 -5
3134 -7
3135 8
3136 -1
3137 2
3138 0
3139 1
3140 2
3141 -1
3142 -3
3143 4
3144 0
3145 1
3146 -1
3147 2
3148 1
3149 0
3150 -2
3151 3
3152 2
3153 -1
3154 -3
3155 4
3156 -1
3157 2
3158 0
3159 1
3160 -3
3161 4
3162 2
3163 -1
3164 4
3165 -3
3166 -5
3167 6
3168 0
3169 1
3170 -1
3171 2
3172 1
3173 0
3174 -2
3175 3
3176 -1
3177 2
3178 0
3179 1
3180 2
3181 -1
3182 -3
3183 4
3184 1
3185 0
3186 -2
3187 3
3188 0
3189 1
3190 -1
3191 2
3192 -2
3193 3
3194 1
3195 0
3196 3
3197 -2
3198 -4
3199 5
3200 -3
3201 4
3202 2
3203 -1
3204 4
3205 -3
3206 -5
3207 6
3208 2
3209 -1
3210 -3
3211 4
3212 -1
3213 2
3214 0
3215 1
3216 4
3217 -3
3218 -5
3219 6
3220 -3
3221 4
3222 2
3223 -1
3224 -5
3225 6
3226 4
3227 -3
3228 6
3229 -5
3230 -7
3231 8
3232 2
3233 -1
3234 -3
3235 4
3236 -1
3237 2
3238 0
3239 1
3240 -3
3241 4
3242 2
3243 -1
3244 4
3245 -3
3246 -5
3247 6
3248 -1
3249 2
3250 0
3251 1
3252 2
3253 -1
3254 -3
3255 4
3256 0
3257 1
3258 -1
3259 2
3260 1
3261 0
3262 -2
3263 3
3264 4
3265 -3
3266 -5
3267 6
3268 -3
3269 4
3270 2
3271 -1
3272 -5
3273 6
3274 4
3275 -3
3276 6
3277 -5
3278 -7
3279 8
3280 -3
3281 4
3282 2
3283 -1
3284 4
3285 -3
3286 -5
3287 6
3288 2
3289 -1
3290 -3
3291 4
3292 -1
3293 2
3294 0
3295 1
3296 -5
3297 6
3298 4
3299 -3
3300 6
3301 -5
3302 -7
3303 8
3304 4
3305 -3
3306 -5
3307 6
3308 -3
3309 4
3310 2
3311 -1
3312 6
3313 -5
3314 -7
3315 8
3316 -5
3317 6
3318 4
3319 -3
3320 -7
3321 8
3322 6
3323 -5
3324 8
3325 -7
3326 -9
3327 10
3328 -1
3329 2
3330 0
3331 1
3332 2
3333 -1
3334 -3
3335 4
3336 0
3337 1
3338 -1
3339 2
3340 1
3341 0
3342 -2
3343 3
3344 2
3345 -1
3346 -3
3347 4
3348 -1
3349 2
3350 0
3351 1
3352 -3
3353 4
3354 2
3355 -1
3356 4
3357 -3
3358 -5
3359 6
3360 0
3361 1
3362 -1
3363 2
3364 1
3365 0
3366 -2
3367 3
3368 -1
3369 2
3370 0
3371 1
3372 2
3373 -1
3374 -3
3375 4
3376 1
3377 0
3378 -2
3379 3
3380 0
3381 1
3382 -1
3383 2
3384 -2
3385 3
3386 1
3387 0
3388 3
3389 -2
3390 -4
3391 5
3392 2
3393 -1
3394 -3
3395 4
3396 -1
3397 2
3398 0
3399 1
3400 -3
3401 4
3402 2
3403 -1
3404 4
3405 -3
3406 -5
3407 6
3408 -1
3409 2
3410 0
3411 1
3412 2
3413 -1
3414 -3
3415 4
3416 0
3417 1
3418 -1
3419 2
3420 1
3421 0
3422 -2
3423 3
3424 -3
3425 4
3426 2
3427 -1
3428 4
3429 -3
3430 -5
3431 6
3432 2
3433 -1
3434 -3
3435 4
3436 -1
3437 2
3438 0
3439 1
3440 4
3441 -3
3442 -5
3443 6
3444 -3
3445 4
3446 2
3447 -1
3448 -5
3449 6
3450 4
3451 -3
3452 6
3453 -5
3454 -7
3455 8
3456 0
3457 1
3458 -1
3459 2
3460 1
3461 0
3462 -2
3463 3
3464 -1
3465 2
3466 0
3467 1
3468 2
3469 -1
3470 -3
3471 4
3472 1
3473 0
3474 -2
3475 3
3476 0
3477 1
3478 -1
3479 2
3480 -2
3481 3
3482 1
3483 0
3484 3
3485 -2
3486 -4
3487 5
3488 -1
3489 2
3490 0
3491 1
3492 2
3493 -1
3494 -3
3495 4
3496 0
3497 1
3498 -1
3499 2
3500 1
3501 0
3502 -2
3503 3
3504 2
3505 -1
3506 -3
3507 4
3508 -1
3509 2
3510 0
3511 1
3512 -3
3513 4
3514 2
3515 -1
3516 4
3517 -3
3518 -5
3519 6
3520 1
3521 0
3522 -2
3523 3
3524 0
3525 1
3526 -1
3527 2
3528 -2
3529 3
3530 1
3531 0
3532 3
3533 -2
3534 -4
3535 5
3536 0
3537 1
3538 -1
3539 2
3540 1
3541 0
3542 -2
3543 3
3544 -1
3545 2
3546 0
3547 1
3548 2
3549 -1
3550 -3
3551 4
3552 -2
3553 3
3554 1
3555 0
3556 3
3557 -2
3558 -4
3559 5
3560 1
3561 0
3562 -2
3563 3
3564 0
3565 1
3566 -1
3567 2
3568 3
3569 -2
3570 -4
3571 5
3572 -2
3573 3
3574 1
3575 0
3576 -4
3577 5
3578 3
3579 -2
3580 5
3581 -4
3582 -6
3583 7
3584 -3
3585 4
3586 2
3587 -1
3588 4
3589 -3
3590 -5
3591 6
3592 2
3593 -1
3594 -3
3595 4
3596 -1
3597 2
3598 0
3599 1
3600 4
3601 -3
3602 -5
3603 6
3604 -3
3605 4
3606 2
3607 -1
3608 -5
3609 6
3610 4
3611 -3
3612 6
3613 -5
3614 -7
3615 8
3616 2
3617 -1
3618 -3
3619 4
3620 -1
3621 2
3622 0
3623 1
3624 -3
3625 4
3626 2
3627 -1
3628 4
3629 -3
3630 -5
3631 6
3632 -1
3633 2
3634 0
3635 1
3636 2
3637 -1
3638 -3
3639 4
3640 0
3641 1
3642 -1
3643 2
3644 1
3645 0
3646 -2
3647 3
3648 4
3649 -3
3650 -5
3651 6
3652 -3
3653 4
3654 2
3655 -1
3656 -5
3657 6
3658 4
3659 -3
3660 6
3661 -5
3662 -7
3663 8
3664 -3
3665 4
3666 2
3667 -1
3668 4
3669 -3
3670 -5
3671 6
3672 2
3673 -1
3674 -3
3675 4
3676 -1
3677 2
3678 0
3679 1
3680 -5
3681 6
3682 4
3683 -3
3684 6
3685 -5
3686 -7
3687 8
3688 4
3689 -3
3690 -5
3691 6
3692 -3
3693 4
3694 2
3695 -1
3696 6
3697 -5
3698 -7
3699 8
3700 -5
3701 6
3702 4
3703 -3
3704 -7
3705 8
3706 6
3707 -5
3708 8
3709 -7
3710 -9
3711 10
3712 2
3713 -1
3714 -3
3715 4
3716 -1
3717 2
3718 0
3719 1
3720 -3
3721 4
3722 2
3723 -1
3724 4
3725 -3
3726 -5
3727 6
3728 -1
3729 2
3730 0
3731 1
3732 2
3733 -1
3734 -3
3735 4
3736 0
3737 1
3738 -1
3739 2
3740 1
3741 0
3742 -2
3743 3
3744 -3
3745 4
3746 2
3747 -1
3748 4
3749 -3
3750 -5
3751 6
3752 2
3753 -1
3754 -3
3755 4
3756 -1
3757 2
3758 0
3759 1
3760 4
3761 -3
3762 -5
3763 6
3764 -3
3765 4
3766 2
3767 -1
3768 -5
3769 6
3770 4
3771 -3
3772 6
3773 -5
3774 -7
3775 8
3776 -1
3777 2
3778 0
3779 1
3780 2
3781 -1
3782 -3
3783 4
3784 0
3785 1
3786 -1
3787 2
3788 1
3789 0
3790 -2
3791 3
3792 2
3793 -1
3794 -3
3795 4
3796 -1
3797 2
3798 0
3799 1
3800 -3
3801 4
3802 2
3803 -1
3804 4
3805 -3
3806 -5
3807 6
3808 0
3809 1
3810 -1
3811 2
3812 1
3813 0
3814 -2
3815 3
3816 -1
3817 2
3818 0
3819 1
3820 2
3821 -1
3822 -3
3823 4
3824 1
3825 0
3826 -2
3827 3
3828 0
3829 1
3830 -1
3831 2
3832 -2
3833 3
3834 1
3835 0
3836 3
3837 -2
3838 -4
3839 5
3840 4
3841 -3
3842 -5
3843 6
3844 -3
3845 4
3846 2
3847 -1
3848 -5
3849 6
3850 4
3851 -3
3852 6
3853 -5
3854 -7
3855 8
3856 -3
3857 4
3858 2
3859 -1
3860 4
3861 -3
3862 -5
3863 6
3864 2
3865 -1
3866 -3
3867 4
3868 -1
3869 2
3870 0
3871 1
3872 -5
3873 6
3874 4
3875 -3
3876 6
3877 -5
3878 -7
3879 8
3880 4
3881 -3
3882 -5
3883 6
3884 -3
3885 4
3886 2
3887 -1
3888 6
3889 -5
3890 -7
3891 8
3892 -5
3893 6
3894 4
3895 -3
3896 -7
3897 8
3898 6
3899 -5
3900 8
3901 -7
3902 -9
3903 10
3904 -3
3905 4
3906 2
3907 -1
3908 4
3909 -3
3910 -5
3911 6
3912 2
3913 -1
3914 -3
3915 4
3916 -1
3917 2
3918 0
3919 1
3920 4
3921 -3
3922 -5
3923 6
3924 -3
3925 4
3926 2
3927 -1
3928 -5
3929 6
3930 4
3931 -3
3932 6
3933 -5
3934 -7
3935 8
3936 2
3937 -1
3938 -3
3939 4
3940 -1
3941 2
3942 0
3943 1
3944 -3
3945 4
3946 2
3947 -1
3948 4
3949 -3
3950 -5
3951 6
3952 -1
3953 2
3954 0
3955 1
3956 2
3957 -1
3958 -3
3959 4
3960 0
3961 1
3962 -1
3963 2
3964 1
3965 0
3966 -2
3967 3
3968 -5
3969 6
3970 4
3971 -3
3972 6
3973 -5
3974 -7
3975 8
3976 4
3977 -3
3978 -5
3979 6
3980 -3
3981 4
3982 2
3983 -1
3984 6
3985 -5
3986 -7
3987 8
3988 -5
3989 6
3990 4
3991 -3
3992 -7
3993 8
3994 6
3995 -5
3996 8
3997 -7
3998 -9
3999 10
4000 4
4001 -3
4002 -5
4003 6
4004 -3
4005 4
4006 2
4007 -1
4008 -5
4009 6
4010 4
4011 -3
4012 6
4013 -5
4014 -7
4015 8
4016 -3
4017 4
4018 2
4019 -1
4020 4
4021 -3
4022 -5
4023 6
4024 2
4025 -1
4026 -3
4027 4
4028 -1
4029 2
4030 0
4031 1
4032 6
4033 -5
4034 -7
4035 8
4036 -5
4037 6
4038 4
4039 -3
4040 -7
4041 8
4042 6
4043 -5
4044 8
4045 -7
4046 -9
4047 10
4048 -5
4049 6
4050 4
4051 -3
4052 6
4053 -5
4054 -7
4055 8
4056 4
4057 -3
4058 -5
4059 6
4060 -3
4061 4
4062 2
4063 -1
4064 -7
4065 8
4066 6
4067 -5
4068 8
4069 -7
4070 -9
4071 10
4072 6
4073 -5
4074 -7
4075 8
4076 -5
4077 6
4078 4
4079 -3
4080 8
4081 -7
4082 -9
4083 10
4084 -7
4085 8
4086 6
4087 -5
4088 -9
4089 10
4090 8
4091 -7
4092 10
4093 -9
4094 -11
4095 12
4096 1
4097 0
4098 -2
4099 3
4100 0
4101 1
4102 -1
4103 2
4104 -2
4105 3
4106 1
4107 0
4108 3
4109 -2
4110 -4
4111 5
4112 0
4113 1
4114 -1
4115 2
4116 1
4117 0
4118 -2
4119 3
4120 -1
4121 2
4122 0
4123 1
4124 2
4125 -1
4126 -3
4127 4
4128 -2
4129 3
4130 1
4131 0
4132 3
4133 -2
4134 -4
4135 5
4136 1
4137 0
4138 -2
4139 3
4140 0
4141 1
4142 -1
4143 2
4144 3
4145 -2
4146 -4
4147 5
4148 -2
4149 3
4150 1
4151 0
4152 -4
4153 5
4154 3
4155 -2
4156 5
4157 -4
4158 -6
4159 7
4160 0
4161 1
4162 -1
4163 2
4164 1
4165 0
4166 -2
4167 3
4168 -1
4169 2
4170 0
4171 1
4172 2
4173 -1
4174 -3
4175 4
4176 1
4177 0
4178 -2
4179 3
4180 0
4181 1
4182 -1
4183 2
4184 -2
4185 3
4186 1
4187 0
4188 3
4189 -2
4190 -4
4191 5
4192 -1
4193 2
4194 0
4195 1
4196 2
4197 -1
4198 -3
4199 4
4200 0
4201 1
4202 -1
4203 2
4204 1
4205 0
4206 -2
4207 3
4208 2
4209 -1
4210 -3
4211 4
4212 -1
4213 2
4214 0
4215 1
4216 -3
4217 4
4218 2
4219 -1
4220 4
4221 -3
4222 -5
4223 6
4224 -2
4225 3
4226 1
4227 0
4228 3
4229 -2
4230 -4
4231 5
4232 1
4233 0
4234 -2
4235 3
4236 0
4237 1
4238 -1
4239 2
4240 3
4241 -2
4242 -4
4243 5
4244 -2
4245 3
4246 1
4247 0
4248 -4
4249 5
4250 3
4251 -2
4252 5
4253 -4
4254 -6
4255 7
4256 1
4257 0
4258 -2
4259 3
4260 0
4261 1
4262 -1
4263 2
4264 -2
4265 3
4266 1
4267 0
4268 3
4269 -2
4270 -4
4271 5
4272 0
4273 1
4274 -1
4275 2
4276 1
4277 0
4278 -2
4279 3
4280 -1
4281 2
4282 0
4283 1
4284 2
4285 -1
4286 -3
4287 4
4288 3
4289 -2
4290 -4
4291 5
4292 -2
4293 3
4294 1
4295 0
4296 -4
4297 5
4298 3
4299 -2
4300 5
4301 -4
4302 -6
4303 7
4304 -2
4305 3
4306 1
4307 0
4308 3
4309 -2
4310 -4
4311 5
4312 1
4313 0
4314 -2
4315 3
4316 0
4317 1
4318 -1
4319 2
4320 -4
4321 5
4322 3
4323 -2
4324 5
4325 -4
4326 -6
4327 7
4328 3
4329 -2
4330 -4
4331 5
4332 -2
4333 3
4334 1
4335 0
4336 5
4337 -4
4338 -6
4339 7
4340 -4
4341 5
4342 3
4343 -2
4344 -6
4345 7
4346 5
4347 -4
4348 7
4349 -6
4350 -8
4351 9
4352 0
4353 1
4354 -1
4355 2
4356 1
4357 0
4358 -2
4359 3
4360 -1
4361 2
4362 0
4363 1
4364 2
4365 -1
4366 -3
4367 4
4368 1
4369 0
4370 -2
4371 3
4372 0
4373 1
4374 -1
4375 2
4376 -2
4377 3
4378 1
4379 0
4380 3
4381 -2
4382 -4
4383 5
4384 -1
4385 2
4386 0
4387 1
4388 2
4389 -1
4390 -3
4391 4
4392 0
4393 1
4394 -1
4395 2
4396 1
4397 0
4398 -2
4399 3
4400 2
4401 -1
4402 -3
4403 4
4404 -1
4405 2
4406 0
4407 1
4408 -3
4409 4
4410 2
4411 -1
4412 4
4413 -3
4414 -5
4415 6
4416 1
4417 0
4418 -2
4419 3
4420 0
4421 1
4422 -1
4423 2
4424 -2
4425 3
4426 1
4427 0
4428 3
4429 -2
4430 -4
4431 5
4432 0
4433 1
4434 -1
4435 2
4436 1
4437 0
4438 -2
4439 3
4440 -1
4441 2
4442 0
4443 1
4444 2
4445 -1
4446 -3
4447 4
4448 -2
4449 3
4450 1
4451 0
4452 3
4453 -2
4454 -4
4455 5
4456 1
4457 0
4458 -2
4459 3
4460 0
4461 1
4462 -1
4463 2
4464 3
4465 -2
4466 -4
4467 5
4468 -2
4469 3
4470 1
4471 0
4472 -4
4473 5
4474 3
4475 -2
4476 5
4477 -4
4478 -6
4479 7
4480 -1
4481 2
4482 0
4483 1
4484 2
4485 -1
4486 -3
4487 4
4488 0
4489 1
4490 -1
4491 2
4492 1
4493 0
4494 -2
4495 3
4496 2
4497 -1
4498 -3
4499 4
4500 -1
4501 2
4502 0
4503 1
4504 -3
4505 4
4506 2
4507 -1
4508 4
4509 -3
4510 -5
4511 6
4512 0
4513 1
4514 -1
4515 2
4516 1
4517 0
4518 -2
4519 3
4520 -1
4521 2
4522 0
4523 1
4524 2
4525 -1
4526 -3
4527 4
4528 1
4529 0
4530 -2
4531 3
4532 0
4533 1
4534 -1
4535 2
4536 -2
4537 3
4538 1
4539 0
4540 3
4541 -2
4542 -4
4543 5
4544 2
4545 -1
4546 -3
4547 4
4548 -1
4549 2
4550 0
4551 1
4552 -3
4553 4
4554 2
4555 -1
4556 4
4557 -3
4558 -5
4559 6
4560 -1
4561 2
4562 0
4563 1
4564 2
4565 -1
4566 -3
4567 4
4568 0
4569 1
4570 -1
4571 2
4572 1
4573 0
4574 -2
4575 3
4576 -3
4577 4
4578 2
4579 -1
4580 4
4581 -3
4582 -5
4583 6
4584 2
4585 -1
4586 -3
4587 4
4588 -1
4589 2
4590 0
4591 1
4592 4
4593 -3
4594 -5
4595 6
4596 -3
4597 4
4598 2
4599 -1
4600 -5
4601 6
4602 4
4603 -3
4604 6
4605 -5
4606 -7
4607 8
4608 -2
4609 3
4610 1
4611 0
4612 3
4613 -2
4614 -4
4615 5
4616 1
4617 0
4618 -2
4619 3
4620 0
4621 1
4622 -1
4623 2
4624 3
4625 -2
4626 -4
4627 5
4628 -2
4629 3
4630 1
4631 0
4632 -4
4633 5
4634 3
4635 -2
4636 5
4637 -4
4638 -6
4639 7
4640 1
4641 0
4642 -2
4643 3
4644 0
4645 1
4646 -1
4647 2
4648 -2
4649 3
4650 1
4651 0
4652 3
4653 -2
4654 -4
4655 5
4656 0
4657 1
4658 -1
4659 2
4660 1
4661 0
4662 -2
4663 3
4664 -1
4665 2
4666 0
4667 1
4668 2
4669 -1
4670 -3
4671 4
4672 3
4673 -2
4674 -4
4675 5
4676 -2
4677 3
4678 1
4679 0
4680 -4
4681 5
4682 3
4683 -2
4684 5
4685 -4
4686 -6
4687 7
4688 -2
4689 3
4690 1
4691 0
4692 3
4693 -2
4694 -4
4695 5
4696 1
4697 0
4698 -2
4699 3
4700 0
4701 1
4702 -1
4703 2
4704 -4
4705 5
4706 3
4707 -2
4708 5
4709 -4
4710 -6
4711 7
4712 3
4713 -2
4714 -4
4715 5
4716 -2
4717 3
4718 1
4719 0
4720 5
4721 -4
4722 -6
4723 7
4724 -4
4725 5
4726 3
4727 -2
4728 -6
4729 7
4730 5
4731 -4
4732 7
4733 -6
4734 -8
4735 9
4736 1
4737 0
4738 -2
4739 3
4740 0
4741 1
4742 -1
4743 2
4744 -2
4745 3
4746 1
4747 0
4748 3
4749 -2
4750 -4
4751 5
4752 0
4753 1
4754 -1
4755 2
4756 1
4757 0
4758 -2
4759 3
4760 -1
4761 2
4762 0
4763 1
4764 2
4765 -1
4766 -3
4767 4
4768 -2
4769 3
4770 1
4771 0
4772 3
4773 -2
4774 -4
4775 5
4776 1
4777 0
4778 -2
4779 3
4780 0
4781 1
4782 -1
4783 2
4784 3
4785 -2
4786 -4
4787 5
4788 -2
4789 3
4790 1
4791 0
4792 -4
4793 5
4794 3
4795 -2
4796 5
4797 -4
4798 -6
4799 7
4800 0
4801 1
4802 -1
4803 2
4804 1
4805 0
4806 -2
4807 3
4808 -1
4809 2
4810 0
4811 1
4812 2
4813 -1
4814 -3
4815 4
4816 1
4817 0
4818 -2
4819 3
4820 0
4821 1
4822 -1
4823 2
4824 -2
4825 3
4826 1
4827 0
4828 3
4829 -2
4830 -4
4831 5
4832 -1
4833 2
4834 0
4835 1
4836 2
4837 -1
4838 -3
4839 4
4840 0
4841 1
4842 -1
4843 2
4844 1
4845 0
4846 -2
4847 3
4848 2
4849 -1
4850 -3
4851 4
4852 -1
4853 2
4854 0
4855 1
4856 -3
4857 4
4858 2
4859 -1
4860 4
4861 -3
4862 -5
4863 6
4864 3
4865 -2
4866 -4
4867 5
4868 -2
4869 3
4870 1
4871 0
4872 -4
4873 5
4874 3
4875 -2
4876 5
4877 -4
4878 -6
4879 7
4880 -2
4881 3
4882 1
4883 0
4884 3
4885 -2
4886 -4
4887 5
4888 1
4889 0
4890 -2
4891 3
4892 0
4893 1
4894 -1
4895 2
4896 -4
4897 5
4898 3
4899 -2
4900 5
4901 -4
4902 -6
4903 7
4904 3
4905 -2
4906 -4
4907 5
4908 -2
4909 3
4910 1
4911 0
4912 5
4913 -4
4914 -6
4915 7
4916 -4
4917 5
4918 3
4919 -2
4920 -6
4921 7
4922 5
4923 -4
4924 7
4925 -6
4926 -8
4927 9
4928 -2
4929 3
4930 1
4931 0
4932 3
4933 -2
4934 -4
4935 5
4936 1
4937 0
4938 -2
4939 3
4940 0
4941 1
4942 -1
4943 2
4944 3
4945 -2
4946 -4
4947 5
4948 -2
4949 3
4950 1
4951 0
4952 -4
4953 5
4954 3
4955 -2
4956 5
4957 -4
4958 -6
4959 7
4960 1
4961 0
4962 -2
4963 3
4964 0
4965 1
4966 -1
4967 2
4968 -2
4969 3
4970 1
4971 0
4972 3
4973 -2
4974 -4
4975 5
4976 0
4977 1
4978 -1
4979 2
4980 1
4981 0
4982 -2
4983 3
4984 -1
4985 2
4986 0
4987 1
4988 2
4989 -1
4990 -3
4991 4
4992 -4
4993 5
4994 3
4995 -2
4996 5
4997 -4
4998 -6
4999 7
5000 3
5001 -2
5002 -4
5003 5
5004 -2
5005 3
5006 1
5007 0
5008 5
5009 -4
5010 -6
5011 7
5012 -4
5013 5
5014 3
5015 -2
5016 -6
5017 7
5018 5
5019 -4
5020 7
5021 -6
5022 -8
5023 9
5024 3
5025 -2
5026 -4
5027 5
5028 -2
5029 3
5030 1
5031 0
5032 -4
5033 5
5034 3
5035 -2
5036 5
5037 -4
5038 -6
5039 7
5040 -2
5041 3
5042 1
5043 0
5044 3
5045 -2
5046 -4
5047 5
5048 1
5049 0
5050 -2
5051 3
5052 0
5053 1
5054 -1
5055 2
5056 5
5057 -4
5058 -6
5059 7
5060 -4
5061 5
5062 3
5063 -2
5064 -6
5065 7
5066 5
5067 -4
5068 7
5069 -6
5070 -8
5071 9
5072 -4
5073 5
5074 3
5075 -2
5076 5
5077 -4
5078 -6
5079 7
5080 3
5081 -2
5082 -4
5083 5
5084 -2
5085 3
5086 1
5087 0
5088 -6
5089 7
5090 5
5091 -4
5092 7
5093 -6
5094 -8
5095 9
5096 5
5097 -4
5098 -6
5099 7
5100 -4
5101 5
5102 3
5103 -2
5104 7
5105 -6
5106 -8
5107 9
5108 -6
5109 7
5110 5
5111 -4
5112 -8
5113 9
5114 7
5115 -6
5116 9
5117 -8
5118 -10
5119 11
5120 0
5121 1
5122 -1
5123 2
5124 1
5125 0
5126 -2
5127 3
5128 -1
5129 2
5130 0
5131 1
5132 2
5133 -1
5134 -3
5135 4
5136 1
5137 0
5138 -2
5139 3
5140 0
5141 1
5142 -1
5143 2
5144 -2
5145 3
5146 1
5147 0
5148 3
5149 -2
5150 -4
5151 5
5152 -1
5153 2
5154 0
5155 1
5156 2
5157 -1
5158 -3
5159 4
5160 0
5161 1
5162 -1
5163 2
5164 1
5165 0
5166 -2
5167 3
5168 2
5169 -1
5170 -3
5171 4
5172 -1
5173 2
5174 0
5175 1
5176 -3
5177 4
5178 2
5179 -1
5180 4
5181 -3
5182 -5
5183 6
5184 1
5185 0
5186 -2
5187 3
5188 0
5189 1
5190 -1
5191 2
5192 -2
5193 3
5194 1
5195 0
5196 3
5197 -2
5198 -4
5199 5
5200 0
5201 1
5202 -1
5203 2
5204 1
5205 0
5206 -2
5207 3
5208 -1
5209 2
5210 0
5211 1
5212 2
5213 -1
5214 -3
5215 4
5216 -2
5217 3
5218 1
5219 0
5220 3
5221 -2
5222 -4
5223 5
5224 1
5225 0
5226 -2
5227 3
5228 0
5229 1
5230 -1
5231 2
5232 3
5233 -2
5234 -4
5235 5
5236 -2
5237 3
5238 1
5239 0
5240 -4
5241 5
5242 3
5243 -2
5244 5
5245 -4
5246 -6
5247 7
5248 -1
5249 2
5250 0
5251 1
5252 2
5253 -1
5254 -3
5255 4
5256 0
5257 1
5258 -1
5259 2
5260 1
5261 0
5262 -2
5263 3
5264 2
5265 -1
5266 -3
5267 4
5268 -1
5269 2
5270 0
5271 1
5272 -3
5273 4
5274 2
5275 -1
5276 4
5277 -3
5278 -5
5279 6
5280 0
5281 1
5282 -1
5283 2
5284 1
5285 0
5286 -2
5287 3
5288 -1
5289 2
5290 0
5291 1
5292 2
5293 -1
5294 -3
5295 4
5296 1
5297 0
5298 -2
5299 3
5300 0
5301 1
5302 -1
5303 2
5304 -2
5305 3
5306 1
5307 0
5308 3
5309 -2
5310 -4
5311 5
5312 2
5313 -1
5314 -3
5315 4
5316 -1
5317 2
5318 0
5319 1
5320 -3
5321 4
5322 2
5323 -1
5324 4
5325 -3
5326 -5
5327 6
5328 -1
5329 2
5330 0
5331 1
5332 2
5333 -1
5334 -3
5335 4
5336 0
5337 1
5338 -1
5339 2
5340 1
5341 0
5342 -2
5343 3
5344 -3
5345 4
5346 2
5347 -1
5348 4
5349 -3
5350 -5
5351 6
5352 2
5353 -1
5354 -3
5355 4
5356 -1
5357 2
5358 0
5359 1
5360 4
5361 -3
5362 -5
5363 6
5364 -3
5365 4
5366 2
5367 -1
5368 -5
5369 6
5370 4
5371 -3
5372 6
5373 -5
5374 -7
5375 8
5376 1
5377 0
5378 -2
5379 3
5380 0
5381 1
5382 -1
5383 2
5384 -2
5385 3
5386 1
5387 0
5388 3
5389 -2
5390 -4
5391 5
5392 0
5393 1
5394 -1
5395 2
5396 1
5397 0
5398 -2
5399 3
5400 -1
5401 2
5402 0
5403 1
5404 2
5405 -1
5406 -3
5407 4
5408 -2
5409 3
5410 1
5411 0
5412 3
5413 -2
5414 -4
5415 5
5416 1
5417 0
5418 -2
5419 3
5420 0
5421 1
5422 -1
5423 2
5424 3
5425 -2
5426 -4
5427 5
5428 -2
5429 3
5430 1
5431 0
5432 -4
5433 5
5434 3
5435 -2
5436 5
5437 -4
5438 -6
5439 7
5440 0
5441 1
5442 -1
5443 2
5444 1
5445 0
5446 -2
5447 3
5448 -1
5449 2
5450 0
5451 1
5452 2
5453 -1
5454 -3
5455 4
5456 1
5457 0
5458 -2
5459 3
5460 0
5461 1
5462 -1
5463 2
5464 -2
5465 3
5466 1
5467 0
5468 3
5469 -2
5470 -4
5471 5
5472 -1
5473 2
5474 0
5475 1
5476 2
5477 -1
5478 -3
5479 4
5480 0
5481 1
5482 -1
5483 2
5484 1
5485 0
5486 -2
5487 3
5488 2
5489 -1
5490 -3
5491 4
5492 -1
5493 2
5494 0
5495 1
5496 -3
5497 4
5498 2
5499 -1
5500 4
5501 -3
5502 -5
5503 6
5504 -2
5505 3
5506 1
5507 0
5508 3
5509 -2
5510 -4
5511 5
5512 1
5513 0
5514 -2
5515 3
5516 0
5517 1
5518 -1
5519 2
5520 3
5521 -2
5522 -4
5523 5
5524 -2
5525 3
5526 1
5527 0
5528 -4
5529 5
5530 3
5531 -2
5532 5
5533 -4
5534 -6
5535 7
5536 1
5537 0
5538 -2
5539 3
5540 0
5541 1
5542 -1
5543 2
5544 -2
5545 3
5546 1
5547 0
5548 3
5549 -2
5550 -4
5551 5
5552 0
5553 1
5554 -1
5555 2
5556 1
5557 0
5558 -2
5559 3
5560 -1
5561 2
5562 0
5563 1
5564 2
5565 -1
5566 -3
5567 4
5568 3
5569 -2
5570 -4
5571 5
5572 -2
5573 3
5574 1
5575 0
5576 -4
5577 5
5578 3
5579 -2
5580 5
5581 -4
5582 -6
5583 7
5584 -2
5585 3
5586 1
5587 0
5588 3
5589 -2
5590 -4
5591 5
5592 1
5593 0
5594 -2
5595 3
5596 0
5597 1
5598 -1
5599 2
5600 -4
5601 5
5602 3
5603 -2
5604 5
5605 -4
5606 -6
5607 7
5608 3
5609 -2
5610 -4
5611 5
5612 -2
5613 3
5614 1
5615 0
5616 5
5617 -4
5618 -6
5619 7
5620 -4
5621 5
5622 3
5623 -2
5624 -6
5625 7
5626 5
5627 -4
5628 7
5629 -6
5630 -8
5631 9
5632 -1
5633 2
5634 0
5635 1
5636 2
5637 -1
5638 -3
5639 4
5640 0
5641 1
5642 -1
5643 2
5644 1
5645 0
5646 -2
5647 3
5648 2
5649 -1
5650 -3
5651 4
5652 -1
5653 2
5654 0
5655 1
5656 -3
5657 4
5658 2
5659 -1
5660 4
5661 -3
5662 -5
5663 6
5664 0
5665 1
5666 -1
5667 2
5668 1
5669 0
5670 -2
5671 3
5672 -1
5673 2
5674 0
5675 1
5676 2
5677 -1
5678 -3
5679 4
5680 1
5681 0
5682 -2
5683 3
5684 0
5685 1
5686 -1
5687 2
5688 -2
5689 3
5690 1
5691 0
5692 3
5693 -2
5694 -4
5695 5
5696 2
5697 -1
5698 -3
5699 4
5700 -1
5701 2
5702 0
5703 1
5704 -3
5705 4
5706 2
5707 -1
5708 4
5709 -3
5710 -5
5711 6
5712 -1
5713 2
5714 0
5715 1
5716 2
5717 -1
5718 -3
5719 4
5720 0
5721 1
5722 -1
5723 2
5724 1
5725 0
5726 -2
5727 3
5728 -3
5729 4
5730 2
5731 -1
5732 4
5733 -3
5734 -5
5735 6
5736 2
5737 -1
5738 -3
5739 4
5740 -1
5741 2
5742 0
5743 1
5744 4
5745 -3
5746 -5
5747 6
5748 -3
5749 4
5750 2
5751 -1
5752 -5
5753 6
5754 4
5755 -3
5756 6
5757 -5
5758 -7
5759 8
5760 0
5761 1
5762 -1
5763 2
5764 1
5765 0
5766 -2
5767 3
5768 -1
5769 2
5770 0
5771 1
5772 2
5773 -1
5774 -3
5775 4
5776 1
5777 0
5778 -2
5779 3
5780 0
5781 1
5782 -1
5783 2
5784 -2
5785 3
5786 1
5787 0
5788 3
5789 -2
5790 -4
5791 5
5792 -1
5793 2
5794 0
5795 1
5796 2
5797 -1
5798 -3
5799 4
5800 0
5801 1
5802 -1
5803 2
5804 1
5805 0
5806 -2
5807 3
5808 2
5809 -1
5810 -3
5811 4
5812 -1
5813 2
5814 0
5815 1
5816 -3
5817 4
5818 2
5819 -1
5820 4
5821 -3
5822 -5
5823 6
5824 1
5825 0
5826 -2
5827 3
5828 0
5829 1
5830 -1
5831 2
5832 -2
5833 3
5834 1
5835 0
5836 3
5837 -2
5838 -4
5839 5
5840 0
5841 1
5842 -1
5843 2
5844 1
5845 0
5846 -2
5847 3
5848 -1
5849 2
5850 0
5851 1
5852 2
5853 -1
5854 -3
5855 4
5856 -2
5857 3
5858 1
5859 0
5860 3
5861 -2
5862 -4
5863 5
5864 1
5865 0
5866 -2
5867 3
5868 0
5869 1
5870 -1
5871 2
5872 3
5873 -2
5874 -4
5875 5
5876 -2
5877 3
5878 1
5879 0
5880 -4
5881 5
5882 3
5883 -2
5884 5
5885 -4
5886 -6
5887 7
5888 2
5889 -1
5890 -3
5891 4
5892 -1
5893 2
5894 0
5895 1
5896 -3
5897 4
5898 2
5899 -1
5900 4
5901 -3
5902 -5
5903 6
5904 -1
5905 2
5906 0
5907 1
5908 2
5909 -1
5910 -3
5911 4
5912 0
5913 1
5914 -1
5915 2
5916 1
5917 0
5918 -2
5919 3
5920 -3
5921 4
5922 2
5923 -1
5924 4
5925 -3
5926 -5
5927 6
5928 2
5929 -1
5930 -3
5931 4
5932 -1
5933 2
5934 0
5935 1
5936 4
5937 -3
5938 -5
5939 6
5940 -3
5941 4
5942 2
5943 -1
5944 -5
5945 6
5946 4
5947 -3
5948 6
5949 -5
5950 -7
5951 8
5952 -1
5953 2
5954 0
5955 1
5956 2
5957 -1
5958 -3
5959 4
5960 0
5961 1
5962 -1
5963 2
5964 1
5965 0
5966 -2
5967 3
5968 2
5969 -1
5970 -3
5971 4
5972 -1
5973 2
5974 0
5975 1
5976 -3
5977 4
5978 2
5979 -1
5980 4
5981 -3
5982 -5
5983 6
5984 0
5985 1
5986 -1
5987 2
5988 1
5989 0
5990 -2
5991 3
5992 -1
5993 2
5994 0
5995 1
5996 2
5997 -1
5998 -3
5999 4
6000 1
6001 0
6002 -2
6003 3
6004 0
6005 1
6006 -1
6007 2
6008 -2
6009 3
6010 1
6011 0
6012 3
6013 -2
6014 -4
6015 5
6016 -3
6017 4
6018 2
6019 -1
6020 4
6021 -3
6022 -5
6023 6
6024 2
6025 -1
6026 -3
6027 4
6028 -1
6029 2
6030 0
6031 1
6032 4
6033 -3
6034 -5
6035 6
6036 -3
6037 4
6038 2
6039 -1
6040 -5
6041 6
6042 4
6043 -3
6044 6
6045 -5
6046 -7
6047 8
6048 2
6049 -1
6050 -3
6051 4
6052 -1
6053 2
6054 0
6055 1
6056 -3
6057 4
6058 2
6059 -1
6060 4
6061 -3
6062 -5
6063 6
6064 -1
6065 2
6066 0
6067 1
6068 2
6069 -1
6070 -3
6071 4
6072 0
6073 1
6074 -1
6075 2
6076 1
6077 0
6078 -2
6079 3
6080 4
6081 -3
6082 -5
6083 6
6084 -3
6085 4
6086 2
6087 -1
6088 -5
6089 6
6090 4
6091 -3
6092 6
6093 -5
6094 -7
6095 8
6096 -3
6097 4
6098 2
6099 -1
6100 4
6101 -3
6102 -5
6103 6
6104 2
6105 -1
6106 -3
6107 4
6108 -1
6109 2
6110 0
6111 1
6112 -5
6113 6
6114 4
6115 -3
6116 6
6117 -5
6118 -7
6119 8
6120 4
6121 -3
6122 -5
6123 6
6124 -3
6125 4
6126 2
6127 -1
6128 6
6129 -5
6130 -7
6131 8
6132 -5
6133 6
6134 4
6135 -3
6136 -7
6137 8
6138 6
6139 -5
6140 8
6141 -7
6142 -9
6143 10
6144 -2
6145 3
6146 1
6147 0
6148 3
6149 -2
6150 -4
6151 5
6152 1
6153 0
6154 -2
6155 3
6156 0
6157 1
6158 -1
6159 2
6160 3
6161 -2
6162 -4
6163 5
6164 -2
6165 3
6166 1
6167 0
6168 -4
6169 5
6170 3
6171 -2
6172 5
6173 -4
6174 -6
6175 7
6176 1
6177 0
6178 -2
6179 3
6180 0
6181 1
6182 -1
6183 2
6184 -2
6185 3
6186 1
6187 0
6188 3
6189 -2
6190 -4
6191 5
6192 0
6193 1
6194 -1
6195 2
6196 1
6197 0
6198 -2
6199 3
6200 -1
6201 2
6202 0
6203 1
6204 2
6205 -1
6206 -3
6207 4
6208 3
6209 -2
6210 -4
6211 5
6212 -2
6213 3
6214 1
6215 0
6216 -4
6217 5
6218 3
6219 -2
6220 5
6221 -4
6222 -6
6223 7
6224 -2
6225 3
6226 1
6227 0
6228 3
6229 -2
6230 -4
6231 5
6232 1
6233 0
6234 -2
6235 3
6236 0
6237 1
6238 -1
6239 2
6240 -4
6241 5
6242 3
6243 -2
6244 5
6245 -4
6246 -6
6247 7
6248 3
6249 -2
6250 -4
6251 5
6252 -2
6253 3
6254 1
6255 0
6256 5
6257 -4
6258 -6
6259 7
6260 -4
6261 5
6262 3
6263 -2
6264 -6
6265 7
6266 5
6267 -4
6268 7
6269 -6
6270 -8
6271 9
6272 1
6273 0
6274 -2
6275 3
6276 0
6277 1
6278 -1
6279 2
6280 -2
6281 3
6282 1
6283 0
6284 3
6285 -2
6286 -4
6287 5
6288 0
6289 1
6290 -1
6291 2
6292 1
6293 0
6294 -2
6295 3
6296 -1
6297 2
6298 0
6299 1
6300 2
6301 -1
6302 -3
6303 4
6304 -2
6305 3
6306 1
6307 0
6308 3
6309 -2
6310 -4
6311 5
6312 1
6313 0
6314 -2
6315 3
6316 0
6317 1
6318 -1
6319 2
6320 3
6321 -2
6322 -4
6323 5
6324 -2
6325 3
6326 1
6327 0
6328 -4
6329 5
6330 3
6331 -2
6332 5
6333 -4
6334 -6
6335 7
6336 0
6337 1
6338 -1
6339 2
6340 1
6341 0
6342 -2
6343 3
6344 -1
6345 2
6346 0
6347 1
6348 2
6349 -1
6350 -3
6351 4
6352 1
6353 0
6354 -2
6355 3
6356 0
6357 1
6358 -1
6359 2
6360 -2
6361 3
6362 1
6363 0
6364 3
6365 -2
6366 -4
6367 5
6368 -1
6369 2
6370 0
6371 1
6372 2
6373 -1
6374 -3
6375 4
6376 0
6377 1
6378 -1
6379 2
6380 1
6381 0
6382 -2
6383 3
6384 2
6385 -1
6386 -3
6387 4
6388 -1
6389 2
6390 0
6391 1
6392 -3
6393 4
6394 2
6395 -1
6396 4
6397 -3
6398 -5
6399 6
6400 3
6401 -2
6402 -4
6403 5
6404 -2
6405 3
6406 1
6407 0
6408 -4
6409 5
6410 3
6411 -2
6412 5
6413 -4
6414 -6
6415 7
6416 -2
6417 3
6418 1
6419 0
6420 3
6421 -2
6422 -4
6423 5
6424 1
6425 0
6426 -2
6427 3
6428 0
6429 1
6430 -1
6431 2
6432 -4
6433 5
6434 3
6435 -2
6436 5
6437 -4
6438 -6
6439 7
6440 3
6441 -2
6442 -4
6443 5
6444 -2
6445 3
6446 1
6447 0
6448 5
6449 -4
6450 -6
6451 7
6452 -4
6453 5
6454 3
6455 -2
6456 -6
6457 7
6458 5
6459 -4
6460 7
6461 -6
6462 -8
6463 9
6464 -2
6465 3
6466 1
6467 0
6468 3
6469 -2
6470 -4
6471 5
6472 1
6473 0
6474 -2
6475 3
6476 0
6477 1
6478 -1
6479 2
6480 3
6481 -2
6482 -4
6483 5
6484 -2
6485 3
6486 1
6487 0
6488 -4
6489 5
6490 3
6491 -2
6492 5
6493 -4
6494 -6
6495 7
6496 1
6497 0
6498 -2
6499 3
6500 0
6501 1
6502 -1
6503 2
6504 -2
6505 3
6506 1
6507 0
6508 3
6509 -2
6510 -4
6511 5
6512 0
6513 1
6514 -1
6515 2
6516 1
6517 0
6518 -2
6519 3
6520 -1
6521 2
6522 0
6523 1
6524 2
6525 -1
6526 -3
6527 4
6528 -4
6529 5
6530 3
6531 -2
6532 5
6533 -4
6534 -6
6535 7
6536 3
6537 -2
6538 -4
6539 5
6540 -2
6541 3
6542 1
6543 0
6544 5
6545 -4
6546 -6
6547 7
6548 -4
6549 5
6550 3
6551 -2
6552 -6
6553 7
6554 5
6555 -4
6556 7
6557 -6
6558 -8
6559 9
6560 3
6561 -2
6562 -4
6563 5
6564 -2
6565 3
6566 1
6567 0
6568 -4
6569 5
6570 3
6571 -2
6572 5
6573 -4
6574 -6
6575 7
6576 -2
6577 3
6578 1
6579 0
6580 3
6581 -2
6582 -4
6583 5
6584 1
6585 0
6586 -2
6587 3
6588 0
6589 1
6590 -1
6591 2
6592 5
6593 -4
6594 -6
6595 7
6596 -4
6597 5
6598 3
6599 -2
6600 -6
6601 7
6602 5
6603 -4
6604 7
6605 -6
6606 -8
6607 9
6608 -4
6609 5
6610 3
6611 -2
6612 5
6613 -4
6614 -6
6615 7
6616 3
6617 -2
6618 -4
6619 5
6620 -2
6621 3
6622 1
6623 0
6624 -6
6625 7
6626 5
6627 -4
6628 7
6629 -6
6630 -8
6631 9
6632 5
6633 -4
6634 -6
6635 7
6636 -4
6637 5
6638 3
6639 -2
6640 7
6641 -6
6642 -8
6643 9
6644 -6
6645 7
6646 5
6647 -4
6648 -8
6649 9
6650 7
6651 -6
6652 9
6653 -8
6654 -10
6655 11
6656 1
6657 0
6658 -2
6659 3
6660 0
6661 1
6662 -1
6663 2
6664 -2
6665 3
6666 1
6667 0
6668 3
6669 -2
6670 -4
6671 5
6672 0
6673 1
6674 -1
6675 2
6676 1
6677 0
6678 -2
6679 3
6680 -1
6681 2
6682 0
6683 1
6684 2
6685 -1
6686 -3
6687 4
6688 -2
6689 3
6690 1
6691 0
6692 3
6693 -2
6694 -4
6695 5
6696 1
6697 0
6698 -2
6699 3
6700 0
6701 1
6702 -1
6703 2
6704 3
6705 -2
6706 -4
6707 5
6708 -2
6709 3
6710 1
6711 0
6712 -4
6713 5
6714 3
6715 -2
6716 5
6717 -4
6718 -6
6719 7
6720 0
6721 1
6722 -1
6723 2
6724 1
6725 0
6726 -2
6727 3
6728 -1
6729 2
6730 0
6731 1
6732 2
6733 -1
6734 -3
6735 4
6736 1
6737 0
6738 -2
6739 3
6740 0
6741 1
6742 -1
6743 2
6744 -2
6745 3
6746 1
6747 0
6748 3
6749 -2
6750 -4
6751 5
6752 -1
6753 2
6754 0
6755 1
6756 2
6757 -1
6758 -3
6759 4
6760 0
6761 1
6762 -1
6763 2
6764 1
6765 0
6766 -2
6767 3
6768 2
6769 -1
6770 -3
6771 4
6772 -1
6773 2
6774 0
6775 1
6776 -3
6777 4
6778 2
6779 -1
6780 4
6781 -3
6782 -5
6783 6
6784 -2
6785 3
6786 1
6787 0
6788 3
6789 -2
6790 -4
6791 5
6792 1
6793 0
6794 -2
6795 3
6796 0
6797 1
6798 -1
6799 2
6800 3
6801 -2
6802 -4
6803 5
6804 -2
6805 3
6806 1
6807 0
6808 -4
6809 5
6810 3
6811 -2
6812 5
6813 -4
6814 -6
6815 7
6816 1
6817 0
6818 -2
6819 3
6820 0
6821 1
6822 -1
6823 2
6824 -2
6825 3
6826 1
6827 0
6828 3
6829 -2
6830 -4
6831 5
6832 0
6833 1
6834 -1
6835 2
6836 1
6837 0
6838 -2
6839 3
6840 -1
6841 2
6842 0
6843 1
6844 2
6845 -1
6846 -3
6847 4
6848 3
6849 -2
6850 -4
6851 5
6852 -2
6853 3
6854 1
6855 0
6856 -4
6857 5
6858 3
6859 -2
6860 5
6861 -4
6862 -6
6863 7
6864 -2
6865 3
6866 1
6867 0
6868 3
6869 -2
6870 -4
6871 5
6872 1
6873 0
6874 -2
6875 3
6876 0
6877 1
6878 -1
6879 2
6880 -4
6881 5
6882 3
6883 -2
6884 5
6885 -4
6886 -6
6887 7
6888 3
6889 -2
6890 -4
6891 5
6892 -2
6893 3
6894 1
6895 0
6896 5
6897 -4
6898 -6
6899 7
6900 -4
6901 5
6902 3
6903 -2
6904 -6
6905 7
6906 5
6907 -4
6908 7
6909 -6
6910 -8
6911 9
6912 0
6913 1
6914 -1
6915 2
6916 1
6917 0
6918 -2
6919 3
6920 -1
6921 2
6922 0
6923 1
6924 2
6925 -1
6926 -3
6927 4
6928 1
6929 0
6930 -2
6931 3
6932 0
6933 1
6934 -1
6935 2
6936 -2
6937 3
6938 1
6939 0
6940 3
6941 -2
6942 -4
6943 5
6944 -1
6945 2
6946 0
6947 1
6948 2
6949 -1
6950 -3
6951 4
6952 0
6953 1
6954 -1
6955 2
6956 1
6957 0
6958 -2
6959 3
6960 2
6961 -1
6962 -3
6963 4
6964 -1
6965 2
6966 0
6967 1
6968 -3
6969 4
6970 2
6971 -1
6972 4
6973 -3
6974 -5
6975 6
6976 1
6977 0
6978 -2
6979 3
6980 0
6981 1
6982 -1
6983 2
6984 -2
6985 3
6986 1
6987 0
6988 3
6989 -2
6990 -4
6991 5
6992 0
6993 1
6994 -1
6995 2
6996 1
6997 0
6998 -2
6999 3
7000 -1
7001 2
7002 0
7003 1
7004 2
7005 -1
7006 -3
7007 4
7008 -2
7009 3
7010 1
7011 0
7012 3
7013 -2
7014 -4
7015 5
7016 1
7017 0
7018 -2
7019 3
7020 0
7021 1
7022 -1
7023 2
7024 3
7025 -2
7026 -4
7027 5
7028 -2
7029 3
7030 1
7031 0
7032 -4
7033 5
7034 3
7035 -2
7036 5
7037 -4
7038 -6
7039 7
7040 -1
7041 2
7042 0
7043 1
7044 2
7045 -1
7046 -3
7047 4
7048 0
7049 1
7050 -1
7051 2
7052 1
7053 0
7054 -2
7055 3
7056 2
7057 -1
7058 -3
7059 4
7060 -1
7061 2
7062 0
7063 1
7064 -3
7065 4
7066 2
7067 -1
7068 4
7069 -3
7070 -5
7071 6
7072 0
7073 1
7074 -1
7075 2
7076 1
7077 0
7078 -2
7079 3
7080 -1
7081 2
7082 0
7083 1
7084 2
7085 -1
7086 -3
7087 4
7088 1
7089 0
7090 -2
7091 3
7092 0
7093 1
7094 -1
7095 2
7096 -2
7097 3
7098 1
7099 0
7100 3
7101 -2
7102 -4
7103 5
7104 2
7105 -1
7106 -3
7107 4
7108 -1
7109 2
7110 0
7111 1
7112 -3
7113 4
7114 2
7115 -1
7116 4
7117 -3
7118 -5
7119 6
7120 -1
7121 2
7122 0
7123 1
7124 2
7125 -1
7126 -3
7127 4
7128 0
7129 1
7130 -1
7131 2
7132 1
7133 0
7134 -2
7135 3
7136 -3
7137 4
7138 2
7139 -1
7140 4
7141 -3
7142 -5
7143 6
7144 2
7145 -1
7146 -3
7147 4
7148 -1
7149 2
7150 0
7151 1
7152 4
7153 -3
7154 -5
7155 6
7156 -3
7157 4
7158 2
7159 -1
7160 -5
7161 6
7162 4
7163 -3
7164 6
7165 -5
7166 -7
7167 8
7168 3
7169 -2
7170 -4
7171 5
7172 -2
7173 3
7174 1
7175 0
7176 -4
7177 5
7178 3
7179 -2
7180 5
7181 -4
7182 -6
7183 7
7184 -2
7185 3
7186 1
7187 0
7188 3
7189 -2
7190 -4
7191 5
7192 1
7193 0
7194 -2
7195 3
7196 0
7197 1
7198 -1
7199 2
7200 -4
7201 5
7202 3
7203 -2
7204 5
7205 -4
7206 -6
7207 7
7208 3
7209 -2
7210 -4
7211 5
7212 -2
7213 3
7214 1
7215 0
7216 5
7217 -4
7218 -6
7219 7
7220 -4
7221 5
7222 3
7223 -2
7224 -6
7225 7
7226 5
7227 -4
7228 7
7229 -6
7230 -8
7231 9
7232 -2
7233 3
7234 1
7235 0
7236 3
7237 -2
7238 -4
7239 5
7240 1
7241 0
7242 -2
7243 3
7244 0
7245 1
7246 -1
7247 2
7248 3
7249 -2
7250 -4
7251 5
7252 -2
7253 3
7254 1
7255 0
7256 -4
7257 5
7258 3
7259 -2
7260 5
7261 -4
7262 -6
7263 7
7264 1
7265 0
7266 -2
7267 3
7268 0
7269 1
7270 -1
7271 2
7272 -2
7273 3
7274 1
7275 0
7276 3
7277 -2
7278 -4
7279 5
7280 0
7281 1
7282 -1
7283 2
7284 1
7285 0
7286 -2
7287 3
7288 -1
7289 2
7290 0
7291 1
7292 2
7293 -1
7294 -3
7295 4
7296 -4
7297 5
7298 3
7299 -2
7300 5
7301 -4
7302 -6
7303 7
7304 3
7305 -2
7306 -4
7307 5
7308 -2
7309 3
7310 1
7311 0
7312 5
7313 -4
7314 -6
7315 7
7316 -4
7317 5
7318 3
7319 -2
7320 -6
7321 7
7322 5
7323 -4
7324 7
7325 -6
7326 -8
7327 9
7328 3
7329 -2
7330 -4
7331 5
7332 -2
7333 3
7334 1
7335 0
7336 -4
7337 5
7338 3
7339 -2
7340 5
7341 -4
7342 -6
7343 7
7344 -2
7345 3
7346 1
7347 0
7348 3
7349 -2
7350 -4
7351 5
7352 1
7353 0
7354 -2
7355 3
7356 0
7357 1
7358 -1
7359 2
7360 5
7361 -4
7362 -6
7363 7
7364 -4
7365 5
7366 3
7367 -2
7368 -6
7369 7
7370 5
7371 -4
7372 7
7373 -6
7374 -8
7375 9
7376 -4
7377 5
7378 3
7379 -2
7380 5
7381 -4
7382 -6
7383 7
7384 3
7385 -2
7386 -4
7387 5
7388 -2
7389 3
7390 1
7391 0
7392 -6
7393 7
7394 5
7395 -4
7396 7
7397 -6
7398 -8
7399 9
7400 5
7401 -4
7402 -6
7403 7
7404 -4
7405 5
7406 3
7407 -2
7408 7
7409 -6
7410 -8
7411 9
7412 -6
7413 7
7414 5
7415 -4
7416 -8
7417 9
7418 7
7419 -6
7420 9
7421 -8
7422 -10
7423 11
7424 -2
7425 3
7426 1
7427 0
7428 3
7429 -2
7430 -4
7431 5
7432 1
7433 0
7434 -2
7435 3
7436 0
7437 1
7438 -1
7439 2
7440 3
7441 -2
7442 -4
7443 5
7444 -2
7445 3
7446 1
7447 0
7448 -4
7449 5
7450 3
7451 -2
7452 5
7453 -4
7454 -6
7455 7
7456 1
7457 0
7458 -2
7459 3
7460 0
7461 1
7462 -1
7463 2
7464 -2
7465 3
7466 1
7467 0
7468 3
7469 -2
7470 -4
7471 5
7472 0
7473 1
7474 -1
7475 2
7476 1
7477 0
7478 -2
7479 3
7480 -1
7481 2
7482 0
7483 1
7484 2
7485 -1
7486 -3
7487 4
7488 3
7489 -2
7490 -4
7491 5
7492 -2
7493 3
7494 1
7495 0
7496 -4
7497 5
7498 3
7499 -2
7500 5
7501 -4
7502 -6
7503 7
7504 -2
7505 3
7506 1
7507 0
7508 3
7509 -2
7510 -4
7511 5
7512 1
7513 0
7514 -2
7515 3
7516 0
7517 1
7518 -1
7519 2
7520 -4
7521 5
7522 3
7523 -2
7524 5
7525 -4
7526 -6
7527 7
7528 3
7529 -2
7530 -4
7531 5
7532 -2
7533 3
7534 1
7535 0
7536 5
7537 -4
7538 -6
7539 7
7540 -4
7541 5
7542 3
7543 -2
7544 -6
7545 7
7546 5
7547 -4
7548 7
7549 -6
7550 -8
7551 9
7552 1
7553 0
7554 -2
7555 3
7556 0
7557 1
7558 -1
7559 2
7560 -2
7561 3
7562 1
7563 0
7564 3
7565 -2
7566 -4
7567 5
7568 0
7569 1
7570 -1
7571 2
7572 1
7573 0
7574 -2
7575 3
7576 -1
7577 2
7578 0
7579 1
7580 2
7581 -1
7582 -3
7583 4
7584 -2
7585 3
7586 1
7587 0
7588 3
7589 -2
7590 -4
7591 5
7592 1
7593 0
7594 -2
7595 3
7596 0
7597 1
7598 -1
7599 2
7600 3
7601 -2
7602 -4
7603 5
7604 -2
7605 3
7606 1
7607 0
7608 -4
7609 5
7610 3
7611 -2
7612 5
7613 -4
7614 -6
7615 7
7616 0
7617 1
7618 -1
7619 2
7620 1
7621 0
7622 -2
7623 3
7624 -1
7625 2
7626 0
7627 1
7628 2
7629 -1
7630 -3
7631 4
7632 1
7633 0
7634 -2
7635 3
7636 0
7637 1
7638 -1
7639 2
7640 -2
7641 3
7642 1
7643 0
7644 3
7645 -2
7646 -4
7647 5
7648 -1
7649 2
7650 0
7651 1
7652 2
7653 -1
7654 -3
7655 4
7656 0
7657 1
7658 -1
7659 2
7660 1
7661 0
7662 -2
7663 3
7664 2
7665 -1
7666 -3
7667 4
7668 -1
7669 2
7670 0
7671 1
7672 -3
7673 4
7674 2
7675 -1
7676 4
7677 -3
7678 -5
7679 6
7680 -4
7681 5
7682 3
7683 -2
7684 5
7685 -4
7686 -6
7687 7
7688 3
7689 -2
7690 -4
7691 5
7692 -2
7693 3
7694 1
7695 0
7696 5
7697 -4
7698 -6
7699 7
7700 -4
7701 5
7702 3
7703 -2
7704 -6
7705 7
7706 5
7707 -4
7708 7
7709 -6
7710 -8
7711 9
7712 3
7713 -2
7714 -4
7715 5
7716 -2
7717 3
7718 1
7719 0
7720 -4
7721 5
7722 3
7723 -2
7724 5
7725 -4
7726 -6
7727 7
7728 -2
7729 3
7730 1
7731 0
7732 3
7733 -2
7734 -4
7735 5
7736 1
7737 0
7738 -2
7739 3
7740 0
7741 1
7742 -1
7743 2
7744 5
7745 -4
7746 -6
7747 7
7748 -4
7749 5
7750 3
7751 -2
7752 -6
7753 7
7754 5
7755 -4
7756 7
7757 -6
7758 -8
7759 9
7760 -4
7761 5
7762 3
7763 -2
7764 5
7765 -4
7766 -6
7767 7
7768 3
7769 -2
7770 -4
7771 5
7772 -2
7773 3
7774 1
7775 0
7776 -6
7777 7
7778 5
7779 -4
7780 7
7781 -6
7782 -8
7783 9
7784 5
7785 -4
7786 -6
7787 7
7788 -4
7789 5
7790 3
7791 -2
7792 7
7793 -6
7794 -8
7795 9
7796 -6
7797 7
7798 5
7799 -4
7800 -8
7801 9
7802 7
7803 -6
7804 9
7805 -8
7806 -10
7807 11
7808 3
7809 -2
7810 -4
7811 5
7812 -2
7813 3
7814 1
7815 0
7816 -4
7817 5
7818 3
7819 -2
7820 5
7821 -4
7822 -6
7823 7
7824 -2
7825 3
7826 1
7827 0
7828 3
7829 -2
7830 -4
7831 5
7832 1
7833 0
7834 -2
7835 3
7836 0
7837 1
7838 -1
7839 2
7840 -4
7841 5
7842 3
7843 -2
7844 5
7845 -4
7846 -6
7847 7
7848 3
7849 -2
7850 -4
7851 5
7852 -2
7853 3
7854 1
7855 0
7856 5
7857 -4
7858 -6
7859 7
7860 -4
7861 5
7862 3
7863 -2
7864 -6
7865 7
7866 5
7867 -4
7868 7
7869 -6
7870 -8
7871 9
7872 -2
7873 3
7874 1
7875 0
7876 3
7877 -2
7878 -4
7879 5
7880 1
7881 0
7882 -2
7883 3
7884 0
7885 1
7886 -1
7887 2
7888 3
7889 -2
7890 -4
7891 5
7892 -2
7893 3
7894 1
7895 0
7896 -4
7897 5
7898 3
7899 -2
7900 5
7901 -4
7902 -6
7903 7
7904 1
7905 0
7906 -2
7907 3
7908 0
7909 1
7910 -1
7911 2
7912 -2
7913 3
7914 1
7915 0
7916 3
7917 -2
7918 -4
7919 5
7920 0
7921 1
7922 -1
7923 2
7924 1
7925 0
7926 -2
7927 3
7928 -1
7929 2
7930 0
7931 1
7932 2
7933 -1
7934 -3
7935 4
7936 5
7937 -4
7938 -6
7939 7
7940 -4
7941 5
7942 3
7943 -2
7944 -6
7945 7
7946 5
7947 -4
7948 7
7949 -6
7950 -8
7951 9
7952 -4
7953 5
7954 3
7955 -2
7956 5
7957 -4
7958 -6
7959 7
7960 3
7961 -2
7962 -4
7963 5
7964 -2
7965 3
7966 1
7967 0
7968 -6
7969 7
7970 5
7971 -4
7972 7
7973 -6
7974 -8
7975 9
7976 5
7977 -4
7978 -6
7979 7
7980 -4
7981 5
7982 3
7983 -2
7984 7
7985 -6
7986 -8
7987 9
7988 -6
7989 7
7990 5
7991 -4
7992 -8
7993 9
7994 7
7995 -6
7996 9
7997 -8
7998 -10
7999 11
8000 -4
8001 5
8002 3
8003 -2
8004 5
8005 -4
8006 -6
8007 7
8008 3
8009 -2
8010 -4
8011 5
8012 -2
8013 3
8014 1
8015 0
8016 5
8017 -4
8018 -6
8019 7
8020 -4
8021 5
8022 3
8023 -2
8024 -6
8025 7
8026 5
8027 -4
8028 7
8029 -6
8030 -8
8031 9
8032 3
8033 -2
8034 -4
8035 5
8036 -2
8037 3
8038 1
8039 0
8040 -4
8041 5
8042 3
8043 -2
8044 5
8045 -4
8046 -6
8047 7
8048 -2
8049 3
8050 1
8051 0
8052 3
8053 -2
8054 -4
8055 5
8056 1
8057 0
8058 -2
8059 3
8060 0
8061 1
8062 -1
8063 2
8064 -6
8065 7
8066 5
8067 -4
8068 7
8069 -6
8070 -8
8071 9
8072 5
8073 -4
8074 -6
8075 7
8076 -4
8077 5
8078 3
8079 -2
8080 7
8081 -6
8082 -8
8083 9
8084 -6
8085 7
8086 5
8087 -4
8088 -8
8089 9
8090 7
8091 -6
8092 9
8093 -8
8094 -10
8095 11
8096 5
8097 -4
8098 -6
8099 7
8100 -4
8101 5
8102 3
8103 -2
8104 -6
8105 7
8106 5
8107 -4
8108 7
8109 -6
8110 -8
8111 9
8112 -4
8113 5
8114 3
8115 -2
8116 5
8117 -4
8118 -6
8119 7
8120 3
8121 -2
8122 -4
8123 5
8124 -2
8125 3
8126 1
8127 0
8128 7
8129 -6
8130 -8
8131 9
8132 -6
8133 7
8134 5
8135 -4
8136 -8
8137 9
8138 7
8139 -6
8140 9
8141 -8
8142 -10
8143 11
8144 -6
8145 7
8146 5
8147 -4
8148 7
8149 -6
8150 -8
8151 9
8152 5
8153 -4
8154 -6
8155 7
8156 -4
8157 5
8158 3
8159 -2
8160 -8
8161 9
8162 7
8163 -6
8164 9
8165 -8
8166 -10
8167 11
8168 7
8169 -6
8170 -8
8171 9
8172 -6
8173 7
8174 5
8175 -4
8176 9
8177 -8
8178 -10
8179 11
8180 -8
8181 9
8182 7
8183 -6
8184 -10
8185 11
8186 9
8187 -8
8188 11
8189 -10
8190 -12
8191 13
8192 -1
8193 2
8194 0
8195 1
8196 2
8197 -1
8198 -3
8199 4
8200 0
8201 1
8202 -1
8203 2
8204 1
8205 0
8206 -2
8207 3
8208 2
8209 -1
8210 -3
8211 4
8212 -1
8213 2
8214 0
8215 1
8216 -3
8217 4
8218 2
8219 -1
8220 4
8221 -3
8222 -5
8223 6
8224 0
8225 1
8226 -1
8227 2
8228 1
8229 0
8230 -2
8231 3
8232 -1
8233 2
8234 0
8235 1
8236 2
8237 -1
8238 -3
8239 4
8240 1
8241 0
8242 -2
8243 3
8244 0
8245 1
8246 -1
8247 2
8248 -2
8249 3
8250 1
8251 0
8252 3
8253 -2
8254 -4
8255 5
8256 2
8257 -1
8258 -3
8259 4
8260 -1
8261 2
8262 0
8263 1
8264 -3
8265 4
8266 2
8267 -1
8268 4
8269 -3
8270 -5
8271 6
8272 -1
8273 2
8274 0
8275 1
8276 2
8277 -1
8278 -3
8279 4
8280 0
8281 1
8282 -1
8283 2
8284 1
8285 0
8286 -2
8287 3
8288 -3
8289 4
8290 2
8291 -1
8292 4
8293 -3
8294 -5
8295 6
8296 2
8297 -1
8298 -3
8299 4
8300 -1
8301 2
8302 0
8303 1
8304 4
8305 -3
8306 -5
8307 6
8308 -3
8309 4
8310 2
8311 -1
8312 -5
8313 6
8314 4
8315 -3
8316 6
8317 -5
8318 -7
8319 8
8320 0
8321 1
8322 -1
8323 2
8324 1
8325 0
8326 -2
8327 3
8328 -1
8329 2
8330 0
8331 1
8332 2
8333 -1
8334 -3
8335 4
8336 1
8337 0
8338 -2
8339 3
8340 0
8341 1
8342 -1
8343 2
8344 -2
8345 3
8346 1
8347 0
8348 3
8349 -2
8350 -4
8351 5
8352 -1
8353 2
8354 0
8355 1
8356 2
8357 -1
8358 -3
8359 4
8360 0
8361 1
8362 -1
8363 2
8364 1
8365 0
8366 -2
8367 3
8368 2
8369 -1
8370 -3
8371 4
8372 -1
8373 2
8374 0
8375 1
8376 -3
8377 4
8378 2
8379 -1
8380 4
8381 -3
8382 -5
8383 6
8384 1
8385 0
8386 -2
8387 3
8388 0
8389 1
8390 -1
8391 2
8392 -2
8393 3
8394 1
8395 0
8396 3
8397 -2
8398 -4
8399 5
8400 0
8401 1
8402 -1
8403 2
8404 1
8405 0
8406 -2
8407 3
8408 -1
8409 2
8410 0
8411 1
8412 2
8413 -1
8414 -3
8415 4
8416 -2
8417 3
8418 1
8419 0
8420 3
8421 -2
8422 -4
8423 5
8424 1
8425 0
8426 -2
8427 3
8428 0
8429 1
8430 -1
8431 2
8432 3
8433 -2
8434 -4
8435 5
8436 -2
8437 3
8438 1
8439 0
8440 -4
8441 5
8442 3
8443 -2
8444 5
8445 -4
8446 -6
8447 7
8448 2
8449 -1
8450 -3
8451 4
8452 -1
8453 2
8454 0
8455 1
8456 -3
8457 4
8458 2
8459 -1
8460 4
8461 -3
8462 -5
8463 6
8464 -1
8465 2
8466 0
8467 1
8468 2
8469 -1
8470 -3
8471 4
8472 0
8473 1
8474 -1
8475 2
8476 1
8477 0
8478 -2
8479 3
8480 -3
8481 4
8482 2
8483 -1
8484 4
8485 -3
8486 -5
8487 6
8488 2
8489 -1
8490 -3
8491 4
8492 -1
8493 2
8494 0
8495 1
8496 4
8497 -3
8498 -5
8499 6
8500 -3
8501 4
8502 2
8503 -1
8504 -5
8505 6
8506 4
8507 -3
8508 6
8509 -5
8510 -7
8511 8
8512 -1
8513 2
8514 0
8515 1
8516 2
8517 -1
8518 -3
8519 4
8520 0
8521 1
8522 -1
8523 2
8524 1
8525 0
8526 -2
8527 3
8528 2
8529 -1
8530 -3
8531 4
8532 -1
8533 2
8534 0
8535 1
8536 -3
8537 4
8538 2
8539 -1
8540 4
8541 -3
8542 -5
8543 6
8544 0
8545 1
8546 -1
8547 2
8548 1
8549 0
8550 -2
8551 3
8552 -1
8553 2
8554 0
8555 1
8556 2
8557 -1
8558 -3
8559 4
8560 1
8561 0
8562 -2
8563 3
8564 0
8565 1
8566 -1
8567 2
8568 -2
8569 3
8570 1
8571 0
8572 3
8573 -2
8574 -4
8575 5
8576 -3
8577 4
8578 2
8579 -1
8580 4
8581 -3
8582 -5
8583 6
8584 2
8585 -1
8586 -3
8587 4
8588 -1
8589 2
8590 0
8591 1
8592 4
8593 -3
8594 -5
8595 6
8596 -3
8597 4
8598 2
8599 -1
8600 -5
8601 6
8602 4
8603 -3
8604 6
8605 -5
8606 -7
8607 8
8608 2
8609 -1
8610 -3
8611 4
8612 -1
8613 2
8614 0
8615 1
8616 -3
8617 4
8618 2
8619 -1
8620 4
8621 -3
8622 -5
8623 6
8624 -1
8625 2
8626 0
8627 1
8628 2
8629 -1
8630 -3
8631 4
8632 0
8633 1
8634 -1
8635 2
8636 1
8637 0
8638 -2
8639 3
8640 4
8641 -3
8642 -5
8643 6
8644 -3
8645 4
8646 2
8647 -1
8648 -5
8649 6
8650 4
8651 -3
8652 6
8653 -5
8654 -7
8655 8
8656 -3
8657 4
8658 2
8659 -1
8660 4
8661 -3
8662 -5
8663 6
8664 2
8665 -1
8666 -3
8667 4
8668 -1
8669 2
8670 0
8671 1
8672 -5
8673 6
8674 4
8675 -3
8676 6
8677 -5
8678 -7
8679 8
8680 4
8681 -3
8682 -5
8683 6
8684 -3
8685 4
8686 2
8687 -1
8688 6
8689 -5
8690 -7
8691 8
8692 -5
8693 6
8694 4
8695 -3
8696 -7
8697 8
8698 6
8699 -5
8700 8
8701 -7
8702 -9
8703 10
8704 0
8705 1
8706 -1
8707 2
8708 1
8709 0
8710 -2
8711 3
8712 -1
8713 2
8714 0
8715 1
8716 2
8717 -1
8718 -3
8719 4
8720 1
8721 0
8722 -2
8723 3
8724 0
8725 1
8726 -1
8727 2
8728 -2
8729 3
8730 1
8731 0
8732 3
8733 -2
8734 -4
8735 5
8736 -1
8737 2
8738 0
8739 1
8740 2
8741 -1
8742 -3
8743 4
8744 0
8745 1
8746 -1
8747 2
8748 1
8749 0
8750 -2
8751 3
8752 2
8753 -1
8754 -3
8755 4
8756 -1
8757 2
8758 0
8759 1
8760 -3
8761 4
8762 2
8763 -1
8764 4
8765 -3
8766 -5
8767 6
8768 1
8769 0
8770 -2
8771 3
8772 0
8773 1
8774 -1
8775 2
8776 -2
8777 3
8778 1
8779 0
8780 3
8781 -2
8782 -4
8783 5
8784 0
8785 1
8786 -1
8787 2
8788 1
8789 0
8790 -2
8791 3
8792 -1
8793 2
8794 0
8795 1
8796 2
8797 -1
8798 -3
8799 4
8800 -2
8801 3
8802 1
8803 0
8804 3
8805 -2
8806 -4
8807 5
8808 1
8809 0
8810 -2
8811 3
8812 0
8813 1
8814 -1
8815 2
8816 3
8817 -2
8818 -4
8819 5
8820 -2
8821 3
8822 1
8823 0
8824 -4
8825 5
8826 3
8827 -2
8828 5
8829 -4
8830 -6
8831 7
8832 -1
8833 2
8834 0
8835 1
8836 2
8837 -1
8838 -3
8839 4
8840 0
8841 1
8842 -1
8843 2
8844 1
8845 0
8846 -2
8847 3
8848 2
8849 -1
8850 -3
8851 4
8852 -1
8853 2
8854 0
8855 1
8856 -3
8857 4
8858 2
8859 -1
8860 4
8861 -3
8862 -5
8863 6
8864 0
8865 1
8866 -1
8867 2
8868 1
8869 0
8870 -2
8871 3
8872 -1
8873 2
8874 0
8875 1
8876 2
8877 -1
8878 -3
8879 4
8880 1
8881 0
8882 -2
8883 3
8884 0
8885 1
8886 -1
8887 2
8888 -2
8889 3
8890 1
8891 0
8892 3
8893 -2
8894 -4
8895 5
8896 2
8897 -1
8898 -3
8899 4
8900 -1
8901 2
8902 0
8903 1
8904 -3
8905 4
8906 2
8907 -1
8908 4
8909 -3
8910 -5
8911 6
8912 -1
8913 2
8914 0
8915 1
8916 2
8917 -1
8918 -3
8919 4
8920 0
8921 1
8922 -1
8923 2
8924 1
8925 0
8926 -2
8927 3
8928 -3
8929 4
8930 2
8931 -1
8932 4
8933 -3
8934 -5
8935 6
8936 2
8937 -1
8938 -3
8939 4
8940 -1
8941 2
8942 0
8943 1
8944 4
8945 -3
8946 -5
8947 6
8948 -3
8949 4
8950 2
8951 -1
8952 -5
8953 6
8954 4
8955 -3
8956 6
8957 -5
8958 -7
8959 8
8960 1
8961 0
8962 -2
8963 3
8964 0
8965 1
8966 -1
8967 2
8968 -2
8969 3
8970 1
8971 0
8972 3
8973 -2
8974 -4
8975 5
8976 0
8977 1
8978 -1
8979 2
8980 1
8981 0
8982 -2
8983 3
8984 -1
8985 2
8986 0
8987 1
8988 2
8989 -1
8990 -3
8991 4
8992 -2
8993 3
8994 1
8995 0
8996 3
8997 -2
8998 -4
8999 5
9000 1
9001 0
9002 -2
9003 3
9004 0
9005 1
9006 -1
9007 2
9008 3
9009 -2
9010 -4
9011 5
9012 -2
9013 3
9014 1
9015 0
9016 -4
9017 5
9018 3
9019 -2
9020 5
9021 -4
9022 -6
9023 7
9024 0
9025 1
9026 -1
9027 2
9028 1
9029 0
9030 -2
9031 3
9032 -1
9033 2
9034 0
9035 1
9036 2
9037 -1
9038 -3
9039 4
9040 1
9041 0
9042 -2
9043 3
9044 0
9045 1
9046 -1
9047 2
9048 -2
9049 3
9050 1
9051 0
9052 3
9053 -2
9054 -4
9055 5
9056 -1
9057 2
9058 0
9059 1
9060 2
9061 -1
9062 -3
9063 4
9064 0
9065 1
9066 -1
9067 2
9068 1
9069 0
9070 -2
9071 3
9072 2
9073 -1
9074 -3
9075 4
9076 -1
9077 2
9078 0
9079 1
9080 -3
9081 4
9082 2
9083 -1
9084 4
9085 -3
9086 -5
9087 6
9088 -2
9089 3
9090 1
9091 0
9092 3
9093 -2
9094 -4
9095 5
9096 1
9097 0
9098 -2
9099 3
9100 0
9101 1
9102 -1
9103 2
9104 3
9105 -2
9106 -4
9107 5
9108 -2
9109 3
9110 1
9111 0
9112 -4
9113 5
9114 3
9115 -2
9116 5
9117 -4
9118 -6
9119 7
9120 1
9121 0
9122 -2
9123 3
9124 0
9125 1
9126 -1
9127 2
9128 -2
9129 3
9130 1
9131 0
9132 3
9133 -2
9134 -4
9135 5
9136 0
9137 1
9138 -1
9139 2
9140 1
9141 0
9142 -2
9143 3
9144 -1
9145 2
9146 0
9147 1
9148 2
9149 -1
9150 -3
9151 4
9152 3
9153 -2
9154 -4
9155 5
9156 -2
9157 3
9158 1
9159 0
9160 -4
9161 5
9162 3
9163 -2
9164 5
9165 -4
9166 -6
9167 7
9168 -2
9169 3
9170 1
9171 0
9172 3
9173 -2
9174 -4
9175 5
9176 1
9177 0
9178 -2
9179 3
9180 0
9181 1
9182 -1
9183 2
9184 -4
9185 5
9186 3
9187 -2
9188 5
9189 -4
9190 -6
9191 7
9192 3
9193 -2
9194 -4
9195 5
9196 -2
9197 3
9198 1
9199 0
9200 5
9201 -4
9202 -6
9203 7
9204 -4
9205 5
9206 3
9207 -2
9208 -6
9209 7
9210 5
9211 -4
9212 7
9213 -6
9214 -8
9215 9
9216 2
9217 -1
9218 -3
9219 4
9220 -1
9221 2
9222 0
9223 1
9224 -3
9225 4
9226 2
9227 -1
9228 4
9229 -3
9230 -5
9231 6
9232 -1
9233 2
9234 0
9235 1
9236 2
9237 -1
9238 -3
9239 4
9240 0
9241 1
9242 -1
9243 2
9244 1
9245 0
9246 -2
9247 3
9248 -3
9249 4
9250 2
9251 -1
9252 4
9253 -3
9254 -5
9255 6
9256 2
9257 -1
9258 -3
9259 4
9260 -1
9261 2
9262 0
9263 1
9264 4
9265 -3
9266 -5
9267 6
9268 -3
9269 4
9270 2
9271 -1
9272 -5
9273 6
9274 4
9275 -3
9276 6
9277 -5
9278 -7
9279 8
9280 -1
9281 2
9282 0
9283 1
9284 2
9285 -1
9286 -3
9287 4
9288 0
9289 1
9290 -1
9291 2
9292 1
9293 0
9294 -2
9295 3
9296 2
9297 -1
9298 -3
9299 4
9300 -1
9301 2
9302 0
9303 1
9304 -3
9305 4
9306 2
9307 -1
9308 4
9309 -3
9310 -5
9311 6
9312 0
9313 1
9314 -1
9315 2
9316 1
9317 0
9318 -2
9319 3
9320 -1
9321 2
9322 0
9323 1
9324 2
9325 -1
9326 -3
9327 4
9328 1
9329 0
9330 -2
9331 3
9332 0
9333 1
9334 -1
9335 2
9336 -2
9337 3
9338 1
9339 0
9340 3
9341 -2
9342 -4
9343 5
9344 -3
9345 4
9346 2
9347 -1
9348 4
9349 -3
9350 -5
9351 6
9352 2
9353 -1
9354 -3
9355 4
9356 -1
9357 2
9358 0
9359 1
9360 4
9361 -3
9362 -5
9363 6
9364 -3
9365 4
9366 2
9367 -1
9368 -5
9369 6
9370 4
9371 -3
9372 6
9373 -5
9374 -7
9375 8
9376 2
9377 -1
9378 -3
9379 4
9380 -1
9381 2
9382 0
9383 1
9384 -3
9385 4
9386 2
9387 -1
9388 4
9389 -3
9390 -5
9391 6
9392 -1
9393 2
9394 0
9395 1
9396 2
9397 -1
9398 -3
9399 4
9400 0
9401 1
9402 -1
9403 2
9404 1
9405 0
9406 -2
9407 3
9408 4
9409 -3
9410 -5
9411 6
9412 -3
9413 4
9414 2
9415 -1
9416 -5
9417 6
9418 4
9419 -3
9420 6
9421 -5
9422 -7
9423 8
9424 -3
9425 4
9426 2
9427 -1
9428 4
9429 -3
9430 -5
9431 6
9432 2
9433 -1
9434 -3
9435 4
9436 -1
9437 2
9438 0
9439 1
9440 -5
9441 6
9442 4
9443 -3
9444 6
9445 -5
9446 -7
9447 8
9448 4
9449 -3
9450 -5
9451 6
9452 -3
9453 4
9454 2
9455 -1
9456 6
9457 -5
9458 -7
9459 8
9460 -5
9461 6
9462 4
9463 -3
9464 -7
9465 8
9466 6
9467 -5
9468 8
9469 -7
9470 -9
9471 10
9472 -1
9473 2
9474 0
9475 1
9476 2
9477 -1
9478 -3
9479 4
9480 0
9481 1
9482 -1
9483 2
9484 1
9485 0
9486 -2
9487 3
9488 2
9489 -1
9490 -3
9491 4
9492 -1
9493 2
9494 0
9495 1
9496 -3
9497 4
9498 2
9499 -1
9500 4
9501 -3
9502 -5
9503 6
9504 0
9505 1
9506 -1
9507 2
9508 1
9509 0
9510 -2
9511 3
9512 -1
9513 2
9514 0
9515 1
9516 2
9517 -1
9518 -3
9519 4
9520 1
9521 0
9522 -2
9523 3
9524 0
9525 1
9526 -1
9527 2
9528 -2
9529 3
9530 1
9531 0
9532 3
9533 -2
9534 -4
9535 5
9536 2
9537 -1
9538 -3
9539 4
9540 -1
9541 2
9542 0
9543 1
9544 -3
9545 4
9546 2
9547 -1
9548 4
9549 -3
9550 -5
9551 6
9552 -1
9553 2
9554 0
9555 1
9556 2
9557 -1
9558 -3
9559 4
9560 0
9561 1
9562 -1
9563 2
9564 1
9565 0
9566 -2
9567 3
9568 -3
9569 4
9570 2
9571 -1
9572 4
9573 -3
9574 -5
9575 6
9576 2
9577 -1
9578 -3
9579 4
9580 -1
9581 2
9582 0
9583 1
9584 4
9585 -3
9586 -5
9587 6
9588 -3
9589 4
9590 2
9591 -1
9592 -5
9593 6
9594 4
9595 -3
9596 6
9597 -5
9598 -7
9599 8
9600 0
9601 1
9602 -1
9603 2
9604 1
9605 0
9606 -2
9607 3
9608 -1
9609 2
9610 0
9611 1
9612 2
9613 -1
9614 -3
9615 4
9616 1
9617 0
9618 -2
9619 3
9620 0
9621 1
9622 -1
9623 2
9624 -2
9625 3
9626 1
9627 0
9628 3
9629 -2
9630 -4
9631 5
9632 -1
9633 2
9634 0
9635 1
9636 2
9637 -1
9638 -3
9639 4
9640 0
9641 1
9642 -1
9643 2
9644 1
9645 0
9646 -2
9647 3
9648 2
9649 -1
9650 -3
9651 4
9652 -1
9653 2
9654 0
9655 1
9656 -3
9657 4
9658 2
9659 -1
9660 4
9661 -3
9662 -5
9663 6
9664 1
9665 0
9666 -2
9667 3
9668 0
9669 1
9670 -1
9671 2
9672 -2
9673 3
9674 1
9675 0
9676 3
9677 -2
9678 -4
9679 5
9680 0
9681 1
9682 -1
9683 2
9684 1
9685 0
9686 -2
9687 3
9688 -1
9689 2
9690 0
9691 1
9692 2
9693 -1
9694 -3
9695 4
9696 -2
9697 3
9698 1
9699 0
9700 3
9701 -2
9702 -4
9703 5
9704 1
9705 0
9706 -2
9707 3
9708 0
9709 1
9710 -1
9711 2
9712 3
9713 -2
9714 -4
9715 5
9716 -2
9717 3
9718 1
9719 0
9720 -4
9721 5
9722 3
9723 -2
9724 5
9725 -4
9726 -6
9727 7
9728 -3
9729 4
9730 2
9731 -1
9732 4
9733 -3
9734 -5
9735 6
9736 2
9737 -1
9738 -3
9739 4
9740 -1
9741 2
9742 0
9743 1
9744 4
9745 -3
9746 -5
9747 6
9748 -3
9749 4
9750 2
9751 -1
9752 -5
9753 6
9754 4
9755 -3
9756 6
9757 -5
9758 -7
9759 8
9760 2
9761 -1
9762 -3
9763 4
9764 -1
9765 2
9766 0
9767 1
9768 -3
9769 4
9770 2
9771 -1
9772 4
9773 -3
9774 -5
9775 6
9776 -1
9777 2
9778 0
9779 1
9780 2
9781 -1
9782 -3
9783 4
9784 0
9785 1
9786 -1
9787 2
9788 1
9789 0
9790 -2
9791 3
9792 4
9793 -3
9794 -5
9795 6
9796 -3
9797 4
9798 2
9799 -1
9800 -5
9801 6
9802 4
9803 -3
9804 6
9805 -5
9806 -7
9807 8
9808 -3
9809 4
9810 2
9811 -1
9812 4
9813 -3
9814 -5
9815 6
9816 2
9817 -1
9818 -3
9819 4
9820 -1
9821 2
9822 0
9823 1
9824 -5
9825 6
9826 4
9827 -3
9828 6
9829 -5
9830 -7
9831 8
9832 4
9833 -3
9834 -5
9835 6
9836 -3
9837 4
9838 2
9839 -1
9840 6
9841 -5
9842 -7
9843 8
9844 -5
9845 6
9846 4
9847 -3
9848 -7
9849 8
9850 6
9851 -5
9852 8
9853 -7
9854 -9
9855 10
9856 2
9857 -1
9858 -3
9859 4
9860 -1
9861 2
9862 0
9863 1
9864 -3
9865 4
9866 2
9867 -1
9868 4
9869 -3
9870 -5
9871 6
9872 -1
9873 2
9874 0
9875 1
9876 2
9877 -1
9878 -3
9879 4
9880 0
9881 1
9882 -1
9883 2
9884 1
9885 0
9886 -2
9887 3
9888 -3
9889 4
9890 2
9891 -1
9892 4
9893 -3
9894 -5
9895 6
9896 2
9897 -1
9898 -3
9899 4
9900 -1
9901 2
9902 0
9903 1
9904 4
9905 -3
9906 -5
9907 6
9908 -3
9909 4
9910 2
9911 -1
9912 -5
9913 6
9914 4
9915 -3
9916 6
9917 -5
9918 -7
9919 8
9920 -1
9921 2
9922 0
9923 1
9924 2
9925 -1
9926 -3
9927 4
9928 0
9929 1
9930 -1
9931 2
9932 1
9933 0
9934 -2
9935 3
9936 2
9937 -1
9938 -3
9939 4
9940 -1
9941 2
9942 0
9943 1
9944 -3
9945 4
9946 2
9947 -1
9948 4
9949 -3
9950 -5
9951 6
9952 0
9953 1
9954 -1
9955 2
9956 1
9957 0
9958 -2
9959 3
9960 -1
9961 2
9962 0
9963 1
9964 2
9965 -1
9966 -3
9967 4
9968 1
9969 0
9970 -2
9971 3
9972 0
9973 1
9974 -1
9975 2
9976 -2
9977 3
9978 1
9979 0
9980 3
9981 -2
9982 -4
9983 5
9984 4
9985 -3
9986 -5
9987 6
9988 -3
9989 4
9990 2
9991 -1
9992 -5
9993 6
9994 4
9995 -3
9996 6
9997 -5
9998 -7
9999 8
10000 -3







