1 0
2 1
3 0
4 2
5 0
6 1
7 0
8 3
9 0
10 1
11 0
12 2
13 0
14 1
15 0
16 4
17 0
18 1
19 0
20 2
21 0
22 1
23 0
24 3
25 0
26 1
27 0
28 2
29 0
30 1
31 0
32 5
33 0
34 1
35 0
36 2
37 0
38 1
39 0
40 3
41 0
42 1
43 0
44 2
45 0
46 1
47 0
48 4
49 0
50 1
51 0
52 2
53 0
54 1
55 0
56 3
57 0
58 1
59 0
60 2
61 0
62 1
63 0
64 6
65 0
66 1
67 0
68 2
69 0
70 1
71 0
72 3
73 0
74 1
75 0
76 2
77 0
78 1
79 0
80 4
81 0
82 1
83 0
84 2
85 0
86 1
87 0
88 3
89 0
90 1
91 0
92 2
93 0
94 1
95 0
96 5
97 0
98 1
99 0
100 2
101 0
102 1
103 0
104 3
105 0
106 1
107 0
108 2
109 0
110 1
111 0
112 4
113 0
114 1
115 0
116 2
117 0
118 1
119 0
120 3
121 0
122 1
123 0
124 2
125 0
126 1
127 0
128 7
129 0
130 1
131 0
132 2
133 0
134 1
135 0
136 3
137 0
138 1
139 0
140 2
141 0
142 1
143 0
144 4
145 0
146 1
147 0
148 2
149 0
150 1
151 0
152 3
153 0
154 1
155 0
156 2
157 0
158 1
159 0
160 5
161 0
162 1
163 0
164 2
165 0
166 1
167 0
168 3
169 0
170 1
171 0
172 2
173 0
174 1
175 0
176 4
177 0
178 1
179 0
180 2
181 0
182 1
183 0
184 3
185 0
186 1
187 0
188 2
189 0
190 1
191 0
192 6
193 0
194 1
195 0
196 2
197 0
198 1
199 0
200 3
201 0
202 1
203 0
204 2
205 0
206 1
207 0
208 4
209 0
210 1
211 0
212 2
213 0
214 1
215 0
216 3
217 0
218 1
219 0
220 2
221 0
222 1
223 0
224 5
225 0
226 1
227 0
228 2
229 0
230 1
231 0
232 3
233 0
234 1
235 0
236 2
237 0
238 1
239 0
240 4
241 0
242 1
243 0
244 2
245 0
246 1
247 0
248 3
249 0
250 1
251 0
252 2
253 0
254 1
255 0
256 8
257 0
258 1
259 0
260 2
261 0
262 1
263 0
264 3
265 0
266 1
267 0
268 2
269 0
270 1
271 0
272 4
273 0
274 1
275 0
276 2
277 0
278 1
279 0
280 3
281 0
282 1
283 0
284 2
285 0
286 1
287 0
288 5
289 0
290 1
291 0
292 2
293 0
294 1
295 0
296 3
297 0
298 1
299 0
300 2
301 0
302 1
303 0
304 4
305 0
306 1
307 0
308 2
309 0
310 1
311 0
312 3
313 0
314 1
315 0
316 2
317 0
318 1
319 0
320 6
321 0
322 1
323 0
324 2
325 0
326 1
327 0
328 3
329 0
330 1
331 0
332 2
333 0
334 1
335 0
336 4
337 0
338 1
339 0
340 2
341 0
342 1
343 0
344 3
345 0
346 1
347 0
348 2
349 0
350 1
351 0
352 5
353 0
354 1
355 0
356 2
357 0
358 1
359 0
360 3
361 0
362 1
363 0
364 2
365 0
366 1
367 0
368 4
369 0
370 1
371 0
372 2
373 0
374 1
375 0
376 3
377 0
378 1
379 0
380 2
381 0
382 1
383 0
384 7
385 0
386 1
387 0
388 2
389 0
390 1
391 0
392 3
393 0
394 1
395 0
396 2
397 0
398 1
399 0
400 4
401 0
402 1
403 0
404 2
405 0
406 1
407 0
408 3
409 0
410 1
411 0
412 2
413 0
414 1
415 0
416 5
417 0
418 1
419 0
420 2
421 0
422 1
423 0
424 3
425 0
426 1
427 0
428 2
429 0
430 1
431 0
432 4
433 0
434 1
435 0
436 2
437 0
438 1
439 0
440 3
441 0
442 1
443 0
444 2
445 0
446 1
447 0
448 6
449 0
450 1
451 0
452 2
453 0
454 1
455 0
456 3
457 0
458 1
459 0
460 2
461 0
462 1
463 0
464 4
465 0
466 1
467 0
468 2
469 0
470 1
471 0
472 3
473 0
474 1
475 0
476 2
477 0
478 1
479 0
480 5
481 0
482 1
483 0
484 2
485 0
486 1
487 0
488 3
489 0
490 1
491 0
492 2
493 0
494 1
495 0
496 4
497 0
498 1
499 0
500 2
501 0
502 1
503 0
504 3
505 0
506 1
507 0
508 2
509 0
510 1
511 0
512 9
513 0
514 1
515 0
516 2
517 0
518 1
519 0
520 3
521 0
522 1
523 0
524 2
525 0
526 1
527 0
528 4
529 0
530 1
531 0
532 2
533 0
534 1
535 0
536 3
537 0
538 1
539 0
540 2
541 0
542 1
543 0
544 5
545 0
546 1
547 0
548 2
549 0
550 1
551 0
552 3
553 0
554 1
555 0
556 2
557 0
558 1
559 0
560 4
561 0
562 1
563 0
564 2
565 0
566 1
567 0
568 3
569 0
570 1
571 0
572 2
573 0
574 1
575 0
576 6
577 0
578 1
579 0
580 2
581 0
582 1
583 0
584 3
585 0
586 1
587 0
588 2
589 0
590 1
591 0
592 4
593 0
594 1
595 0
596 2
597 0
598 1
599 0
600 3
601 0
602 1
603 0
604 2
605 0
606 1
607 0
608 5
609 0
610 1
611 0
612 2
613 0
614 1
615 0
616 3
617 0
618 1
619 0
620 2
621 0
622 1
623 0
624 4
625 0
626 1
627 0
628 2
629 0
630 1
631 0
632 3
633 0
634 1
635 0
636 2
637 0
638 1
639 0
640 7
641 0
642 1
643 0
644 2
645 0
646 1
647 0
648 3
649 0
650 1
651 0
652 2
653 0
654 1
655 0
656 4
657 0
658 1
659 0
660 2
661 0
662 1
663 0
664 3
665 0
666 1
667 0
668 2
669 0
670 1
671 0
672 5
673 0
674 1
675 0
676 2
677 0
678 1
679 0
680 3
681 0
682 1
683 0
684 2
685 0
686 1
687 0
688 4
689 0
690 1
691 0
692 2
693 0
694 1
695 0
696 3
697 0
698 1
699 0
700 2
701 0
702 1
703 0
704 6
705 0
706 1
707 0
708 2
709 0
710 1
711 0
712 3
713 0
714 1
715 0
716 2
717 0
718 1
719 0
720 4
721 0
722 1
723 0
724 2
725 0
726 1
727 0
728 3
729 0
730 1
731 0
732 2
733 0
734 1
735 0
736 5
737 0
738 1
739 0
740 2
741 0
742 1
743 0
744 3
745 0
746 1
747 0
748 2
749 0
750 1
751 0
752 4
753 0
754 1
755 0
756 2
757 0
758 1
759 0
760 3
761 0
762 1
763 0
764 2
765 0
766 1
767 0
768 8
769 0
770 1
771 0
772 2
773 0
774 1
775 0
776 3
777 0
778 1
779 0
780 2
781 0
782 1
783 0
784 4
785 0
786 1
787 0
788 2
789 0
790 1
791 0
792 3
793 0
794 1
795 0
796 2
797 0
798 1
799 0
800 5
801 0
802 1
803 0
804 2
805 0
806 1
807 0
808 3
809 0
810 1
811 0
812 2
813 0
814 1
815 0
816 4
817 0
818 1
819 0
820 2
821 0
822 1
823 0
824 3
825 0
826 1
827 0
828 2
829 0
830 1
831 0
832 6
833 0
834 1
835 0
836 2
837 0
838 1
839 0
840 3
841 0
842 1
843 0
844 2
845 0
846 1
847 0
848 4
849 0
850 1
851 0
852 2
853 0
854 1
855 0
856 3
857 0
858 1
859 0
860 2
861 0
862 1
863 0
864 5
865 0
866 1
867 0
868 2
869 0
870 1
871 0
872 3
873 0
874 1
875 0
876 2
877 0
878 1
879 0
880 4
881 0
882 1
883 0
884 2
885 0
886 1
887 0
888 3
889 0
890 1
891 0
892 2
893 0
894 1
895 0
896 7
897 0
898 1
899 0
900 2
901 0
902 1
903 0
904 3
905 0
906 1
907 0
908 2
909 0
910 1
911 0
912 4
913 0
914 1
915 0
916 2
917 0
918 1
919 0
920 3
921 0
922 1
923 0
924 2
925 0
926 1
927 0
928 5
929 0
930 1
931 0
932 2
933 0
934 1
935 0
936 3
937 0
938 1
939 0
940 2
941 0
942 1
943 0
944 4
945 0
946 1
947 0
948 2
949 0
950 1
951 0
952 3
953 0
954 1
955 0
956 2
957 0
958 1
959 0
960 6
961 0
962 1
963 0
964 2
965 0
966 1
967 0
968 3
969 0
970 1
971 0
972 2
973 0
974 1
975 0
976 4
977 0
978 1
979 0
980 2
981 0
982 1
983 0
984 3
985 0
986 1
987 0
988 2
989 0
990 1
991 0
992 5
993 0
994 1
995 0
996 2
997 0
998 1
999 0
1000 3
1001 0
1002 1
1003 0
1004 2
1005 0
1006 1
1007 0
1008 4
1009 0
1010 1
1011 0
1012 2
1013 0
1014 1
1015 0
1016 3
1017 0
1018 1
1019 0
1020 2
1021 0
1022 1
1023 0
1024 10
1025 0
1026 1
1027 0
1028 2
1029 0
1030 1
1031 0
1032 3
1033 0
1034 1
1035 0
1036 2
1037 0
1038 1
1039 0
1040 4
1041 0
1042 1
1043 0
1044 2
1045 0
1046 1
1047 0
1048 3
1049 0
1050 1
1051 0
1052 2
1053 0
1054 1
1055 0
1056 5
1057 0
1058 1
1059 0
1060 2
1061 0
1062 1
1063 0
1064 3
1065 0
1066 1
1067 0
1068 2
1069 0
1070 1
1071 0
1072 4
1073 0
1074 1
1075 0
1076 2
1077 0
1078 1
1079 0
1080 3
1081 0
1082 1
1083 0
1084 2
1085 0
1086 1
1087 0
1088 6
1089 0
1090 1
1091 0
1092 2
1093 0
1094 1
1095 0
1096 3
1097 0
1098 1
1099 0
1100 2
1101 0
1102 1
1103 0
1104 4
1105 0
1106 1
1107 0
1108 2
1109 0
1110 1
1111 0
1112 3
1113 0
1114 1
1115 0
1116 2
1117 0
1118 1
1119 0
1120 5
1121 0
1122 1
1123 0
1124 2
1125 0
1126 1
1127 0
1128 3
1129 0
1130 1
1131 0
1132 2
1133 0
1134 1
1135 0
1136 4
1137 0
1138 1
1139 0
1140 2
1141 0
1142 1
1143 0
1144 3
1145 0
1146 1
1147 0
1148 2
1149 0
1150 1
1151 0
1152 7
1153 0
1154 1
1155 0
1156 2
1157 0
1158 1
1159 0
1160 3
1161 0
1162 1
1163 0
1164 2
1165 0
1166 1
1167 0
1168 4
1169 0
1170 1
1171 0
1172 2
1173 0
1174 1
1175 0
1176 3
1177 0
1178 1
1179 0
1180 2
1181 0
1182 1
1183 0
1184 5
1185 0
1186 1
1187 0
1188 2
1189 0
1190 1
1191 0
1192 3
1193 0
1194 1
1195 0
1196 2
1197 0
1198 1
1199 0
1200 4
1201 0
1202 1
1203 0
1204 2
1205 0
1206 1
1207 0
1208 3
1209 0
1210 1
1211 0
1212 2
1213 0
1214 1
1215 0
1216 6
1217 0
1218 1
1219 0
1220 2
1221 0
1222 1
1223 0
1224 3
1225 0
1226 1
1227 0
1228 2
1229 0
1230 1
1231 0
1232 4
1233 0
1234 1
1235 0
1236 2
1237 0
1238 1
1239 0
1240 3
1241 0
1242 1
1243 0
1244 2
1245 0
1246 1
1247 0
1248 5
1249 0
1250 1
1251 0
1252 2
1253 0
1254 1
1255 0
1256 3
1257 0
1258 1
1259 0
1260 2
1261 0
1262 1
1263 0
1264 4
1265 0
1266 1
1267 0
1268 2
1269 0
1270 1
1271 0
1272 3
1273 0
1274 1
1275 0
1276 2
1277 0
1278 1
1279 0
1280 8
1281 0
1282 1
1283 0
1284 2
1285 0
1286 1
1287 0
1288 3
1289 0
1290 1
1291 0
1292 2
1293 0
1294 1
1295 0
1296 4
1297 0
1298 1
1299 0
1300 2
1301 0
1302 1
1303 0
1304 3
1305 0
1306 1
1307 0
1308 2
1309 0
1310 1
1311 0
1312 5
1313 0
1314 1
1315 0
1316 2
1317 0
1318 1
1319 0
1320 3
1321 0
1322 1
1323 0
1324 2
1325 0
1326 1
1327 0
1328 4
1329 0
1330 1
1331 0
1332 2
1333 0
1334 1
1335 0
1336 3
1337 0
1338 1
1339 0
1340 2
1341 0
1342 1
1343 0
1344 6
1345 0
1346 1
1347 0
1348 2
1349 0
1350 1
1351 0
1352 3
1353 0
1354 1
1355 0
1356 2
1357 0
1358 1
1359 0
1360 4
1361 0
1362 1
1363 0
1364 2
1365 0
1366 1
1367 0
1368 3
1369 0
1370 1
1371 0
1372 2
1373 0
1374 1
1375 0
1376 5
1377 0
1378 1
1379 0
1380 2
1381 0
1382 1
1383 0
1384 3
1385 0
1386 1
1387 0
1388 2
1389 0
1390 1
1391 0
1392 4
1393 0
1394 1
1395 0
1396 2
1397 0
1398 1
1399 0
1400 3
1401 0
1402 1
1403 0
1404 2
1405 0
1406 1
1407 0
1408 7
1409 0
1410 1
1411 0
1412 2
1413 0
1414 1
1415 0
1416 3
1417 0
1418 1
1419 0
1420 2
1421 0
1422 1
1423 0
1424 4
1425 0
1426 1
1427 0
1428 2
1429 0
1430 1
1431 0
1432 3
1433 0
1434 1
1435 0
1436 2
1437 0
1438 1
1439 0
1440 5
1441 0
1442 1
1443 0
1444 2
1445 0
1446 1
1447 0
1448 3
1449 0
1450 1
1451 0
1452 2
1453 0
1454 1
1455 0
1456 4
1457 0
1458 1
1459 0
1460 2
1461 0
1462 1
1463 0
1464 3
1465 0
1466 1
1467 0
1468 2
1469 0
1470 1
1471 0
1472 6
1473 0
1474 1
1475 0
1476 2
1477 0
1478 1
1479 0
1480 3
1481 0
1482 1
1483 0
1484 2
1485 0
1486 1
1487 0
1488 4
1489 0
1490 1
1491 0
1492 2
1493 0
1494 1
1495 0
1496 3
1497 0
1498 1
1499 0
1500 2
1501 0
1502 1
1503 0
1504 5
1505 0
1506 1
1507 0
1508 2
1509 0
1510 1
1511 0
1512 3
1513 0
1514 1
1515 0
1516 2
1517 0
1518 1
1519 0
1520 4
1521 0
1522 1
1523 0
1524 2
1525 0
1526 1
1527 0
1528 3
1529 0
1530 1
1531 0
1532 2
1533 0
1534 1
1535 0
1536 9
1537 0
1538 1
1539 0
1540 2
1541 0
1542 1
1543 0
1544 3
1545 0
1546 1
1547 0
1548 2
1549 0
1550 1
1551 0
1552 4
1553 0
1554 1
1555 0
1556 2
1557 0
1558 1
1559 0
1560 3
1561 0
1562 1
1563 0
1564 2
1565 0
1566 1
1567 0
1568 5
1569 0
1570 1
1571 0
1572 2
1573 0
1574 1
1575 0
1576 3
1577 0
1578 1
1579 0
1580 2
1581 0
1582 1
1583 0
1584 4
1585 0
1586 1
1587 0
1588 2
1589 0
1590 1
1591 0
1592 3
1593 0
1594 1
1595 0
1596 2
1597 0
1598 1
1599 0
1600 6
1601 0
1602 1
1603 0
1604 2
1605 0
1606 1
1607 0
1608 3
1609 0
1610 1
1611 0
1612 2
1613 0
1614 1
1615 0
1616 4
1617 0
1618 1
1619 0
1620 2
1621 0
1622 1
1623 0
1624 3
1625 0
1626 1
1627 0
1628 2
1629 0
1630 1
1631 0
1632 5
1633 0
1634 1
1635 0
1636 2
1637 0
1638 1
1639 0
1640 3
1641 0
1642 1
1643 0
1644 2
1645 0
1646 1
1647 0
1648 4
1649 0
1650 1
1651 0
1652 2
1653 0
1654 1
1655 0
1656 3
1657 0
1658 1
1659 0
1660 2
1661 0
1662 1
1663 0
1664 7
1665 0
1666 1
1667 0
1668 2
1669 0
1670 1
1671 0
1672 3
1673 0
1674 1
1675 0
1676 2
1677 0
1678 1
1679 0
1680 4
1681 0
1682 1
1683 0
1684 2
1685 0
1686 1
1687 0
1688 3
1689 0
1690 1
1691 0
1692 2
1693 0
1694 1
1695 0
1696 5
1697 0
1698 1
1699 0
1700 2
1701 0
1702 1
1703 0
1704 3
1705 0
1706 1
1707 0
1708 2
1709 0
1710 1
1711 0
1712 4
1713 0
1714 1
1715 0
1716 2
1717 0
1718 1
1719 0
1720 3
1721 0
1722 1
1723 0
1724 2
1725 0
1726 1
1727 0
1728 6
1729 0
1730 1
1731 0
1732 2
1733 0
1734 1
1735 0
1736 3
1737 0
1738 1
1739 0
1740 2
1741 0
1742 1
1743 0
1744 4
1745 0
1746 1
1747 0
1748 2
1749 0
1750 1
1751 0
1752 3
1753 0
1754 1
1755 0
1756 2
1757 0
1758 1
1759 0
1760 5
1761 0
1762 1
1763 0
1764 2
1765 0
1766 1
1767 0
1768 3
1769 0
1770 1
1771 0
1772 2
1773 0
1774 1
1775 0
1776 4
1777 0
1778 1
1779 0
1780 2
1781 0
1782 1
1783 0
1784 3
1785 0
1786 1
1787 0
1788 2
1789 0
1790 1
1791 0
1792 8
1793 0
1794 1
1795 0
1796 2
1797 0
1798 1
1799 0
1800 3
1801 0
1802 1
1803 0
1804 2
1805 0
1806 1
1807 0
1808 4
1809 0
1810 1
1811 0
1812 2
1813 0
1814 1
1815 0
1816 3
1817 0
1818 1
1819 0
1820 2
1821 0
1822 1
1823 0
1824 5
1825 0
1826 1
1827 0
1828 2
1829 0
1830 1
1831 0
1832 3
1833 0
1834 1
1835 0
1836 2
1837 0
1838 1
1839 0
1840 4
1841 0
1842 1
1843 0
1844 2
1845 0
1846 1
1847 0
1848 3
1849 0
1850 1
1851 0
1852 2
1853 0
1854 1
1855 0
1856 6
1857 0
1858 1
1859 0
1860 2
1861 0
1862 1
1863 0
1864 3
1865 0
1866 1
1867 0
1868 2
1869 0
1870 1
1871 0
1872 4
1873 0
1874 1
1875 0
1876 2
1877 0
1878 1
1879 0
1880 3
1881 0
1882 1
1883 0
1884 2
1885 0
1886 1
1887 0
1888 5
1889 0
1890 1
1891 0
1892 2
1893 0
1894 1
1895 0
1896 3
1897 0
1898 1
1899 0
1900 2
1901 0
1902 1
1903 0
1904 4
1905 0
1906 1
1907 0
1908 2
1909 0
1910 1
1911 0
1912 3
1913 0
1914 1
1915 0
1916 2
1917 0
1918 1
1919 0
1920 7
1921 0
1922 1
1923 0
1924 2
1925 0
1926 1
1927 0
1928 3
1929 0
1930 1
1931 0
1932 2
1933 0
1934 1
1935 0
1936 4
1937 0
1938 1
1939 0
1940 2
1941 0
1942 1
1943 0
1944 3
1945 0
1946 1
1947 0
1948 2
1949 0
1950 1
1951 0
1952 5
1953 0
1954 1
1955 0
1956 2
1957 0
1958 1
1959 0
1960 3
1961 0
1962 1
1963 0
1964 2
1965 0
1966 1
1967 0
1968 4
1969 0
1970 1
1971 0
1972 2
1973 0
1974 1
1975 0
1976 3
1977 0
1978 1
1979 0
1980 2
1981 0
1982 1
1983 0
1984 6
1985 0
1986 1
1987 0
1988 2
1989 0
1990 1
1991 0
1992 3
1993 0
1994 1
1995 0
1996 2
1997 0
1998 1
1999 0
2000 4
2001 0
2002 1
2003 0
2004 2
2005 0
2006 1
2007 0
2008 3
2009 0
2010 1
2011 0
2012 2
2013 0
2014 1
2015 0
2016 5
2017 0
2018 1
2019 0
2020 2
2021 0
2022 1
2023 0
2024 3
2025 0
2026 1
2027 0
2028 2
2029 0
2030 1
2031 0
2032 4
2033 0
2034 1
2035 0
2036 2
2037 0
2038 1
2039 0
2040 3
2041 0
2042 1
2043 0
2044 2
2045 0
2046 1
2047 0
2048 11
2049 0
2050 1
2051 0
2052 2
2053 0
2054 1
2055 0
2056 3
2057 0
2058 1
2059 0
2060 2
2061 0
2062 1
2063 0
2064 4
2065 0
2066 1
2067 0
2068 2
2069 0
2070 1
2071 0
2072 3
2073 0
2074 1
2075 0
2076 2
2077 0
2078 1
2079 0
2080 5
2081 0
2082 1
2083 0
2084 2
2085 0
2086 1
2087 0
2088 3
2089 0
2090 1
2091 0
2092 2
2093 0
2094 1
2095 0
2096 4
2097 0
2098 1
2099 0
2100 2
2101 0
2102 1
2103 0
2104 3
2105 0
2106 1
2107 0
2108 2
2109 0
2110 1
2111 0
2112 6
2113 0
2114 1
2115 0
2116 2
2117 0
2118 1
2119 0
2120 3
2121 0
2122 1
2123 0
2124 2
2125 0
2126 1
2127 0
2128 4
2129 0
2130 1
2131 0
2132 2
2133 0
2134 1
2135 0
2136 3
2137 0
2138 1
2139 0
2140 2
2141 0
2142 1
2143 0
2144 5
2145 0
2146 1
2147 0
2148 2
2149 0
2150 1
2151 0
2152 3
2153 0
2154 1
2155 0
2156 2
2157 0
2158 1
2159 0
2160 4
2161 0
2162 1
2163 0
2164 2
2165 0
2166 1
2167 0
2168 3
2169 0
2170 1
2171 0
2172 2
2173 0
2174 1
2175 0
2176 7
2177 0
2178 1
2179 0
2180 2
2181 0
2182 1
2183 0
2184 3
2185 0
2186 1
2187 0
2188 2
2189 0
2190 1
2191 0
2192 4
2193 0
2194 1
2195 0
2196 2
2197 0
2198 1
2199 0
2200 3
2201 0
2202 1
2203 0
2204 2
2205 0
2206 1
2207 0
2208 5
2209 0
2210 1
2211 0
2212 2
2213 0
2214 1
2215 0
2216 3
2217 0
2218 1
2219 0
2220 2
2221 0
2222 1
2223 0
2224 4
2225 0
2226 1
2227 0
2228 2
2229 0
2230 1
2231 0
2232 3
2233 0
2234 1
2235 0
2236 2
2237 0
2238 1
2239 0
2240 6
2241 0
2242 1
2243 0
2244 2
2245 0
2246 1
2247 0
2248 3
2249 0
2250 1
2251 0
2252 2
2253 0
2254 1
2255 0
2256 4
2257 0
2258 1
2259 0
2260 2
2261 0
2262 1
2263 0
2264 3
2265 0
2266 1
2267 0
2268 2
2269 0
2270 1
2271 0
2272 5
2273 0
2274 1
2275 0
2276 2
2277 0
2278 1
2279 0
2280 3
2281 0
2282 1
2283 0
2284 2
2285 0
2286 1
2287 0
2288 4
2289 0
2290 1
2291 0
2292 2
2293 0
2294 1
2295 0
2296 3
2297 0
2298 1
2299 0
2300 2
2301 0
2302 1
2303 0
2304 8
2305 0
2306 1
2307 0
2308 2
2309 0
2310 1
2311 0
2312 3
2313 0
2314 1
2315 0
2316 2
2317 0
2318 1
2319 0
2320 4
2321 0
2322 1
2323 0
2324 2
2325 0
2326 1
2327 0
2328 3
2329 0
2330 1
2331 0
2332 2
2333 0
2334 1
2335 0
2336 5
2337 0
2338 1
2339 0
2340 2
2341 0
2342 1
2343 0
2344 3
2345 0
2346 1
2347 0
2348 2
2349 0
2350 1
2351 0
2352 4
2353 0
2354 1
2355 0
2356 2
2357 0
2358 1
2359 0
2360 3
2361 0
2362 1
2363 0
2364 2
2365 0
2366 1
2367 0
2368 6
2369 0
2370 1
2371 0
2372 2
2373 0
2374 1
2375 0
2376 3
2377 0
2378 1
2379 0
2380 2
2381 0
2382 1
2383 0
2384 4
2385 0
2386 1
2387 0
2388 2
2389 0
2390 1
2391 0
2392 3
2393 0
2394 1
2395 0
2396 2
2397 0
2398 1
2399 0
2400 5
2401 0
2402 1
2403 0
2404 2
2405 0
2406 1
2407 0
2408 3
2409 0
2410 1
2411 0
2412 2
2413 0
2414 1
2415 0
2416 4
2417 0
2418 1
2419 0
2420 2
2421 0
2422 1
2423 0
2424 3
2425 0
2426 1
2427 0
2428 2
2429 0
2430 1
2431 0
2432 7
2433 0
2434 1
2435 0
2436 2
2437 0
2438 1
2439 0
2440 3
2441 0
2442 1
2443 0
2444 2
2445 0
2446 1
2447 0
2448 4
2449 0
2450 1
2451 0
2452 2
2453 0
2454 1
2455 0
2456 3
2457 0
2458 1
2459 0
2460 2
2461 0
2462 1
2463 0
2464 5
2465 0
2466 1
2467 0
2468 2
2469 0
2470 1
2471 0
2472 3
2473 0
2474 1
2475 0
2476 2
2477 0
2478 1
2479 0
2480 4
2481 0
2482 1
2483 0
2484 2
2485 0
2486 1
2487 0
2488 3
2489 0
2490 1
2491 0
2492 2
2493 0
2494 1
2495 0
2496 6
2497 0
2498 1
2499 0
2500 2
2501 0
2502 1
2503 0
2504 3
2505 0
2506 1
2507 0
2508 2
2509 0
2510 1
2511 0
2512 4
2513 0
2514 1
2515 0
2516 2
2517 0
2518 1
2519 0
2520 3
2521 0
2522 1
2523 0
2524 2
2525 0
2526 1
2527 0
2528 5
2529 0
2530 1
2531 0
2532 2
2533 0
2534 1
2535 0
2536 3
2537 0
2538 1
2539 0
2540 2
2541 0
2542 1
2543 0
2544 4
2545 0
2546 1
2547 0
2548 2
2549 0
2550 1
2551 0
2552 3
2553 0
2554 1
2555 0
2556 2
2557 0
2558 1
2559 0
2560 9
2561 0
2562 1
2563 0
2564 2
2565 0
2566 1
2567 0
2568 3
2569 0
2570 1
2571 0
2572 2
2573 0
2574 1
2575 0
2576 4
2577 0
2578 1
2579 0
2580 2
2581 0
2582 1
2583 0
2584 3
2585 0
2586 1
2587 0
2588 2
2589 0
2590 1
2591 0
2592 5
2593 0
2594 1
2595 0
2596 2
2597 0
2598 1
2599 0
2600 3
2601 0
2602 1
2603 0
2604 2
2605 0
2606 1
2607 0
2608 4
2609 0
2610 1
2611 0
2612 2
2613 0
2614 1
2615 0
2616 3
2617 0
2618 1
2619 0
2620 2
2621 0
2622 1
2623 0
2624 6
2625 0
2626 1
2627 0
2628 2
2629 0
2630 1
2631 0
2632 3
2633 0
2634 1
2635 0
2636 2
2637 0
2638 1
2639 0
2640 4
2641 0
2642 1
2643 0
2644 2
2645 0
2646 1
2647 0
2648 3
2649 0
2650 1
2651 0
2652 2
2653 0
2654 1
2655 0
2656 5
2657 0
2658 1
2659 0
2660 2
2661 0
2662 1
2663 0
2664 3
2665 0
2666 1
2667 0
2668 2
2669 0
2670 1
2671 0
2672 4
2673 0
2674 1
2675 0
2676 2
2677 0
2678 1
2679 0
2680 3
2681 0
2682 1
2683 0
2684 2
2685 0
2686 1
2687 0
2688 7
2689 0
2690 1
2691 0
2692 2
2693 0
2694 1
2695 0
2696 3
2697 0
2698 1
2699 0
2700 2
2701 0
2702 1
2703 0
2704 4
2705 0
2706 1
2707 0
2708 2
2709 0
2710 1
2711 0
2712 3
2713 0
2714 1
2715 0
2716 2
2717 0
2718 1
2719 0
2720 5
2721 0
2722 1
2723 0
2724 2
2725 0
2726 1
2727 0
2728 3
2729 0
2730 1
2731 0
2732 2
2733 0
2734 1
2735 0
2736 4
2737 0
2738 1
2739 0
2740 2
2741 0
2742 1
2743 0
2744 3
2745 0
2746 1
2747 0
2748 2
2749 0
2750 1
2751 0
2752 6
2753 0
2754 1
2755 0
2756 2
2757 0
2758 1
2759 0
2760 3
2761 0
2762 1
2763 0
2764 2
2765 0
2766 1
2767 0
2768 4
2769 0
2770 1
2771 0
2772 2
2773 0
2774 1
2775 0
2776 3
2777 0
2778 1
2779 0
2780 2
2781 0
2782 1
2783 0
2784 5
2785 0
2786 1
2787 0
2788 2
2789 0
2790 1
2791 0
2792 3
2793 0
2794 1
2795 0
2796 2
2797 0
2798 1
2799 0
2800 4
2801 0
2802 1
2803 0
2804 2
2805 0
2806 1
2807 0
2808 3
2809 0
2810 1
2811 0
2812 2
2813 0
2814 1
2815 0
2816 8
2817 0
2818 1
2819 0
2820 2
2821 0
2822 1
2823 0
2824 3
2825 0
2826 1
2827 0
2828 2
2829 0
2830 1
2831 0
2832 4
2833 0
2834 1
2835 0
2836 2
2837 0
2838 1
2839 0
2840 3
2841 0
2842 1
2843 0
2844 2
2845 0
2846 1
2847 0
2848 5
2849 0
2850 1
2851 0
2852 2
2853 0
2854 1
2855 0
2856 3
2857 0
2858 1
2859 0
2860 2
2861 0
2862 1
2863 0
2864 4
2865 0
2866 1
2867 0
2868 2
2869 0
2870 1
2871 0
2872 3
2873 0
2874 1
2875 0
2876 2
2877 0
2878 1
2879 0
2880 6
2881 0
2882 1
2883 0
2884 2
2885 0
2886 1
2887 0
2888 3
2889 0
2890 1
2891 0
2892 2
2893 0
2894 1
2895 0
2896 4
2897 0
2898 1
2899 0
2900 2
2901 0
2902 1
2903 0
2904 3
2905 0
2906 1
2907 0
2908 2
2909 0
2910 1
2911 0
2912 5
2913 0
2914 1
2915 0
2916 2
2917 0
2918 1
2919 0
2920 3
2921 0
2922 1
2923 0
2924 2
2925 0
2926 1
2927 0
2928 4
2929 0
2930 1
2931 0
2932 2
2933 0
2934 1
2935 0
2936 3
2937 0
2938 1
2939 0
2940 2
2941 0
2942 1
2943 0
2944 7
2945 0
2946 1
2947 0
2948 2
2949 0
2950 1
2951 0
2952 3
2953 0
2954 1
2955 0
2956 2
2957 0
2958 1
2959 0
2960 4
2961 0
2962 1
2963 0
2964 2
2965 0
2966 1
2967 0
2968 3
2969 0
2970 1
2971 0
2972 2
2973 0
2974 1
2975 0
2976 5
2977 0
2978 1
2979 0
2980 2
2981 0
2982 1
2983 0
2984 3
2985 0
2986 1
2987 0
2988 2
2989 0
2990 1
2991 0
2992 4
2993 0
2994 1
2995 0
2996 2
2997 0
2998 1
2999 0
3000 3
3001 0
3002 1
3003 0
3004 2
3005 0
3006 1
3007 0
3008 6
3009 0
3010 1
3011 0
3012 2
3013 0
3014 1
3015 0
3016 3
3017 0
3018 1
3019 0
3020 2
3021 0
3022 1
3023 0
3024 4
3025 0
3026 1
3027 0
3028 2
3029 0
3030 1
3031 0
3032 3
3033 0
3034 1
3035 0
3036 2
3037 0
3038 1
3039 0
3040 5
3041 0
3042 1
3043 0
3044 2
3045 0
3046 1
3047 0
3048 3
3049 0
3050 1
3051 0
3052 2
3053 0
3054 1
3055 0
3056 4
3057 0
3058 1
3059 0
3060 2
3061 0
3062 1
3063 0
3064 3
3065 0
3066 1
3067 0
3068 2
3069 0
3070 1
3071 0
3072 10
3073 0
3074 1
3075 0
3076 2
3077 0
3078 1
3079 0
3080 3
3081 0
3082 1
3083 0
3084 2
3085 0
3086 1
3087 0
3088 4
3089 0
3090 1
3091 0
3092 2
3093 0
3094 1
3095 0
3096 3
3097 0
3098 1
3099 0
3100 2
3101 0
3102 1
3103 0
3104 5
3105 0
3106 1
3107 0
3108 2
3109 0
3110 1
3111 0
3112 3
3113 0
3114 1
3115 0
3116 2
3117 0
3118 1
3119 0
3120 4
3121 0
3122 1
3123 0
3124 2
3125 0
3126 1
3127 0
3128 3
3129 0
3130 1
3131 0
3132 2
3133 0
3134 1
3135 0
3136 6
3137 0
3138 1
3139 0
3140 2
3141 0
3142 1
3143 0
3144 3
3145 0
3146 1
3147 0
3148 2
3149 0
3150 1
3151 0
3152 4
3153 0
3154 1
3155 0
3156 2
3157 0
3158 1
3159 0
3160 3
3161 0
3162 1
3163 0
3164 2
3165 0
3166 1
3167 0
3168 5
3169 0
3170 1
3171 0
3172 2
3173 0
3174 1
3175 0
3176 3
3177 0
3178 1
3179 0
3180 2
3181 0
3182 1
3183 0
3184 4
3185 0
3186 1
3187 0
3188 2
3189 0
3190 1
3191 0
3192 3
3193 0
3194 1
3195 0
3196 2
3197 0
3198 1
3199 0
3200 7
3201 0
3202 1
3203 0
3204 2
3205 0
3206 1
3207 0
3208 3
3209 0
3210 1
3211 0
3212 2
3213 0
3214 1
3215 0
3216 4
3217 0
3218 1
3219 0
3220 2
3221 0
3222 1
3223 0
3224 3
3225 0
3226 1
3227 0
3228 2
3229 0
3230 1
3231 0
3232 5
3233 0
3234 1
3235 0
3236 2
3237 0
3238 1
3239 0
3240 3
3241 0
3242 1
3243 0
3244 2
3245 0
3246 1
3247 0
3248 4
3249 0
3250 1
3251 0
3252 2
3253 0
3254 1
3255 0
3256 3
3257 0
3258 1
3259 0
3260 2
3261 0
3262 1
3263 0
3264 6
3265 0
3266 1
3267 0
3268 2
3269 0
3270 1
3271 0
3272 3
3273 0
3274 1
3275 0
3276 2
3277 0
3278 1
3279 0
3280 4
3281 0
3282 1
3283 0
3284 2
3285 0
3286 1
3287 0
3288 3
3289 0
3290 1
3291 0
3292 2
3293 0
3294 1
3295 0
3296 5
3297 0
3298 1
3299 0
3300 2
3301 0
3302 1
3303 0
3304 3
3305 0
3306 1
3307 0
3308 2
3309 0
3310 1
3311 0
3312 4
3313 0
3314 1
3315 0
3316 2
3317 0
3318 1
3319 0
3320 3
3321 0
3322 1
3323 0
3324 2
3325 0
3326 1
3327 0
3328 8
3329 0
3330 1
3331 0
3332 2
3333 0
3334 1
3335 0
3336 3
3337 0
3338 1
3339 0
3340 2
3341 0
3342 1
3343 0
3344 4
3345 0
3346 1
3347 0
3348 2
3349 0
3350 1
3351 0
3352 3
3353 0
3354 1
3355 0
3356 2
3357 0
3358 1
3359 0
3360 5
3361 0
3362 1
3363 0
3364 2
3365 0
3366 1
3367 0
3368 3
3369 0
3370 1
3371 0
3372 2
3373 0
3374 1
3375 0
3376 4
3377 0
3378 1
3379 0
3380 2
3381 0
3382 1
3383 0
3384 3
3385 0
3386 1
3387 0
3388 2
3389 0
3390 1
3391 0
3392 6
3393 0
3394 1
3395 0
3396 2
3397 0
3398 1
3399 0
3400 3
3401 0
3402 1
3403 0
3404 2
3405 0
3406 1
3407 0
3408 4
3409 0
3410 1
3411 0
3412 2
3413 0
3414 1
3415 0
3416 3
3417 0
3418 1
3419 0
3420 2
3421 0
3422 1
3423 0
3424 5
3425 0
3426 1
3427 0
3428 2
3429 0
3430 1
3431 0
3432 3
3433 0
3434 1
3435 0
3436 2
3437 0
3438 1
3439 0
3440 4
3441 0
3442 1
3443 0
3444 2
3445 0
3446 1
3447 0
3448 3
3449 0
3450 1
3451 0
3452 2
3453 0
3454 1
3455 0
3456 7
3457 0
3458 1
3459 0
3460 2
3461 0
3462 1
3463 0
3464 3
3465 0
3466 1
3467 0
3468 2
3469 0
3470 1
3471 0
3472 4
3473 0
3474 1
3475 0
3476 2
3477 0
3478 1
3479 0
3480 3
3481 0
3482 1
3483 0
3484 2
3485 0
3486 1
3487 0
3488 5
3489 0
3490 1
3491 0
3492 2
3493 0
3494 1
3495 0
3496 3
3497 0
3498 1
3499 0
3500 2
3501 0
3502 1
3503 0
3504 4
3505 0
3506 1
3507 0
3508 2
3509 0
3510 1
3511 0
3512 3
3513 0
3514 1
3515 0
3516 2
3517 0
3518 1
3519 0
3520 6
3521 0
3522 1
3523 0
3524 2
3525 0
3526 1
3527 0
3528 3
3529 0
3530 1
3531 0
3532 2
3533 0
3534 1
3535 0
3536 4
3537 0
3538 1
3539 0
3540 2
3541 0
3542 1
3543 0
3544 3
3545 0
3546 1
3547 0
3548 2
3549 0
3550 1
3551 0
3552 5
3553 0
3554 1
3555 0
3556 2
3557 0
3558 1
3559 0
3560 3
3561 0
3562 1
3563 0
3564 2
3565 0
3566 1
3567 0
3568 4
3569 0
3570 1
3571 0
3572 2
3573 0
3574 1
3575 0
3576 3
3577 0
3578 1
3579 0
3580 2
3581 0
3582 1
3583 0
3584 9
3585 0
3586 1
3587 0
3588 2
3589 0
3590 1
3591 0
3592 3
3593 0
3594 1
3595 0
3596 2
3597 0
3598 1
3599 0
3600 4
3601 0
3602 1
3603 0
3604 2
3605 0
3606 1
3607 0
3608 3
3609 0
3610 1
3611 0
3612 2
3613 0
3614 1
3615 0
3616 5
3617 0
3618 1
3619 0
3620 2
3621 0
3622 1
3623 0
3624 3
3625 0
3626 1
3627 0
3628 2
3629 0
3630 1
3631 0
3632 4
3633 0
3634 1
3635 0
3636 2
3637 0
3638 1
3639 0
3640 3
3641 0
3642 1
3643 0
3644 2
3645 0
3646 1
3647 0
3648 6
3649 0
3650 1
3651 0
3652 2
3653 0
3654 1
3655 0
3656 3
3657 0
3658 1
3659 0
3660 2
3661 0
3662 1
3663 0
3664 4
3665 0
3666 1
3667 0
3668 2
3669 0
3670 1
3671 0
3672 3
3673 0
3674 1
3675 0
3676 2
3677 0
3678 1
3679 0
3680 5
3681 0
3682 1
3683 0
3684 2
3685 0
3686 1
3687 0
3688 3
3689 0
3690 1
3691 0
3692 2
3693 0
3694 1
3695 0
3696 4
3697 0
3698 1
3699 0
3700 2
3701 0
3702 1
3703 0
3704 3
3705 0
3706 1
3707 0
3708 2
3709 0
3710 1
3711 0
3712 7
3713 0
3714 1
3715 0
3716 2
3717 0
3718 1
3719 0
3720 3
3721 0
3722 1
3723 0
3724 2
3725 0
3726 1
3727 0
3728 4
3729 0
3730 1
3731 0
3732 2
3733 0
3734 1
3735 0
3736 3
3737 0
3738 1
3739 0
3740 2
3741 0
3742 1
3743 0
3744 5
3745 0
3746 1
3747 0
3748 2
3749 0
3750 1
3751 0
3752 3
3753 0
3754 1
3755 0
3756 2
3757 0
3758 1
3759 0
3760 4
3761 0
3762 1
3763 0
3764 2
3765 0
3766 1
3767 0
3768 3
3769 0
3770 1
3771 0
3772 2
3773 0
3774 1
3775 0
3776 6
3777 0
3778 1
3779 0
3780 2
3781 0
3782 1
3783 0
3784 3
3785 0
3786 1
3787 0
3788 2
3789 0
3790 1
3791 0
3792 4
3793 0
3794 1
3795 0
3796 2
3797 0
3798 1
3799 0
3800 3
3801 0
3802 1
3803 0
3804 2
3805 0
3806 1
3807 0
3808 5
3809 0
3810 1
3811 0
3812 2
3813 0
3814 1
3815 0
3816 3
3817 0
3818 1
3819 0
3820 2
3821 0
3822 1
3823 0
3824 4
3825 0
3826 1
3827 0
3828 2
3829 0
3830 1
3831 0
3832 3
3833 0
3834 1
3835 0
3836 2
3837 0
3838 1
3839 0
3840 8
3841 0
3842 1
3843 0
3844 2
3845 0
3846 1
3847 0
3848 3
3849 0
3850 1
3851 0
3852 2
3853 0
3854 1
3855 0
3856 4
3857 0
3858 1
3859 0
3860 2
3861 0
3862 1
3863 0
3864 3
3865 0
3866 1
3867 0
3868 2
3869 0
3870 1
3871 0
3872 5
3873 0
3874 1
3875 0
3876 2
3877 0
3878 1
3879 0
3880 3
3881 0
3882 1
3883 0
3884 2
3885 0
3886 1
3887 0
3888 4
3889 0
3890 1
3891 0
3892 2
3893 0
3894 1
3895 0
3896 3
3897 0
3898 1
3899 0
3900 2
3901 0
3902 1
3903 0
3904 6
3905 0
3906 1
3907 0
3908 2
3909 0
3910 1
3911 0
3912 3
3913 0
3914 1
3915 0
3916 2
3917 0
3918 1
3919 0
3920 4
3921 0
3922 1
3923 0
3924 2
3925 0
3926 1
3927 0
3928 3
3929 0
3930 1
3931 0
3932 2
3933 0
3934 1
3935 0
3936 5
3937 0
3938 1
3939 0
3940 2
3941 0
3942 1
3943 0
3944 3
3945 0
3946 1
3947 0
3948 2
3949 0
3950 1
3951 0
3952 4
3953 0
3954 1
3955 0
3956 2
3957 0
3958 1
3959 0
3960 3
3961 0
3962 1
3963 0
3964 2
3965 0
3966 1
3967 0
3968 7
3969 0
3970 1
3971 0
3972 2
3973 0
3974 1
3975 0
3976 3
3977 0
3978 1
3979 0
3980 2
3981 0
3982 1
3983 0
3984 4
3985 0
3986 1
3987 0
3988 2
3989 0
3990 1
3991 0
3992 3
3993 0
3994 1
3995 0
3996 2
3997 0
3998 1
3999 0
4000 5
4001 0
4002 1
4003 0
4004 2
4005 0
4006 1
4007 0
4008 3
4009 0
4010 1
4011 0
4012 2
4013 0
4014 1
4015 0
4016 4
4017 0
4018 1
4019 0
4020 2
4021 0
4022 1
4023 0
4024 3
4025 0
4026 1
4027 0
4028 2
4029 0
4030 1
4031 0
4032 6
4033 0
4034 1
4035 0
4036 2
4037 0
4038 1
4039 0
4040 3
4041 0
4042 1
4043 0
4044 2
4045 0
4046 1
4047 0
4048 4
4049 0
4050 1
4051 0
4052 2
4053 0
4054 1
4055 0
4056 3
4057 0
4058 1
4059 0
4060 2
4061 0
4062 1
4063 0
4064 5
4065 0
4066 1
4067 0
4068 2
4069 0
4070 1
4071 0
4072 3
4073 0
4074 1
4075 0
4076 2
4077 0
4078 1
4079 0
4080 4
4081 0
4082 1
4083 0
4084 2
4085 0
4086 1
4087 0
4088 3
4089 0
4090 1
4091 0
4092 2
4093 0
4094 1
4095 0
4096 12
4097 0
4098 1
4099 0
4100 2
4101 0
4102 1
4103 0
4104 3
4105 0
4106 1
4107 0
4108 2
4109 0
4110 1
4111 0
4112 4
4113 0
4114 1
4115 0
4116 2
4117 0
4118 1
4119 0
4120 3
4121 0
4122 1
4123 0
4124 2
4125 0
4126 1
4127 0
4128 5
4129 0
4130 1
4131 0
4132 2
4133 0
4134 1
4135 0
4136 3
4137 0
4138 1
4139 0
4140 2
4141 0
4142 1
4143 0
4144 4
4145 0
4146 1
4147 0
4148 2
4149 0
4150 1
4151 0
4152 3
4153 0
4154 1
4155 0
4156 2
4157 0
4158 1
4159 0
4160 6
4161 0
4162 1
4163 0
4164 2
4165 0
4166 1
4167 0
4168 3
4169 0
4170 1
4171 0
4172 2
4173 0
4174 1
4175 0
4176 4
4177 0
4178 1
4179 0
4180 2
4181 0
4182 1
4183 0
4184 3
4185 0
4186 1
4187 0
4188 2
4189 0
4190 1
4191 0
4192 5
4193 0
4194 1
4195 0
4196 2
4197 0
4198 1
4199 0
4200 3
4201 0
4202 1
4203 0
4204 2
4205 0
4206 1
4207 0
4208 4
4209 0
4210 1
4211 0
4212 2
4213 0
4214 1
4215 0
4216 3
4217 0
4218 1
4219 0
4220 2
4221 0
4222 1
4223 0
4224 7
4225 0
4226 1
4227 0
4228 2
4229 0
4230 1
4231 0
4232 3
4233 0
4234 1
4235 0
4236 2
4237 0
4238 1
4239 0
4240 4
4241 0
4242 1
4243 0
4244 2
4245 0
4246 1
4247 0
4248 3
4249 0
4250 1
4251 0
4252 2
4253 0
4254 1
4255 0
4256 5
4257 0
4258 1
4259 0
4260 2
4261 0
4262 1
4263 0
4264 3
4265 0
4266 1
4267 0
4268 2
4269 0
4270 1
4271 0
4272 4
4273 0
4274 1
4275 0
4276 2
4277 0
4278 1
4279 0
4280 3
4281 0
4282 1
4283 0
4284 2
4285 0
4286 1
4287 0
4288 6
4289 0
4290 1
4291 0
4292 2
4293 0
4294 1
4295 0
4296 3
4297 0
4298 1
4299 0
4300 2
4301 0
4302 1
4303 0
4304 4
4305 0
4306 1
4307 0
4308 2
4309 0
4310 1
4311 0
4312 3
4313 0
4314 1
4315 0
4316 2
4317 0
4318 1
4319 0
4320 5
4321 0
4322 1
4323 0
4324 2
4325 0
4326 1
4327 0
4328 3
4329 0
4330 1
4331 0
4332 2
4333 0
4334 1
4335 0
4336 4
4337 0
4338 1
4339 0
4340 2
4341 0
4342 1
4343 0
4344 3
4345 0
4346 1
4347 0
4348 2
4349 0
4350 1
4351 0
4352 8
4353 0
4354 1
4355 0
4356 2
4357 0
4358 1
4359 0
4360 3
4361 0
4362 1
4363 0
4364 2
4365 0
4366 1
4367 0
4368 4
4369 0
4370 1
4371 0
4372 2
4373 0
4374 1
4375 0
4376 3
4377 0
4378 1
4379 0
4380 2
4381 0
4382 1
4383 0
4384 5
4385 0
4386 1
4387 0
4388 2
4389 0
4390 1
4391 0
4392 3
4393 0
4394 1
4395 0
4396 2
4397 0
4398 1
4399 0
4400 4
4401 0
4402 1
4403 0
4404 2
4405 0
4406 1
4407 0
4408 3
4409 0
4410 1
4411 0
4412 2
4413 0
4414 1
4415 0
4416 6
4417 0
4418 1
4419 0
4420 2
4421 0
4422 1
4423 0
4424 3
4425 0
4426 1
4427 0
4428 2
4429 0
4430 1
4431 0
4432 4
4433 0
4434 1
4435 0
4436 2
4437 0
4438 1
4439 0
4440 3
4441 0
4442 1
4443 0
4444 2
4445 0
4446 1
4447 0
4448 5
4449 0
4450 1
4451 0
4452 2
4453 0
4454 1
4455 0
4456 3
4457 0
4458 1
4459 0
4460 2
4461 0
4462 1
4463 0
4464 4
4465 0
4466 1
4467 0
4468 2
4469 0
4470 1
4471 0
4472 3
4473 0
4474 1
4475 0
4476 2
4477 0
4478 1
4479 0
4480 7
4481 0
4482 1
4483 0
4484 2
4485 0
4486 1
4487 0
4488 3
4489 0
4490 1
4491 0
4492 2
4493 0
4494 1
4495 0
4496 4
4497 0
4498 1
4499 0
4500 2
4501 0
4502 1
4503 0
4504 3
4505 0
4506 1
4507 0
4508 2
4509 0
4510 1
4511 0
4512 5
4513 0
4514 1
4515 0
4516 2
4517 0
4518 1
4519 0
4520 3
4521 0
4522 1
4523 0
4524 2
4525 0
4526 1
4527 0
4528 4
4529 0
4530 1
4531 0
4532 2
4533 0
4534 1
4535 0
4536 3
4537 0
4538 1
4539 0
4540 2
4541 0
4542 1
4543 0
4544 6
4545 0
4546 1
4547 0
4548 2
4549 0
4550 1
4551 0
4552 3
4553 0
4554 1
4555 0
4556 2
4557 0
4558 1
4559 0
4560 4
4561 0
4562 1
4563 0
4564 2
4565 0
4566 1
4567 0
4568 3
4569 0
4570 1
4571 0
4572 2
4573 0
4574 1
4575 0
4576 5
4577 0
4578 1
4579 0
4580 2
4581 0
4582 1
4583 0
4584 3
4585 0
4586 1
4587 0
4588 2
4589 0
4590 1
4591 0
4592 4
4593 0
4594 1
4595 0
4596 2
4597 0
4598 1
4599 0
4600 3
4601 0
4602 1
4603 0
4604 2
4605 0
4606 1
4607 0
4608 9
4609 0
4610 1
4611 0
4612 2
4613 0
4614 1
4615 0
4616 3
4617 0
4618 1
4619 0
4620 2
4621 0
4622 1
4623 0
4624 4
4625 0
4626 1
4627 0
4628 2
4629 0
4630 1
4631 0
4632 3
4633 0
4634 1
4635 0
4636 2
4637 0
4638 1
4639 0
4640 5
4641 0
4642 1
4643 0
4644 2
4645 0
4646 1
4647 0
4648 3
4649 0
4650 1
4651 0
4652 2
4653 0
4654 1
4655 0
4656 4
4657 0
4658 1
4659 0
4660 2
4661 0
4662 1
4663 0
4664 3
4665 0
4666 1
4667 0
4668 2
4669 0
4670 1
4671 0
4672 6
4673 0
4674 1
4675 0
4676 2
4677 0
4678 1
4679 0
4680 3
4681 0
4682 1
4683 0
4684 2
4685 0
4686 1
4687 0
4688 4
4689 0
4690 1
4691 0
4692 2
4693 0
4694 1
4695 0
4696 3
4697 0
4698 1
4699 0
4700 2
4701 0
4702 1
4703 0
4704 5
4705 0
4706 1
4707 0
4708 2
4709 0
4710 1
4711 0
4712 3
4713 0
4714 1
4715 0
4716 2
4717 0
4718 1
4719 0
4720 4
4721 0
4722 1
4723 0
4724 2
4725 0
4726 1
4727 0
4728 3
4729 0
4730 1
4731 0
4732 2
4733 0
4734 1
4735 0
4736 7
4737 0
4738 1
4739 0
4740 2
4741 0
4742 1
4743 0
4744 3
4745 0
4746 1
4747 0
4748 2
4749 0
4750 1
4751 0
4752 4
4753 0
4754 1
4755 0
4756 2
4757 0
4758 1
4759 0
4760 3
4761 0
4762 1
4763 0
4764 2
4765 0
4766 1
4767 0
4768 5
4769 0
4770 1
4771 0
4772 2
4773 0
4774 1
4775 0
4776 3
4777 0
4778 1
4779 0
4780 2
4781 0
4782 1
4783 0
4784 4
4785 0
4786 1
4787 0
4788 2
4789 0
4790 1
4791 0
4792 3
4793 0
4794 1
4795 0
4796 2
4797 0
4798 1
4799 0
4800 6
4801 0
4802 1
4803 0
4804 2
4805 0
4806 1
4807 0
4808 3
4809 0
4810 1
4811 0
4812 2
4813 0
4814 1
4815 0
4816 4
4817 0
4818 1
4819 0
4820 2
4821 0
4822 1
4823 0
4824 3
4825 0
4826 1
4827 0
4828 2
4829 0
4830 1
4831 0
4832 5
4833 0
4834 1
4835 0
4836 2
4837 0
4838 1
4839 0
4840 3
4841 0
4842 1
4843 0
4844 2
4845 0
4846 1
4847 0
4848 4
4849 0
4850 1
4851 0
4852 2
4853 0
4854 1
4855 0
4856 3
4857 0
4858 1
4859 0
4860 2
4861 0
4862 1
4863 0
4864 8
4865 0
4866 1
4867 0
4868 2
4869 0
4870 1
4871 0
4872 3
4873 0
4874 1
4875 0
4876 2
4877 0
4878 1
4879 0
4880 4
4881 0
4882 1
4883 0
4884 2
4885 0
4886 1
4887 0
4888 3
4889 0
4890 1
4891 0
4892 2
4893 0
4894 1
4895 0
4896 5
4897 0
4898 1
4899 0
4900 2
4901 0
4902 1
4903 0
4904 3
4905 0
4906 1
4907 0
4908 2
4909 0
4910 1
4911 0
4912 4
4913 0
4914 1
4915 0
4916 2
4917 0
4918 1
4919 0
4920 3
4921 0
4922 1
4923 0
4924 2
4925 0
4926 1
4927 0
4928 6
4929 0
4930 1
4931 0
4932 2
4933 0
4934 1
4935 0
4936 3
4937 0
4938 1
4939 0
4940 2
4941 0
4942 1
4943 0
4944 4
4945 0
4946 1
4947 0
4948 2
4949 0
4950 1
4951 0
4952 3
4953 0
4954 1
4955 0
4956 2
4957 0
4958 1
4959 0
4960 5
4961 0
4962 1
4963 0
4964 2
4965 0
4966 1
4967 0
4968 3
4969 0
4970 1
4971 0
4972 2
4973 0
4974 1
4975 0
4976 4
4977 0
4978 1
4979 0
4980 2
4981 0
4982 1
4983 0
4984 3
4985 0
4986 1
4987 0
4988 2
4989 0
4990 1
4991 0
4992 7
4993 0
4994 1
4995 0
4996 2
4997 0
4998 1
4999 0
5000 3
5001 0
5002 1
5003 0
5004 2
5005 0
5006 1
5007 0
5008 4
5009 0
5010 1
5011 0
5012 2
5013 0
5014 1
5015 0
5016 3
5017 0
5018 1
5019 0
5020 2
5021 0
5022 1
5023 0
5024 5
5025 0
5026 1
5027 0
5028 2
5029 0
5030 1
5031 0
5032 3
5033 0
5034 1
5035 0
5036 2
5037 0
5038 1
5039 0
5040 4
5041 0
5042 1
5043 0
5044 2
5045 0
5046 1
5047 0
5048 3
5049 0
5050 1
5051 0
5052 2
5053 0
5054 1
5055 0
5056 6
5057 0
5058 1
5059 0
5060 2
5061 0
5062 1
5063 0
5064 3
5065 0
5066 1
5067 0
5068 2
5069 0
5070 1
5071 0
5072 4
5073 0
5074 1
5075 0
5076 2
5077 0
5078 1
5079 0
5080 3
5081 0
5082 1
5083 0
5084 2
5085 0
5086 1
5087 0
5088 5
5089 0
5090 1
5091 0
5092 2
5093 0
5094 1
5095 0
5096 3
5097 0
5098 1
5099 0
5100 2
5101 0
5102 1
5103 0
5104 4
5105 0
5106 1
5107 0
5108 2
5109 0
5110 1
5111 0
5112 3
5113 0
5114 1
5115 0
5116 2
5117 0
5118 1
5119 0
5120 10
5121 0
5122 1
5123 0
5124 2
5125 0
5126 1
5127 0
5128 3
5129 0
5130 1
5131 0
5132 2
5133 0
5134 1
5135 0
5136 4
5137 0
5138 1
5139 0
5140 2
5141 0
5142 1
5143 0
5144 3
5145 0
5146 1
5147 0
5148 2
5149 0
5150 1
5151 0
5152 5
5153 0
5154 1
5155 0
5156 2
5157 0
5158 1
5159 0
5160 3
5161 0
5162 1
5163 0
5164 2
5165 0
5166 1
5167 0
5168 4
5169 0
5170 1
5171 0
5172 2
5173 0
5174 1
5175 0
5176 3
5177 0
5178 1
5179 0
5180 2
5181 0
5182 1
5183 0
5184 6
5185 0
5186 1
5187 0
5188 2
5189 0
5190 1
5191 0
5192 3
5193 0
5194 1
5195 0
5196 2
5197 0
5198 1
5199 0
5200 4
5201 0
5202 1
5203 0
5204 2
5205 0
5206 1
5207 0
5208 3
5209 0
5210 1
5211 0
5212 2
5213 0
5214 1
5215 0
5216 5
5217 0
5218 1
5219 0
5220 2
5221 0
5222 1
5223 0
5224 3
5225 0
5226 1
5227 0
5228 2
5229 0
5230 1
5231 0
5232 4
5233 0
5234 1
5235 0
5236 2
5237 0
5238 1
5239 0
5240 3
5241 0
5242 1
5243 0
5244 2
5245 0
5246 1
5247 0
5248 7
5249 0
5250 1
5251 0
5252 2
5253 0
5254 1
5255 0
5256 3
5257 0
5258 1
5259 0
5260 2
5261 0
5262 1
5263 0
5264 4
5265 0
5266 1
5267 0
5268 2
5269 0
5270 1
5271 0
5272 3
5273 0
5274 1
5275 0
5276 2
5277 0
5278 1
5279 0
5280 5
5281 0
5282 1
5283 0
5284 2
5285 0
5286 1
5287 0
5288 3
5289 0
5290 1
5291 0
5292 2
5293 0
5294 1
5295 0
5296 4
5297 0
5298 1
5299 0
5300 2
5301 0
5302 1
5303 0
5304 3
5305 0
5306 1
5307 0
5308 2
5309 0
5310 1
5311 0
5312 6
5313 0
5314 1
5315 0
5316 2
5317 0
5318 1
5319 0
5320 3
5321 0
5322 1
5323 0
5324 2
5325 0
5326 1
5327 0
5328 4
5329 0
5330 1
5331 0
5332 2
5333 0
5334 1
5335 0
5336 3
5337 0
5338 1
5339 0
5340 2
5341 0
5342 1
5343 0
5344 5
5345 0
5346 1
5347 0
5348 2
5349 0
5350 1
5351 0
5352 3
5353 0
5354 1
5355 0
5356 2
5357 0
5358 1
5359 0
5360 4
5361 0
5362 1
5363 0
5364 2
5365 0
5366 1
5367 0
5368 3
5369 0
5370 1
5371 0
5372 2
5373 0
5374 1
5375 0
5376 8
5377 0
5378 1
5379 0
5380 2
5381 0
5382 1
5383 0
5384 3
5385 0
5386 1
5387 0
5388 2
5389 0
5390 1
5391 0
5392 4
5393 0
5394 1
5395 0
5396 2
5397 0
5398 1
5399 0
5400 3
5401 0
5402 1
5403 0
5404 2
5405 0
5406 1
5407 0
5408 5
5409 0
5410 1
5411 0
5412 2
5413 0
5414 1
5415 0
5416 3
5417 0
5418 1
5419 0
5420 2
5421 0
5422 1
5423 0
5424 4
5425 0
5426 1
5427 0
5428 2
5429 0
5430 1
5431 0
5432 3
5433 0
5434 1
5435 0
5436 2
5437 0
5438 1
5439 0
5440 6
5441 0
5442 1
5443 0
5444 2
5445 0
5446 1
5447 0
5448 3
5449 0
5450 1
5451 0
5452 2
5453 0
5454 1
5455 0
5456 4
5457 0
5458 1
5459 0
5460 2
5461 0
5462 1
5463 0
5464 3
5465 0
5466 1
5467 0
5468 2
5469 0
5470 1
5471 0
5472 5
5473 0
5474 1
5475 0
5476 2
5477 0
5478 1
5479 0
5480 3
5481 0
5482 1
5483 0
5484 2
5485 0
5486 1
5487 0
5488 4
5489 0
5490 1
5491 0
5492 2
5493 0
5494 1
5495 0
5496 3
5497 0
5498 1
5499 0
5500 2
5501 0
5502 1
5503 0
5504 7
5505 0
5506 1
5507 0
5508 2
5509 0
5510 1
5511 0
5512 3
5513 0
5514 1
5515 0
5516 2
5517 0
5518 1
5519 0
5520 4
5521 0
5522 1
5523 0
5524 2
5525 0
5526 1
5527 0
5528 3
5529 0
5530 1
5531 0
5532 2
5533 0
5534 1
5535 0
5536 5
5537 0
5538 1
5539 0
5540 2
5541 0
5542 1
5543 0
5544 3
5545 0
5546 1
5547 0
5548 2
5549 0
5550 1
5551 0
5552 4
5553 0
5554 1
5555 0
5556 2
5557 0
5558 1
5559 0
5560 3
5561 0
5562 1
5563 0
5564 2
5565 0
5566 1
5567 0
5568 6
5569 0
5570 1
5571 0
5572 2
5573 0
5574 1
5575 0
5576 3
5577 0
5578 1
5579 0
5580 2
5581 0
5582 1
5583 0
5584 4
5585 0
5586 1
5587 0
5588 2
5589 0
5590 1
5591 0
5592 3
5593 0
5594 1
5595 0
5596 2
5597 0
5598 1
5599 0
5600 5
5601 0
5602 1
5603 0
5604 2
5605 0
5606 1
5607 0
5608 3
5609 0
5610 1
5611 0
5612 2
5613 0
5614 1
5615 0
5616 4
5617 0
5618 1
5619 0
5620 2
5621 0
5622 1
5623 0
5624 3
5625 0
5626 1
5627 0
5628 2
5629 0
5630 1
5631 0
5632 9
5633 0
5634 1
5635 0
5636 2
5637 0
5638 1
5639 0
5640 3
5641 0
5642 1
5643 0
5644 2
5645 0
5646 1
5647 0
5648 4
5649 0
5650 1
5651 0
5652 2
5653 0
5654 1
5655 0
5656 3
5657 0
5658 1
5659 0
5660 2
5661 0
5662 1
5663 0
5664 5
5665 0
5666 1
5667 0
5668 2
5669 0
5670 1
5671 0
5672 3
5673 0
5674 1
5675 0
5676 2
5677 0
5678 1
5679 0
5680 4
5681 0
5682 1
5683 0
5684 2
5685 0
5686 1
5687 0
5688 3
5689 0
5690 1
5691 0
5692 2
5693 0
5694 1
5695 0
5696 6
5697 0
5698 1
5699 0
5700 2
5701 0
5702 1
5703 0
5704 3
5705 0
5706 1
5707 0
5708 2
5709 0
5710 1
5711 0
5712 4
5713 0
5714 1
5715 0
5716 2
5717 0
5718 1
5719 0
5720 3
5721 0
5722 1
5723 0
5724 2
5725 0
5726 1
5727 0
5728 5
5729 0
5730 1
5731 0
5732 2
5733 0
5734 1
5735 0
5736 3
5737 0
5738 1
5739 0
5740 2
5741 0
5742 1
5743 0
5744 4
5745 0
5746 1
5747 0
5748 2
5749 0
5750 1
5751 0
5752 3
5753 0
5754 1
5755 0
5756 2
5757 0
5758 1
5759 0
5760 7
5761 0
5762 1
5763 0
5764 2
5765 0
5766 1
5767 0
5768 3
5769 0
5770 1
5771 0
5772 2
5773 0
5774 1
5775 0
5776 4
5777 0
5778 1
5779 0
5780 2
5781 0
5782 1
5783 0
5784 3
5785 0
5786 1
5787 0
5788 2
5789 0
5790 1
5791 0
5792 5
5793 0
5794 1
5795 0
5796 2
5797 0
5798 1
5799 0
5800 3
5801 0
5802 1
5803 0
5804 2
5805 0
5806 1
5807 0
5808 4
5809 0
5810 1
5811 0
5812 2
5813 0
5814 1
5815 0
5816 3
5817 0
5818 1
5819 0
5820 2
5821 0
5822 1
5823 0
5824 6
5825 0
5826 1
5827 0
5828 2
5829 0
5830 1
5831 0
5832 3
5833 0
5834 1
5835 0
5836 2
5837 0
5838 1
5839 0
5840 4
5841 0
5842 1
5843 0
5844 2
5845 0
5846 1
5847 0
5848 3
5849 0
5850 1
5851 0
5852 2
5853 0
5854 1
5855 0
5856 5
5857 0
5858 1
5859 0
5860 2
5861 0
5862 1
5863 0
5864 3
5865 0
5866 1
5867 0
5868 2
5869 0
5870 1
5871 0
5872 4
5873 0
5874 1
5875 0
5876 2
5877 0
5878 1
5879 0
5880 3
5881 0
5882 1
5883 0
5884 2
5885 0
5886 1
5887 0
5888 8
5889 0
5890 1
5891 0
5892 2
5893 0
5894 1
5895 0
5896 3
5897 0
5898 1
5899 0
5900 2
5901 0
5902 1
5903 0
5904 4
5905 0
5906 1
5907 0
5908 2
5909 0
5910 1
5911 0
5912 3
5913 0
5914 1
5915 0
5916 2
5917 0
5918 1
5919 0
5920 5
5921 0
5922 1
5923 0
5924 2
5925 0
5926 1
5927 0
5928 3
5929 0
5930 1
5931 0
5932 2
5933 0
5934 1
5935 0
5936 4
5937 0
5938 1
5939 0
5940 2
5941 0
5942 1
5943 0
5944 3
5945 0
5946 1
5947 0
5948 2
5949 0
5950 1
5951 0
5952 6
5953 0
5954 1
5955 0
5956 2
5957 0
5958 1
5959 0
5960 3
5961 0
5962 1
5963 0
5964 2
5965 0
5966 1
5967 0
5968 4
5969 0
5970 1
5971 0
5972 2
5973 0
5974 1
5975 0
5976 3
5977 0
5978 1
5979 0
5980 2
5981 0
5982 1
5983 0
5984 5
5985 0
5986 1
5987 0
5988 2
5989 0
5990 1
5991 0
5992 3
5993 0
5994 1
5995 0
5996 2
5997 0
5998 1
5999 0
6000 4
6001 0
6002 1
6003 0
6004 2
6005 0
6006 1
6007 0
6008 3
6009 0
6010 1
6011 0
6012 2
6013 0
6014 1
6015 0
6016 7
6017 0
6018 1
6019 0
6020 2
6021 0
6022 1
6023 0
6024 3
6025 0
6026 1
6027 0
6028 2
6029 0
6030 1
6031 0
6032 4
6033 0
6034 1
6035 0
6036 2
6037 0
6038 1
6039 0
6040 3
6041 0
6042 1
6043 0
6044 2
6045 0
6046 1
6047 0
6048 5
6049 0
6050 1
6051 0
6052 2
6053 0
6054 1
6055 0
6056 3
6057 0
6058 1
6059 0
6060 2
6061 0
6062 1
6063 0
6064 4
6065 0
6066 1
6067 0
6068 2
6069 0
6070 1
6071 0
6072 3
6073 0
6074 1
6075 0
6076 2
6077 0
6078 1
6079 0
6080 6
6081 0
6082 1
6083 0
6084 2
6085 0
6086 1
6087 0
6088 3
6089 0
6090 1
6091 0
6092 2
6093 0
6094 1
6095 0
6096 4
6097 0
6098 1
6099 0
6100 2
6101 0
6102 1
6103 0
6104 3
6105 0
6106 1
6107 0
6108 2
6109 0
6110 1
6111 0
6112 5
6113 0
6114 1
6115 0
6116 2
6117 0
6118 1
6119 0
6120 3
6121 0
6122 1
6123 0
6124 2
6125 0
6126 1
6127 0
6128 4
6129 0
6130 1
6131 0
6132 2
6133 0
6134 1
6135 0
6136 3
6137 0
6138 1
6139 0
6140 2
6141 0
6142 1
6143 0
6144 11
6145 0
6146 1
6147 0
6148 2
6149 0
6150 1
6151 0
6152 3
6153 0
6154 1
6155 0
6156 2
6157 0
6158 1
6159 0
6160 4
6161 0
6162 1
6163 0
6164 2
6165 0
6166 1
6167 0
6168 3
6169 0
6170 1
6171 0
6172 2
6173 0
6174 1
6175 0
6176 5
6177 0
6178 1
6179 0
6180 2
6181 0
6182 1
6183 0
6184 3
6185 0
6186 1
6187 0
6188 2
6189 0
6190 1
6191 0
6192 4
6193 0
6194 1
6195 0
6196 2
6197 0
6198 1
6199 0
6200 3
6201 0
6202 1
6203 0
6204 2
6205 0
6206 1
6207 0
6208 6
6209 0
6210 1
6211 0
6212 2
6213 0
6214 1
6215 0
6216 3
6217 0
6218 1
6219 0
6220 2
6221 0
6222 1
6223 0
6224 4
6225 0
6226 1
6227 0
6228 2
6229 0
6230 1
6231 0
6232 3
6233 0
6234 1
6235 0
6236 2
6237 0
6238 1
6239 0
6240 5
6241 0
6242 1
6243 0
6244 2
6245 0
6246 1
6247 0
6248 3
6249 0
6250 1
6251 0
6252 2
6253 0
6254 1
6255 0
6256 4
6257 0
6258 1
6259 0
6260 2
6261 0
6262 1
6263 0
6264 3
6265 0
6266 1
6267 0
6268 2
6269 0
6270 1
6271 0
6272 7
6273 0
6274 1
6275 0
6276 2
6277 0
6278 1
6279 0
6280 3
6281 0
6282 1
6283 0
6284 2
6285 0
6286 1
6287 0
6288 4
6289 0
6290 1
6291 0
6292 2
6293 0
6294 1
6295 0
6296 3
6297 0
6298 1
6299 0
6300 2
6301 0
6302 1
6303 0
6304 5
6305 0
6306 1
6307 0
6308 2
6309 0
6310 1
6311 0
6312 3
6313 0
6314 1
6315 0
6316 2
6317 0
6318 1
6319 0
6320 4
6321 0
6322 1
6323 0
6324 2
6325 0
6326 1
6327 0
6328 3
6329 0
6330 1
6331 0
6332 2
6333 0
6334 1
6335 0
6336 6
6337 0
6338 1
6339 0
6340 2
6341 0
6342 1
6343 0
6344 3
6345 0
6346 1
6347 0
6348 2
6349 0
6350 1
6351 0
6352 4
6353 0
6354 1
6355 0
6356 2
6357 0
6358 1
6359 0
6360 3
6361 0
6362 1
6363 0
6364 2
6365 0
6366 1
6367 0
6368 5
6369 0
6370 1
6371 0
6372 2
6373 0
6374 1
6375 0
6376 3
6377 0
6378 1
6379 0
6380 2
6381 0
6382 1
6383 0
6384 4
6385 0
6386 1
6387 0
6388 2
6389 0
6390 1
6391 0
6392 3
6393 0
6394 1
6395 0
6396 2
6397 0
6398 1
6399 0
6400 8
6401 0
6402 1
6403 0
6404 2
6405 0
6406 1
6407 0
6408 3
6409 0
6410 1
6411 0
6412 2
6413 0
6414 1
6415 0
6416 4
6417 0
6418 1
6419 0
6420 2
6421 0
6422 1
6423 0
6424 3
6425 0
6426 1
6427 0
6428 2
6429 0
6430 1
6431 0
6432 5
6433 0
6434 1
6435 0
6436 2
6437 0
6438 1
6439 0
6440 3
6441 0
6442 1
6443 0
6444 2
6445 0
6446 1
6447 0
6448 4
6449 0
6450 1
6451 0
6452 2
6453 0
6454 1
6455 0
6456 3
6457 0
6458 1
6459 0
6460 2
6461 0
6462 1
6463 0
6464 6
6465 0
6466 1
6467 0
6468 2
6469 0
6470 1
6471 0
6472 3
6473 0
6474 1
6475 0
6476 2
6477 0
6478 1
6479 0
6480 4
6481 0
6482 1
6483 0
6484 2
6485 0
6486 1
6487 0
6488 3
6489 0
6490 1
6491 0
6492 2
6493 0
6494 1
6495 0
6496 5
6497 0
6498 1
6499 0
6500 2
6501 0
6502 1
6503 0
6504 3
6505 0
6506 1
6507 0
6508 2
6509 0
6510 1
6511 0
6512 4
6513 0
6514 1
6515 0
6516 2
6517 0
6518 1
6519 0
6520 3
6521 0
6522 1
6523 0
6524 2
6525 0
6526 1
6527 0
6528 7
6529 0
6530 1
6531 0
6532 2
6533 0
6534 1
6535 0
6536 3
6537 0
6538 1
6539 0
6540 2
6541 0
6542 1
6543 0
6544 4
6545 0
6546 1
6547 0
6548 2
6549 0
6550 1
6551 0
6552 3
6553 0
6554 1
6555 0
6556 2
6557 0
6558 1
6559 0
6560 5
6561 0
6562 1
6563 0
6564 2
6565 0
6566 1
6567 0
6568 3
6569 0
6570 1
6571 0
6572 2
6573 0
6574 1
6575 0
6576 4
6577 0
6578 1
6579 0
6580 2
6581 0
6582 1
6583 0
6584 3
6585 0
6586 1
6587 0
6588 2
6589 0
6590 1
6591 0
6592 6
6593 0
6594 1
6595 0
6596 2
6597 0
6598 1
6599 0
6600 3
6601 0
6602 1
6603 0
6604 2
6605 0
6606 1
6607 0
6608 4
6609 0
6610 1
6611 0
6612 2
6613 0
6614 1
6615 0
6616 3
6617 0
6618 1
6619 0
6620 2
6621 0
6622 1
6623 0
6624 5
6625 0
6626 1
6627 0
6628 2
6629 0
6630 1
6631 0
6632 3
6633 0
6634 1
6635 0
6636 2
6637 0
6638 1
6639 0
6640 4
6641 0
6642 1
6643 0
6644 2
6645 0
6646 1
6647 0
6648 3
6649 0
6650 1
6651 0
6652 2
6653 0
6654 1
6655 0
6656 9
6657 0
6658 1
6659 0
6660 2
6661 0
6662 1
6663 0
6664 3
6665 0
6666 1
6667 0
6668 2
6669 0
6670 1
6671 0
6672 4
6673 0
6674 1
6675 0
6676 2
6677 0
6678 1
6679 0
6680 3
6681 0
6682 1
6683 0
6684 2
6685 0
6686 1
6687 0
6688 5
6689 0
6690 1
6691 0
6692 2
6693 0
6694 1
6695 0
6696 3
6697 0
6698 1
6699 0
6700 2
6701 0
6702 1
6703 0
6704 4
6705 0
6706 1
6707 0
6708 2
6709 0
6710 1
6711 0
6712 3
6713 0
6714 1
6715 0
6716 2
6717 0
6718 1
6719 0
6720 6
6721 0
6722 1
6723 0
6724 2
6725 0
6726 1
6727 0
6728 3
6729 0
6730 1
6731 0
6732 2
6733 0
6734 1
6735 0
6736 4
6737 0
6738 1
6739 0
6740 2
6741 0
6742 1
6743 0
6744 3
6745 0
6746 1
6747 0
6748 2
6749 0
6750 1
6751 0
6752 5
6753 0
6754 1
6755 0
6756 2
6757 0
6758 1
6759 0
6760 3
6761 0
6762 1
6763 0
6764 2
6765 0
6766 1
6767 0
6768 4
6769 0
6770 1
6771 0
6772 2
6773 0
6774 1
6775 0
6776 3
6777 0
6778 1
6779 0
6780 2
6781 0
6782 1
6783 0
6784 7
6785 0
6786 1
6787 0
6788 2
6789 0
6790 1
6791 0
6792 3
6793 0
6794 1
6795 0
6796 2
6797 0
6798 1
6799 0
6800 4
6801 0
6802 1
6803 0
6804 2
6805 0
6806 1
6807 0
6808 3
6809 0
6810 1
6811 0
6812 2
6813 0
6814 1
6815 0
6816 5
6817 0
6818 1
6819 0
6820 2
6821 0
6822 1
6823 0
6824 3
6825 0
6826 1
6827 0
6828 2
6829 0
6830 1
6831 0
6832 4
6833 0
6834 1
6835 0
6836 2
6837 0
6838 1
6839 0
6840 3
6841 0
6842 1
6843 0
6844 2
6845 0
6846 1
6847 0
6848 6
6849 0
6850 1
6851 0
6852 2
6853 0
6854 1
6855 0
6856 3
6857 0
6858 1
6859 0
6860 2
6861 0
6862 1
6863 0
6864 4
6865 0
6866 1
6867 0
6868 2
6869 0
6870 1
6871 0
6872 3
6873 0
6874 1
6875 0
6876 2
6877 0
6878 1
6879 0
6880 5
6881 0
6882 1
6883 0
6884 2
6885 0
6886 1
6887 0
6888 3
6889 0
6890 1
6891 0
6892 2
6893 0
6894 1
6895 0
6896 4
6897 0
6898 1
6899 0
6900 2
6901 0
6902 1
6903 0
6904 3
6905 0
6906 1
6907 0
6908 2
6909 0
6910 1
6911 0
6912 8
6913 0
6914 1
6915 0
6916 2
6917 0
6918 1
6919 0
6920 3
6921 0
6922 1
6923 0
6924 2
6925 0
6926 1
6927 0
6928 4
6929 0
6930 1
6931 0
6932 2
6933 0
6934 1
6935 0
6936 3
6937 0
6938 1
6939 0
6940 2
6941 0
6942 1
6943 0
6944 5
6945 0
6946 1
6947 0
6948 2
6949 0
6950 1
6951 0
6952 3
6953 0
6954 1
6955 0
6956 2
6957 0
6958 1
6959 0
6960 4
6961 0
6962 1
6963 0
6964 2
6965 0
6966 1
6967 0
6968 3
6969 0
6970 1
6971 0
6972 2
6973 0
6974 1
6975 0
6976 6
6977 0
6978 1
6979 0
6980 2
6981 0
6982 1
6983 0
6984 3
6985 0
6986 1
6987 0
6988 2
6989 0
6990 1
6991 0
6992 4
6993 0
6994 1
6995 0
6996 2
6997 0
6998 1
6999 0
7000 3
7001 0
7002 1
7003 0
7004 2
7005 0
7006 1
7007 0
7008 5
7009 0
7010 1
7011 0
7012 2
7013 0
7014 1
7015 0
7016 3
7017 0
7018 1
7019 0
7020 2
7021 0
7022 1
7023 0
7024 4
7025 0
7026 1
7027 0
7028 2
7029 0
7030 1
7031 0
7032 3
7033 0
7034 1
7035 0
7036 2
7037 0
7038 1
7039 0
7040 7
7041 0
7042 1
7043 0
7044 2
7045 0
7046 1
7047 0
7048 3
7049 0
7050 1
7051 0
7052 2
7053 0
7054 1
7055 0
7056 4
7057 0
7058 1
7059 0
7060 2
7061 0
7062 1
7063 0
7064 3
7065 0
7066 1
7067 0
7068 2
7069 0
7070 1
7071 0
7072 5
7073 0
7074 1
7075 0
7076 2
7077 0
7078 1
7079 0
7080 3
7081 0
7082 1
7083 0
7084 2
7085 0
7086 1
7087 0
7088 4
7089 0
7090 1
7091 0
7092 2
7093 0
7094 1
7095 0
7096 3
7097 0
7098 1
7099 0
7100 2
7101 0
7102 1
7103 0
7104 6
7105 0
7106 1
7107 0
7108 2
7109 0
7110 1
7111 0
7112 3
7113 0
7114 1
7115 0
7116 2
7117 0
7118 1
7119 0
7120 4
7121 0
7122 1
7123 0
7124 2
7125 0
7126 1
7127 0
7128 3
7129 0
7130 1
7131 0
7132 2
7133 0
7134 1
7135 0
7136 5
7137 0
7138 1
7139 0
7140 2
7141 0
7142 1
7143 0
7144 3
7145 0
7146 1
7147 0
7148 2
7149 0
7150 1
7151 0
7152 4
7153 0
7154 1
7155 0
7156 2
7157 0
7158 1
7159 0
7160 3
7161 0
7162 1
7163 0
7164 2
7165 0
7166 1
7167 0
7168 10
7169 0
7170 1
7171 0
7172 2
7173 0
7174 1
7175 0
7176 3
7177 0
7178 1
7179 0
7180 2
7181 0
7182 1
7183 0
7184 4
7185 0
7186 1
7187 0
7188 2
7189 0
7190 1
7191 0
7192 3
7193 0
7194 1
7195 0
7196 2
7197 0
7198 1
7199 0
7200 5
7201 0
7202 1
7203 0
7204 2
7205 0
7206 1
7207 0
7208 3
7209 0
7210 1
7211 0
7212 2
7213 0
7214 1
7215 0
7216 4
7217 0
7218 1
7219 0
7220 2
7221 0
7222 1
7223 0
7224 3
7225 0
7226 1
7227 0
7228 2
7229 0
7230 1
7231 0
7232 6
7233 0
7234 1
7235 0
7236 2
7237 0
7238 1
7239 0
7240 3
7241 0
7242 1
7243 0
7244 2
7245 0
7246 1
7247 0
7248 4
7249 0
7250 1
7251 0
7252 2
7253 0
7254 1
7255 0
7256 3
7257 0
7258 1
7259 0
7260 2
7261 0
7262 1
7263 0
7264 5
7265 0
7266 1
7267 0
7268 2
7269 0
7270 1
7271 0
7272 3
7273 0
7274 1
7275 0
7276 2
7277 0
7278 1
7279 0
7280 4
7281 0
7282 1
7283 0
7284 2
7285 0
7286 1
7287 0
7288 3
7289 0
7290 1
7291 0
7292 2
7293 0
7294 1
7295 0
7296 7
7297 0
7298 1
7299 0
7300 2
7301 0
7302 1
7303 0
7304 3
7305 0
7306 1
7307 0
7308 2
7309 0
7310 1
7311 0
7312 4
7313 0
7314 1
7315 0
7316 2
7317 0
7318 1
7319 0
7320 3
7321 0
7322 1
7323 0
7324 2
7325 0
7326 1
7327 0
7328 5
7329 0
7330 1
7331 0
7332 2
7333 0
7334 1
7335 0
7336 3
7337 0
7338 1
7339 0
7340 2
7341 0
7342 1
7343 0
7344 4
7345 0
7346 1
7347 0
7348 2
7349 0
7350 1
7351 0
7352 3
7353 0
7354 1
7355 0
7356 2
7357 0
7358 1
7359 0
7360 6
7361 0
7362 1
7363 0
7364 2
7365 0
7366 1
7367 0
7368 3
7369 0
7370 1
7371 0
7372 2
7373 0
7374 1
7375 0
7376 4
7377 0
7378 1
7379 0
7380 2
7381 0
7382 1
7383 0
7384 3
7385 0
7386 1
7387 0
7388 2
7389 0
7390 1
7391 0
7392 5
7393 0
7394 1
7395 0
7396 2
7397 0
7398 1
7399 0
7400 3
7401 0
7402 1
7403 0
7404 2
7405 0
7406 1
7407 0
7408 4
7409 0
7410 1
7411 0
7412 2
7413 0
7414 1
7415 0
7416 3
7417 0
7418 1
7419 0
7420 2
7421 0
7422 1
7423 0
7424 8
7425 0
7426 1
7427 0
7428 2
7429 0
7430 1
7431 0
7432 3
7433 0
7434 1
7435 0
7436 2
7437 0
7438 1
7439 0
7440 4
7441 0
7442 1
7443 0
7444 2
7445 0
7446 1
7447 0
7448 3
7449 0
7450 1
7451 0
7452 2
7453 0
7454 1
7455 0
7456 5
7457 0
7458 1
7459 0
7460 2
7461 0
7462 1
7463 0
7464 3
7465 0
7466 1
7467 0
7468 2
7469 0
7470 1
7471 0
7472 4
7473 0
7474 1
7475 0
7476 2
7477 0
7478 1
7479 0
7480 3
7481 0
7482 1
7483 0
7484 2
7485 0
7486 1
7487 0
7488 6
7489 0
7490 1
7491 0
7492 2
7493 0
7494 1
7495 0
7496 3
7497 0
7498 1
7499 0
7500 2
7501 0
7502 1
7503 0
7504 4
7505 0
7506 1
7507 0
7508 2
7509 0
7510 1
7511 0
7512 3
7513 0
7514 1
7515 0
7516 2
7517 0
7518 1
7519 0
7520 5
7521 0
7522 1
7523 0
7524 2
7525 0
7526 1
7527 0
7528 3
7529 0
7530 1
7531 0
7532 2
7533 0
7534 1
7535 0
7536 4
7537 0
7538 1
7539 0
7540 2
7541 0
7542 1
7543 0
7544 3
7545 0
7546 1
7547 0
7548 2
7549 0
7550 1
7551 0
7552 7
7553 0
7554 1
7555 0
7556 2
7557 0
7558 1
7559 0
7560 3
7561 0
7562 1
7563 0
7564 2
7565 0
7566 1
7567 0
7568 4
7569 0
7570 1
7571 0
7572 2
7573 0
7574 1
7575 0
7576 3
7577 0
7578 1
7579 0
7580 2
7581 0
7582 1
7583 0
7584 5
7585 0
7586 1
7587 0
7588 2
7589 0
7590 1
7591 0
7592 3
7593 0
7594 1
7595 0
7596 2
7597 0
7598 1
7599 0
7600 4
7601 0
7602 1
7603 0
7604 2
7605 0
7606 1
7607 0
7608 3
7609 0
7610 1
7611 0
7612 2
7613 0
7614 1
7615 0
7616 6
7617 0
7618 1
7619 0
7620 2
7621 0
7622 1
7623 0
7624 3
7625 0
7626 1
7627 0
7628 2
7629 0
7630 1
7631 0
7632 4
7633 0
7634 1
7635 0
7636 2
7637 0
7638 1
7639 0
7640 3
7641 0
7642 1
7643 0
7644 2
7645 0
7646 1
7647 0
7648 5
7649 0
7650 1
7651 0
7652 2
7653 0
7654 1
7655 0
7656 3
7657 0
7658 1
7659 0
7660 2
7661 0
7662 1
7663 0
7664 4
7665 0
7666 1
7667 0
7668 2
7669 0
7670 1
7671 0
7672 3
7673 0
7674 1
7675 0
7676 2
7677 0
7678 1
7679 0
7680 9
7681 0
7682 1
7683 0
7684 2
7685 0
7686 1
7687 0
7688 3
7689 0
7690 1
7691 0
7692 2
7693 0
7694 1
7695 0
7696 4
7697 0
7698 1
7699 0
7700 2
7701 0
7702 1
7703 0
7704 3
7705 0
7706 1
7707 0
7708 2
7709 0
7710 1
7711 0
7712 5
7713 0
7714 1
7715 0
7716 2
7717 0
7718 1
7719 0
7720 3
7721 0
7722 1
7723 0
7724 2
7725 0
7726 1
7727 0
7728 4
7729 0
7730 1
7731 0
7732 2
7733 0
7734 1
7735 0
7736 3
7737 0
7738 1
7739 0
7740 2
7741 0
7742 1
7743 0
7744 6
7745 0
7746 1
7747 0
7748 2
7749 0
7750 1
7751 0
7752 3
7753 0
7754 1
7755 0
7756 2
7757 0
7758 1
7759 0
7760 4
7761 0
7762 1
7763 0
7764 2
7765 0
7766 1
7767 0
7768 3
7769 0
7770 1
7771 0
7772 2
7773 0
7774 1
7775 0
7776 5
7777 0
7778 1
7779 0
7780 2
7781 0
7782 1
7783 0
7784 3
7785 0
7786 1
7787 0
7788 2
7789 0
7790 1
7791 0
7792 4
7793 0
7794 1
7795 0
7796 2
7797 0
7798 1
7799 0
7800 3
7801 0
7802 1
7803 0
7804 2
7805 0
7806 1
7807 0
7808 7
7809 0
7810 1
7811 0
7812 2
7813 0
7814 1
7815 0
7816 3
7817 0
7818 1
7819 0
7820 2
7821 0
7822 1
7823 0
7824 4
7825 0
7826 1
7827 0
7828 2
7829 0
7830 1
7831 0
7832 3
7833 0
7834 1
7835 0
7836 2
7837 0
7838 1
7839 0
7840 5
7841 0
7842 1
7843 0
7844 2
7845 0
7846 1
7847 0
7848 3
7849 0
7850 1
7851 0
7852 2
7853 0
7854 1
7855 0
7856 4
7857 0
7858 1
7859 0
7860 2
7861 0
7862 1
7863 0
7864 3
7865 0
7866 1
7867 0
7868 2
7869 0
7870 1
7871 0
7872 6
7873 0
7874 1
7875 0
7876 2
7877 0
7878 1
7879 0
7880 3
7881 0
7882 1
7883 0
7884 2
7885 0
7886 1
7887 0
7888 4
7889 0
7890 1
7891 0
7892 2
7893 0
7894 1
7895 0
7896 3
7897 0
7898 1
7899 0
7900 2
7901 0
7902 1
7903 0
7904 5
7905 0
7906 1
7907 0
7908 2
7909 0
7910 1
7911 0
7912 3
7913 0
7914 1
7915 0
7916 2
7917 0
7918 1
7919 0
7920 4
7921 0
7922 1
7923 0
7924 2
7925 0
7926 1
7927 0
7928 3
7929 0
7930 1
7931 0
7932 2
7933 0
7934 1
7935 0
7936 8
7937 0
7938 1
7939 0
7940 2
7941 0
7942 1
7943 0
7944 3
7945 0
7946 1
7947 0
7948 2
7949 0
7950 1
7951 0
7952 4
7953 0
7954 1
7955 0
7956 2
7957 0
7958 1
7959 0
7960 3
7961 0
7962 1
7963 0
7964 2
7965 0
7966 1
7967 0
7968 5
7969 0
7970 1
7971 0
7972 2
7973 0
7974 1
7975 0
7976 3
7977 0
7978 1
7979 0
7980 2
7981 0
7982 1
7983 0
7984 4
7985 0
7986 1
7987 0
7988 2
7989 0
7990 1
7991 0
7992 3
7993 0
7994 1
7995 0
7996 2
7997 0
7998 1
7999 0
8000 6
8001 0
8002 1
8003 0
8004 2
8005 0
8006 1
8007 0
8008 3
8009 0
8010 1
8011 0
8012 2
8013 0
8014 1
8015 0
8016 4
8017 0
8018 1
8019 0
8020 2
8021 0
8022 1
8023 0
8024 3
8025 0
8026 1
8027 0
8028 2
8029 0
8030 1
8031 0
8032 5
8033 0
8034 1
8035 0
8036 2
8037 0
8038 1
8039 0
8040 3
8041 0
8042 1
8043 0
8044 2
8045 0
8046 1
8047 0
8048 4
8049 0
8050 1
8051 0
8052 2
8053 0
8054 1
8055 0
8056 3
8057 0
8058 1
8059 0
8060 2
8061 0
8062 1
8063 0
8064 7
8065 0
8066 1
8067 0
8068 2
8069 0
8070 1
8071 0
8072 3
8073 0
8074 1
8075 0
8076 2
8077 0
8078 1
8079 0
8080 4
8081 0
8082 1
8083 0
8084 2
8085 0
8086 1
8087 0
8088 3
8089 0
8090 1
8091 0
8092 2
8093 0
8094 1
8095 0
8096 5
8097 0
8098 1
8099 0
8100 2
8101 0
8102 1
8103 0
8104 3
8105 0
8106 1
8107 0
8108 2
8109 0
8110 1
8111 0
8112 4
8113 0
8114 1
8115 0
8116 2
8117 0
8118 1
8119 0
8120 3
8121 0
8122 1
8123 0
8124 2
8125 0
8126 1
8127 0
8128 6
8129 0
8130 1
8131 0
8132 2
8133 0
8134 1
8135 0
8136 3
8137 0
8138 1
8139 0
8140 2
8141 0
8142 1
8143 0
8144 4
8145 0
8146 1
8147 0
8148 2
8149 0
8150 1
8151 0
8152 3
8153 0
8154 1
8155 0
8156 2
8157 0
8158 1
8159 0
8160 5
8161 0
8162 1
8163 0
8164 2
8165 0
8166 1
8167 0
8168 3
8169 0
8170 1
8171 0
8172 2
8173 0
8174 1
8175 0
8176 4
8177 0
8178 1
8179 0
8180 2
8181 0
8182 1
8183 0
8184 3
8185 0
8186 1
8187 0
8188 2
8189 0
8190 1
8191 0
8192 13
8193 0
8194 1
8195 0
8196 2
8197 0
8198 1
8199 0
8200 3
8201 0
8202 1
8203 0
8204 2
8205 0
8206 1
8207 0
8208 4
8209 0
8210 1
8211 0
8212 2
8213 0
8214 1
8215 0
8216 3
8217 0
8218 1
8219 0
8220 2
8221 0
8222 1
8223 0
8224 5
8225 0
8226 1
8227 0
8228 2
8229 0
8230 1
8231 0
8232 3
8233 0
8234 1
8235 0
8236 2
8237 0
8238 1
8239 0
8240 4
8241 0
8242 1
8243 0
8244 2
8245 0
8246 1
8247 0
8248 3
8249 0
8250 1
8251 0
8252 2
8253 0
8254 1
8255 0
8256 6
8257 0
8258 1
8259 0
8260 2
8261 0
8262 1
8263 0
8264 3
8265 0
8266 1
8267 0
8268 2
8269 0
8270 1
8271 0
8272 4
8273 0
8274 1
8275 0
8276 2
8277 0
8278 1
8279 0
8280 3
8281 0
8282 1
8283 0
8284 2
8285 0
8286 1
8287 0
8288 5
8289 0
8290 1
8291 0
8292 2
8293 0
8294 1
8295 0
8296 3
8297 0
8298 1
8299 0
8300 2
8301 0
8302 1
8303 0
8304 4
8305 0
8306 1
8307 0
8308 2
8309 0
8310 1
8311 0
8312 3
8313 0
8314 1
8315 0
8316 2
8317 0
8318 1
8319 0
8320 7
8321 0
8322 1
8323 0
8324 2
8325 0
8326 1
8327 0
8328 3
8329 0
8330 1
8331 0
8332 2
8333 0
8334 1
8335 0
8336 4
8337 0
8338 1
8339 0
8340 2
8341 0
8342 1
8343 0
8344 3
8345 0
8346 1
8347 0
8348 2
8349 0
8350 1
8351 0
8352 5
8353 0
8354 1
8355 0
8356 2
8357 0
8358 1
8359 0
8360 3
8361 0
8362 1
8363 0
8364 2
8365 0
8366 1
8367 0
8368 4
8369 0
8370 1
8371 0
8372 2
8373 0
8374 1
8375 0
8376 3
8377 0
8378 1
8379 0
8380 2
8381 0
8382 1
8383 0
8384 6
8385 0
8386 1
8387 0
8388 2
8389 0
8390 1
8391 0
8392 3
8393 0
8394 1
8395 0
8396 2
8397 0
8398 1
8399 0
8400 4
8401 0
8402 1
8403 0
8404 2
8405 0
8406 1
8407 0
8408 3
8409 0
8410 1
8411 0
8412 2
8413 0
8414 1
8415 0
8416 5
8417 0
8418 1
8419 0
8420 2
8421 0
8422 1
8423 0
8424 3
8425 0
8426 1
8427 0
8428 2
8429 0
8430 1
8431 0
8432 4
8433 0
8434 1
8435 0
8436 2
8437 0
8438 1
8439 0
8440 3
8441 0
8442 1
8443 0
8444 2
8445 0
8446 1
8447 0
8448 8
8449 0
8450 1
8451 0
8452 2
8453 0
8454 1
8455 0
8456 3
8457 0
8458 1
8459 0
8460 2
8461 0
8462 1
8463 0
8464 4
8465 0
8466 1
8467 0
8468 2
8469 0
8470 1
8471 0
8472 3
8473 0
8474 1
8475 0
8476 2
8477 0
8478 1
8479 0
8480 5
8481 0
8482 1
8483 0
8484 2
8485 0
8486 1
8487 0
8488 3
8489 0
8490 1
8491 0
8492 2
8493 0
8494 1
8495 0
8496 4
8497 0
8498 1
8499 0
8500 2
8501 0
8502 1
8503 0
8504 3
8505 0
8506 1
8507 0
8508 2
8509 0
8510 1
8511 0
8512 6
8513 0
8514 1
8515 0
8516 2
8517 0
8518 1
8519 0
8520 3
8521 0
8522 1
8523 0
8524 2
8525 0
8526 1
8527 0
8528 4
8529 0
8530 1
8531 0
8532 2
8533 0
8534 1
8535 0
8536 3
8537 0
8538 1
8539 0
8540 2
8541 0
8542 1
8543 0
8544 5
8545 0
8546 1
8547 0
8548 2
8549 0
8550 1
8551 0
8552 3
8553 0
8554 1
8555 0
8556 2
8557 0
8558 1
8559 0
8560 4
8561 0
8562 1
8563 0
8564 2
8565 0
8566 1
8567 0
8568 3
8569 0
8570 1
8571 0
8572 2
8573 0
8574 1
8575 0
8576 7
8577 0
8578 1
8579 0
8580 2
8581 0
8582 1
8583 0
8584 3
8585 0
8586 1
8587 0
8588 2
8589 0
8590 1
8591 0
8592 4
8593 0
8594 1
8595 0
8596 2
8597 0
8598 1
8599 0
8600 3
8601 0
8602 1
8603 0
8604 2
8605 0
8606 1
8607 0
8608 5
8609 0
8610 1
8611 0
8612 2
8613 0
8614 1
8615 0
8616 3
8617 0
8618 1
8619 0
8620 2
8621 0
8622 1
8623 0
8624 4
8625 0
8626 1
8627 0
8628 2
8629 0
8630 1
8631 0
8632 3
8633 0
8634 1
8635 0
8636 2
8637 0
8638 1
8639 0
8640 6
8641 0
8642 1
8643 0
8644 2
8645 0
8646 1
8647 0
8648 3
8649 0
8650 1
8651 0
8652 2
8653 0
8654 1
8655 0
8656 4
8657 0
8658 1
8659 0
8660 2
8661 0
8662 1
8663 0
8664 3
8665 0
8666 1
8667 0
8668 2
8669 0
8670 1
8671 0
8672 5
8673 0
8674 1
8675 0
8676 2
8677 0
8678 1
8679 0
8680 3
8681 0
8682 1
8683 0
8684 2
8685 0
8686 1
8687 0
8688 4
8689 0
8690 1
8691 0
8692 2
8693 0
8694 1
8695 0
8696 3
8697 0
8698 1
8699 0
8700 2
8701 0
8702 1
8703 0
8704 9
8705 0
8706 1
8707 0
8708 2
8709 0
8710 1
8711 0
8712 3
8713 0
8714 1
8715 0
8716 2
8717 0
8718 1
8719 0
8720 4
8721 0
8722 1
8723 0
8724 2
8725 0
8726 1
8727 0
8728 3
8729 0
8730 1
8731 0
8732 2
8733 0
8734 1
8735 0
8736 5
8737 0
8738 1
8739 0
8740 2
8741 0
8742 1
8743 0
8744 3
8745 0
8746 1
8747 0
8748 2
8749 0
8750 1
8751 0
8752 4
8753 0
8754 1
8755 0
8756 2
8757 0
8758 1
8759 0
8760 3
8761 0
8762 1
8763 0
8764 2
8765 0
8766 1
8767 0
8768 6
8769 0
8770 1
8771 0
8772 2
8773 0
8774 1
8775 0
8776 3
8777 0
8778 1
8779 0
8780 2
8781 0
8782 1
8783 0
8784 4
8785 0
8786 1
8787 0
8788 2
8789 0
8790 1
8791 0
8792 3
8793 0
8794 1
8795 0
8796 2
8797 0
8798 1
8799 0
8800 5
8801 0
8802 1
8803 0
8804 2
8805 0
8806 1
8807 0
8808 3
8809 0
8810 1
8811 0
8812 2
8813 0
8814 1
8815 0
8816 4
8817 0
8818 1
8819 0
8820 2
8821 0
8822 1
8823 0
8824 3
8825 0
8826 1
8827 0
8828 2
8829 0
8830 1
8831 0
8832 7
8833 0
8834 1
8835 0
8836 2
8837 0
8838 1
8839 0
8840 3
8841 0
8842 1
8843 0
8844 2
8845 0
8846 1
8847 0
8848 4
8849 0
8850 1
8851 0
8852 2
8853 0
8854 1
8855 0
8856 3
8857 0
8858 1
8859 0
8860 2
8861 0
8862 1
8863 0
8864 5
8865 0
8866 1
8867 0
8868 2
8869 0
8870 1
8871 0
8872 3
8873 0
8874 1
8875 0
8876 2
8877 0
8878 1
8879 0
8880 4
8881 0
8882 1
8883 0
8884 2
8885 0
8886 1
8887 0
8888 3
8889 0
8890 1
8891 0
8892 2
8893 0
8894 1
8895 0
8896 6
8897 0
8898 1
8899 0
8900 2
8901 0
8902 1
8903 0
8904 3
8905 0
8906 1
8907 0
8908 2
8909 0
8910 1
8911 0
8912 4
8913 0
8914 1
8915 0
8916 2
8917 0
8918 1
8919 0
8920 3
8921 0
8922 1
8923 0
8924 2
8925 0
8926 1
8927 0
8928 5
8929 0
8930 1
8931 0
8932 2
8933 0
8934 1
8935 0
8936 3
8937 0
8938 1
8939 0
8940 2
8941 0
8942 1
8943 0
8944 4
8945 0
8946 1
8947 0
8948 2
8949 0
8950 1
8951 0
8952 3
8953 0
8954 1
8955 0
8956 2
8957 0
8958 1
8959 0
8960 8
8961 0
8962 1
8963 0
8964 2
8965 0
8966 1
8967 0
8968 3
8969 0
8970 1
8971 0
8972 2
8973 0
8974 1
8975 0
8976 4
8977 0
8978 1
8979 0
8980 2
8981 0
8982 1
8983 0
8984 3
8985 0
8986 1
8987 0
8988 2
8989 0
8990 1
8991 0
8992 5
8993 0
8994 1
8995 0
8996 2
8997 0
8998 1
8999 0
9000 3
9001 0
9002 1
9003 0
9004 2
9005 0
9006 1
9007 0
9008 4
9009 0
9010 1
9011 0
9012 2
9013 0
9014 1
9015 0
9016 3
9017 0
9018 1
9019 0
9020 2
9021 0
9022 1
9023 0
9024 6
9025 0
9026 1
9027 0
9028 2
9029 0
9030 1
9031 0
9032 3
9033 0
9034 1
9035 0
9036 2
9037 0
9038 1
9039 0
9040 4
9041 0
9042 1
9043 0
9044 2
9045 0
9046 1
9047 0
9048 3
9049 0
9050 1
9051 0
9052 2
9053 0
9054 1
9055 0
9056 5
9057 0
9058 1
9059 0
9060 2
9061 0
9062 1
9063 0
9064 3
9065 0
9066 1
9067 0
9068 2
9069 0
9070 1
9071 0
9072 4
9073 0
9074 1
9075 0
9076 2
9077 0
9078 1
9079 0
9080 3
9081 0
9082 1
9083 0
9084 2
9085 0
9086 1
9087 0
9088 7
9089 0
9090 1
9091 0
9092 2
9093 0
9094 1
9095 0
9096 3
9097 0
9098 1
9099 0
9100 2
9101 0
9102 1
9103 0
9104 4
9105 0
9106 1
9107 0
9108 2
9109 0
9110 1
9111 0
9112 3
9113 0
9114 1
9115 0
9116 2
9117 0
9118 1
9119 0
9120 5
9121 0
9122 1
9123 0
9124 2
9125 0
9126 1
9127 0
9128 3
9129 0
9130 1
9131 0
9132 2
9133 0
9134 1
9135 0
9136 4
9137 0
9138 1
9139 0
9140 2
9141 0
9142 1
9143 0
9144 3
9145 0
9146 1
9147 0
9148 2
9149 0
9150 1
9151 0
9152 6
9153 0
9154 1
9155 0
9156 2
9157 0
9158 1
9159 0
9160 3
9161 0
9162 1
9163 0
9164 2
9165 0
9166 1
9167 0
9168 4
9169 0
9170 1
9171 0
9172 2
9173 0
9174 1
9175 0
9176 3
9177 0
9178 1
9179 0
9180 2
9181 0
9182 1
9183 0
9184 5
9185 0
9186 1
9187 0
9188 2
9189 0
9190 1
9191 0
9192 3
9193 0
9194 1
9195 0
9196 2
9197 0
9198 1
9199 0
9200 4
9201 0
9202 1
9203 0
9204 2
9205 0
9206 1
9207 0
9208 3
9209 0
9210 1
9211 0
9212 2
9213 0
9214 1
9215 0
9216 10
9217 0
9218 1
9219 0
9220 2
9221 0
9222 1
9223 0
9224 3
9225 0
9226 1
9227 0
9228 2
9229 0
9230 1
9231 0
9232 4
9233 0
9234 1
9235 0
9236 2
9237 0
9238 1
9239 0
9240 3
9241 0
9242 1
9243 0
9244 2
9245 0
9246 1
9247 0
9248 5
9249 0
9250 1
9251 0
9252 2
9253 0
9254 1
9255 0
9256 3
9257 0
9258 1
9259 0
9260 2
9261 0
9262 1
9263 0
9264 4
9265 0
9266 1
9267 0
9268 2
9269 0
9270 1
9271 0
9272 3
9273 0
9274 1
9275 0
9276 2
9277 0
9278 1
9279 0
9280 6
9281 0
9282 1
9283 0
9284 2
9285 0
9286 1
9287 0
9288 3
9289 0
9290 1
9291 0
9292 2
9293 0
9294 1
9295 0
9296 4
9297 0
9298 1
9299 0
9300 2
9301 0
9302 1
9303 0
9304 3
9305 0
9306 1
9307 0
9308 2
9309 0
9310 1
9311 0
9312 5
9313 0
9314 1
9315 0
9316 2
9317 0
9318 1
9319 0
9320 3
9321 0
9322 1
9323 0
9324 2
9325 0
9326 1
9327 0
9328 4
9329 0
9330 1
9331 0
9332 2
9333 0
9334 1
9335 0
9336 3
9337 0
9338 1
9339 0
9340 2
9341 0
9342 1
9343 0
9344 7
9345 0
9346 1
9347 0
9348 2
9349 0
9350 1
9351 0
9352 3
9353 0
9354 1
9355 0
9356 2
9357 0
9358 1
9359 0
9360 4
9361 0
9362 1
9363 0
9364 2
9365 0
9366 1
9367 0
9368 3
9369 0
9370 1
9371 0
9372 2
9373 0
9374 1
9375 0
9376 5
9377 0
9378 1
9379 0
9380 2
9381 0
9382 1
9383 0
9384 3
9385 0
9386 1
9387 0
9388 2
9389 0
9390 1
9391 0
9392 4
9393 0
9394 1
9395 0
9396 2
9397 0
9398 1
9399 0
9400 3
9401 0
9402 1
9403 0
9404 2
9405 0
9406 1
9407 0
9408 6
9409 0
9410 1
9411 0
9412 2
9413 0
9414 1
9415 0
9416 3
9417 0
9418 1
9419 0
9420 2
9421 0
9422 1
9423 0
9424 4
9425 0
9426 1
9427 0
9428 2
9429 0
9430 1
9431 0
9432 3
9433 0
9434 1
9435 0
9436 2
9437 0
9438 1
9439 0
9440 5
9441 0
9442 1
9443 0
9444 2
9445 0
9446 1
9447 0
9448 3
9449 0
9450 1
9451 0
9452 2
9453 0
9454 1
9455 0
9456 4
9457 0
9458 1
9459 0
9460 2
9461 0
9462 1
9463 0
9464 3
9465 0
9466 1
9467 0
9468 2
9469 0
9470 1
9471 0
9472 8
9473 0
9474 1
9475 0
9476 2
9477 0
9478 1
9479 0
9480 3
9481 0
9482 1
9483 0
9484 2
9485 0
9486 1
9487 0
9488 4
9489 0
9490 1
9491 0
9492 2
9493 0
9494 1
9495 0
9496 3
9497 0
9498 1
9499 0
9500 2
9501 0
9502 1
9503 0
9504 5
9505 0
9506 1
9507 0
9508 2
9509 0
9510 1
9511 0
9512 3
9513 0
9514 1
9515 0
9516 2
9517 0
9518 1
9519 0
9520 4
9521 0
9522 1
9523 0
9524 2
9525 0
9526 1
9527 0
9528 3
9529 0
9530 1
9531 0
9532 2
9533 0
9534 1
9535 0
9536 6
9537 0
9538 1
9539 0
9540 2
9541 0
9542 1
9543 0
9544 3
9545 0
9546 1
9547 0
9548 2
9549 0
9550 1
9551 0
9552 4
9553 0
9554 1
9555 0
9556 2
9557 0
9558 1
9559 0
9560 3
9561 0
9562 1
9563 0
9564 2
9565 0
9566 1
9567 0
9568 5
9569 0
9570 1
9571 0
9572 2
9573 0
9574 1
9575 0
9576 3
9577 0
9578 1
9579 0
9580 2
9581 0
9582 1
9583 0
9584 4
9585 0
9586 1
9587 0
9588 2
9589 0
9590 1
9591 0
9592 3
9593 0
9594 1
9595 0
9596 2
9597 0
9598 1
9599 0
9600 7
9601 0
9602 1
9603 0
9604 2
9605 0
9606 1
9607 0
9608 3
9609 0
9610 1
9611 0
9612 2
9613 0
9614 1
9615 0
9616 4
9617 0
9618 1
9619 0
9620 2
9621 0
9622 1
9623 0
9624 3
9625 0
9626 1
9627 0
9628 2
9629 0
9630 1
9631 0
9632 5
9633 0
9634 1
9635 0
9636 2
9637 0
9638 1
9639 0
9640 3
9641 0
9642 1
9643 0
9644 2
9645 0
9646 1
9647 0
9648 4
9649 0
9650 1
9651 0
9652 2
9653 0
9654 1
9655 0
9656 3
9657 0
9658 1
9659 0
9660 2
9661 0
9662 1
9663 0
9664 6
9665 0
9666 1
9667 0
9668 2
9669 0
9670 1
9671 0
9672 3
9673 0
9674 1
9675 0
9676 2
9677 0
9678 1
9679 0
9680 4
9681 0
9682 1
9683 0
9684 2
9685 0
9686 1
9687 0
9688 3
9689 0
9690 1
9691 0
9692 2
9693 0
9694 1
9695 0
9696 5
9697 0
9698 1
9699 0
9700 2
9701 0
9702 1
9703 0
9704 3
9705 0
9706 1
9707 0
9708 2
9709 0
9710 1
9711 0
9712 4
9713 0
9714 1
9715 0
9716 2
9717 0
9718 1
9719 0
9720 3
9721 0
9722 1
9723 0
9724 2
9725 0
9726 1
9727 0
9728 9
9729 0
9730 1
9731 0
9732 2
9733 0
9734 1
9735 0
9736 3
9737 0
9738 1
9739 0
9740 2
9741 0
9742 1
9743 0
9744 4
9745 0
9746 1
9747 0
9748 2
9749 0
9750 1
9751 0
9752 3
9753 0
9754 1
9755 0
9756 2
9757 0
9758 1
9759 0
9760 5
9761 0
9762 1
9763 0
9764 2
9765 0
9766 1
9767 0
9768 3
9769 0
9770 1
9771 0
9772 2
9773 0
9774 1
9775 0
9776 4
9777 0
9778 1
9779 0
9780 2
9781 0
9782 1
9783 0
9784 3
9785 0
9786 1
9787 0
9788 2
9789 0
9790 1
9791 0
9792 6
9793 0
9794 1
9795 0
9796 2
9797 0
9798 1
9799 0
9800 3
9801 0
9802 1
9803 0
9804 2
9805 0
9806 1
9807 0
9808 4
9809 0
9810 1
9811 0
9812 2
9813 0
9814 1
9815 0
9816 3
9817 0
9818 1
9819 0
9820 2
9821 0
9822 1
9823 0
9824 5
9825 0
9826 1
9827 0
9828 2
9829 0
9830 1
9831 0
9832 3
9833 0
9834 1
9835 0
9836 2
9837 0
9838 1
9839 0
9840 4
9841 0
9842 1
9843 0
9844 2
9845 0
9846 1
9847 0
9848 3
9849 0
9850 1
9851 0
9852 2
9853 0
9854 1
9855 0
9856 7
9857 0
9858 1
9859 0
9860 2
9861 0
9862 1
9863 0
9864 3
9865 0
9866 1
9867 0
9868 2
9869 0
9870 1
9871 0
9872 4
9873 0
9874 1
9875 0
9876 2
9877 0
9878 1
9879 0
9880 3
9881 0
9882 1
9883 0
9884 2
9885 0
9886 1
9887 0
9888 5
9889 0
9890 1
9891 0
9892 2
9893 0
9894 1
9895 0
9896 3
9897 0
9898 1
9899 0
9900 2
9901 0
9902 1
9903 0
9904 4
9905 0
9906 1
9907 0
9908 2
9909 0
9910 1
9911 0
9912 3
9913 0
9914 1
9915 0
9916 2
9917 0
9918 1
9919 0
9920 6
9921 0
9922 1
9923 0
9924 2
9925 0
9926 1
9927 0
9928 3
9929 0
9930 1
9931 0
9932 2
9933 0
9934 1
9935 0
9936 4
9937 0
9938 1
9939 0
9940 2
9941 0
9942 1
9943 0
9944 3
9945 0
9946 1
9947 0
9948 2
9949 0
9950 1
9951 0
9952 5
9953 0
9954 1
9955 0
9956 2
9957 0
9958 1
9959 0
9960 3
9961 0
9962 1
9963 0
9964 2
9965 0
9966 1
9967 0
9968 4
9969 0
9970 1
9971 0
9972 2
9973 0
9974 1
9975 0
9976 3
9977 0
9978 1
9979 0
9980 2
9981 0
9982 1
9983 0
9984 8
9985 0
9986 1
9987 0
9988 2
9989 0
9990 1
9991 0
9992 3
9993 0
9994 1
9995 0
9996 2
9997 0
9998 1
9999 0
10000 4







