0 0
1 -1
2 1
3 -2
4 -1
5 1
6 2
7 -3
8 -1
9 1
10 3
11 -4
12 -3
13 -2
14 -1
15 1
16 2
17 3
18 4
19 -5
20 -1
21 1
22 5
23 -6
24 -5
25 -4
26 -3
27 -2
28 -1
29 1
30 2
31 3
32 4
33 5
34 6
35 -7
36 -5
37 -3
38 -1
39 1
40 3
41 5
42 7
43 -8
44 -7
45 -5
46 -4
47 -2
48 -1
49 1
50 2
51 4
52 5
53 7
54 8
55 -9
56 -7
57 -3
58 -1
59 1
60 3
61 7
62 9
63 -10
64 -9
65 -8
66 -7
67 -6
68 -5
69 -4
70 -3
71 -2
72 -1
73 1
74 2
75 3
76 4
77 5
78 6
79 7
80 8
81 9
82 10
83 -11
84 -7
85 -5
86 -1
87 1
88 5
89 7
90 11
91 -12
92 -11
93 -10
94 -9
95 -8
96 -7
97 -6
98 -5
99 -4
100 -3
101 -2
102 -1
103 1
104 2
105 3
106 4
107 5
108 6
109 7
110 8
111 9
112 10
113 11
114 12
115 -13
116 -11
117 -9
118 -5
119 -3
120 -1
121 1
122 3
123 5
124 9
125 11
126 13
127 -14
128 -13
129 -11
130 -8
131 -7
132 -4
133 -2
134 -1
135 1
136 2
137 4
138 7
139 8
140 11
141 13
142 14
143 -15
144 -13
145 -11
146 -9
147 -7
148 -5
149 -3
150 -1
151 1
152 3
153 5
154 7
155 9
156 11
157 13
158 15
159 -16
160 -15
161 -14
162 -13
163 -12
164 -11
165 -10
166 -9
167 -8
168 -7
169 -6
170 -5
171 -4
172 -3
173 -2
174 -1
175 1
176 2
177 3
178 4
179 5
180 6
181 7
182 8
183 9
184 10
185 11
186 12
187 13
188 14
189 15
190 16
191 -17
192 -13
193 -11
194 -7
195 -5
196 -1
197 1
198 5
199 7
200 11
201 13
202 17
203 -18
204 -17
205 -16
206 -15
207 -14
208 -13
209 -12
210 -11
211 -10
212 -9
213 -8
214 -7
215 -6
216 -5
217 -4
218 -3
219 -2
220 -1
221 1
222 2
223 3
224 4
225 5
226 6
227 7
228 8
229 9
230 10
231 11
232 12
233 13
234 14
235 15
236 16
237 17
238 18
239 -19
240 -17
241 -13
242 -11
243 -9
244 -7
245 -3
246 -1
247 1
248 3
249 7
250 9
251 11
252 13
253 17
254 19
255 -20
256 -19
257 -17
258 -16
259 -13
260 -11
261 -10
262 -8
263 -5
264 -4
265 -2
266 -1
267 1
268 2
269 4
270 5
271 8
272 10
273 11
274 13
275 16
276 17
277 19
278 20
279 -21
280 -19
281 -17
282 -15
283 -13
284 -9
285 -7
286 -5
287 -3
288 -1
289 1
290 3
291 5
292 7
293 9
294 13
295 15
296 17
297 19
298 21
299 -22
300 -21
301 -20
302 -19
303 -18
304 -17
305 -16
306 -15
307 -14
308 -13
309 -12
310 -11
311 -10
312 -9
313 -8
314 -7
315 -6
316 -5
317 -4
318 -3
319 -2
320 -1
321 1
322 2
323 3
324 4
325 5
326 6
327 7
328 8
329 9
330 10
331 11
332 12
333 13
334 14
335 15
336 16
337 17
338 18
339 19
340 20
341 21
342 22
343 -23
344 -19
345 -17
346 -13
347 -11
348 -7
349 -5
350 -1
351 1
352 5
353 7
354 11
355 13
356 17
357 19
358 23
359 -24
360 -23
361 -22
362 -21
363 -19
364 -18
365 -17
366 -16
367 -14
368 -13
369 -12
370 -11
371 -9
372 -8
373 -7
374 -6
375 -4
376 -3
377 -2
378 -1
379 1
380 2
381 3
382 4
383 6
384 7
385 8
386 9
387 11
388 12
389 13
390 14
391 16
392 17
393 18
394 19
395 21
396 22
397 23
398 24
399 -25
400 -23
401 -21
402 -19
403 -17
404 -15
405 -11
406 -9
407 -7
408 -5
409 -3
410 -1
411 1
412 3
413 5
414 7
415 9
416 11
417 15
418 17
419 19
420 21
421 23
422 25
423 -26
424 -25
425 -23
426 -22
427 -20
428 -19
429 -17
430 -16
431 -14
432 -13
433 -11
434 -10
435 -8
436 -7
437 -5
438 -4
439 -2
440 -1
441 1
442 2
443 4
444 5
445 7
446 8
447 10
448 11
449 13
450 14
451 16
452 17
453 19
454 20
455 22
456 23
457 25
458 26
459 -27
460 -25
461 -23
462 -19
463 -17
464 -15
465 -13
466 -11
467 -9
468 -5
469 -3
470 -1
471 1
472 3
473 5
474 9
475 11
476 13
477 15
478 17
479 19
480 23
481 25
482 27
483 -28
484 -27
485 -26
486 -25
487 -24
488 -23
489 -22
490 -21
491 -20
492 -19
493 -18
494 -17
495 -16
496 -15
497 -14
498 -13
499 -12
500 -11
501 -10
502 -9
503 -8
504 -7
505 -6
506 -5
507 -4
508 -3
509 -2
510 -1
511 1
512 2
513 3
514 4
515 5
516 6
517 7
518 8
519 9
520 10
521 11
522 12
523 13
524 14
525 15
526 16
527 17
528 18
529 19
530 20
531 21
532 22
533 23
534 24
535 25
536 26
537 27
538 28
539 -29
540 -23
541 -19
542 -17
543 -13
544 -11
545 -7
546 -1
547 1
548 7
549 11
550 13
551 17
552 19
553 23
554 29
555 -30
556 -29
557 -28
558 -27
559 -26
560 -25
561 -24
562 -23
563 -22
564 -21
565 -20
566 -19
567 -18
568 -17
569 -16
570 -15
571 -14
572 -13
573 -12
574 -11
575 -10
576 -9
577 -8
578 -7
579 -6
580 -5
581 -4
582 -3
583 -2
584 -1
585 1
586 2
587 3
588 4
589 5
590 6
591 7
592 8
593 9
594 10
595 11
596 12
597 13
598 14
599 15
600 16
601 17
602 18
603 19
604 20
605 21
606 22
607 23
608 24
609 25
610 26
611 27
612 28
613 29
614 30
615 -31
616 -29
617 -27
618 -25
619 -23
620 -21
621 -19
622 -17
623 -15
624 -13
625 -11
626 -9
627 -7
628 -5
629 -3
630 -1
631 1
632 3
633 5
634 7
635 9
636 11
637 13
638 15
639 17
640 19
641 21
642 23
643 25
644 27
645 29
646 31
647 -32
648 -31
649 -29
650 -28
651 -26
652 -25
653 -23
654 -20
655 -19
656 -17
657 -16
658 -14
659 -13
660 -10
661 -8
662 -7
663 -5
664 -4
665 -2
666 -1
667 1
668 2
669 4
670 5
671 7
672 8
673 10
674 13
675 14
676 16
677 17
678 19
679 20
680 23
681 25
682 26
683 28
684 29
685 31
686 32
687 -33
688 -31
689 -29
690 -27
691 -25
692 -23
693 -21
694 -19
695 -15
696 -13
697 -11
698 -9
699 -7
700 -5
701 -3
702 -1
703 1
704 3
705 5
706 7
707 9
708 11
709 13
710 15
711 19
712 21
713 23
714 25
715 27
716 29
717 31
718 33
719 -34
720 -33
721 -32
722 -31
723 -29
724 -27
725 -26
726 -24
727 -23
728 -22
729 -19
730 -18
731 -17
732 -16
733 -13
734 -12
735 -11
736 -9
737 -8
738 -6
739 -4
740 -3
741 -2
742 -1
743 1
744 2
745 3
746 4
747 6
748 8
749 9
750 11
751 12
752 13
753 16
754 17
755 18
756 19
757 22
758 23
759 24
760 26
761 27
762 29
763 31
764 32
765 33
766 34
767 -35
768 -31
769 -29
770 -25
771 -23
772 -19
773 -17
774 -13
775 -11
776 -7
777 -5
778 -1
779 1
780 5
781 7
782 11
783 13
784 17
785 19
786 23
787 25
788 29
789 31
790 35
791 -36
792 -35
793 -34
794 -33
795 -32
796 -31
797 -30
798 -29
799 -28
800 -27
801 -26
802 -25
803 -24
804 -23
805 -22
806 -21
807 -20
808 -19
809 -18
810 -17
811 -16
812 -15
813 -14
814 -13
815 -12
816 -11
817 -10
818 -9
819 -8
820 -7
821 -6
822 -5
823 -4
824 -3
825 -2
826 -1
827 1
828 2
829 3
830 4
831 5
832 6
833 7
834 8
835 9
836 10
837 11
838 12
839 13
840 14
841 15
842 16
843 17
844 18
845 19
846 20
847 21
848 22
849 23
850 24
851 25
852 26
853 27
854 28
855 29
856 30
857 31
858 32
859 33
860 34
861 35
862 36
863 -37
864 -35
865 -33
866 -31
867 -29
868 -27
869 -25
870 -23
871 -21
872 -17
873 -15
874 -13
875 -11
876 -9
877 -7
878 -5
879 -3
880 -1
881 1
882 3
883 5
884 7
885 9
886 11
887 13
888 15
889 17
890 21
891 23
892 25
893 27
894 29
895 31
896 33
897 35
898 37
899 -38
900 -37
901 -35
902 -34
903 -32
904 -31
905 -29
906 -28
907 -25
908 -23
909 -22
910 -20
911 -19
912 -17
913 -16
914 -14
915 -11
916 -10
917 -8
918 -7
919 -5
920 -4
921 -2
922 -1
923 1
924 2
925 4
926 5
927 7
928 8
929 10
930 11
931 14
932 16
933 17
934 19
935 20
936 22
937 23
938 25
939 28
940 29
941 31
942 32
943 34
944 35
945 37
946 38
947 -39
948 -37
949 -33
950 -31
951 -29
952 -27
953 -23
954 -21
955 -19
956 -17
957 -13
958 -11
959 -9
960 -7
961 -3
962 -1
963 1
964 3
965 7
966 9
967 11
968 13
969 17
970 19
971 21
972 23
973 27
974 29
975 31
976 33
977 37
978 39
979 -40
980 -39
981 -38
982 -37
983 -36
984 -35
985 -34
986 -33
987 -32
988 -31
989 -30
990 -29
991 -28
992 -27
993 -26
994 -25
995 -24
996 -23
997 -22
998 -21
999 -20
1000 -19
1001 -18
1002 -17
1003 -16
1004 -15
1005 -14
1006 -13
1007 -12
1008 -11
1009 -10
1010 -9
1011 -8
1012 -7
1013 -6
1014 -5
1015 -4
1016 -3
1017 -2
1018 -1
1019 1
1020 2
1021 3
1022 4
1023 5
1024 6
1025 7
1026 8
1027 9
1028 10
1029 11
1030 12
1031 13
1032 14
1033 15
1034 16
1035 17
1036 18
1037 19
1038 20
1039 21
1040 22
1041 23
1042 24
1043 25
1044 26
1045 27
1046 28
1047 29
1048 30
1049 31
1050 32
1051 33
1052 34
1053 35
1054 36
1055 37
1056 38
1057 39
1058 40
1059 -41
1060 -37
1061 -31
1062 -29
1063 -25
1064 -23
1065 -19
1066 -17
1067 -13
1068 -11
1069 -5
1070 -1
1071 1
1072 5
1073 11
1074 13
1075 17
1076 19
1077 23
1078 25
1079 29
1080 31
1081 37
1082 41
1083 -42
1084 -41
1085 -40
1086 -39
1087 -38
1088 -37
1089 -36
1090 -35
1091 -34
1092 -33
1093 -32
1094 -31
1095 -30
1096 -29
1097 -28
1098 -27
1099 -26
1100 -25
1101 -24
1102 -23
1103 -22
1104 -21
1105 -20
1106 -19
1107 -18
1108 -17
1109 -16
1110 -15
1111 -14
1112 -13
1113 -12
1114 -11
1115 -10
1116 -9
1117 -8
1118 -7
1119 -6
1120 -5
1121 -4
1122 -3
1123 -2
1124 -1
1125 1
1126 2
1127 3
1128 4
1129 5
1130 6
1131 7
1132 8
1133 9
1134 10
1135 11
1136 12
1137 13
1138 14
1139 15
1140 16
1141 17
1142 18
1143 19
1144 20
1145 21
1146 22
1147 23
1148 24
1149 25
1150 26
1151 27
1152 28
1153 29
1154 30
1155 31
1156 32
1157 33
1158 34
1159 35
1160 36
1161 37
1162 38
1163 39
1164 40
1165 41
1166 42
1167 -43
1168 -41
1169 -39
1170 -37
1171 -35
1172 -31
1173 -29
1174 -27
1175 -25
1176 -23
1177 -21
1178 -19
1179 -17
1180 -15
1181 -13
1182 -9
1183 -7
1184 -5
1185 -3
1186 -1
1187 1
1188 3
1189 5
1190 7
1191 9
1192 13
1193 15
1194 17
1195 19
1196 21
1197 23
1198 25
1199 27
1200 29
1201 31
1202 35
1203 37
1204 39
1205 41
1206 43
1207 -44
1208 -43
1209 -41
1210 -38
1211 -37
1212 -34
1213 -32
1214 -31
1215 -29
1216 -28
1217 -26
1218 -23
1219 -22
1220 -19
1221 -17
1222 -16
1223 -14
1224 -13
1225 -11
1226 -8
1227 -7
1228 -4
1229 -2
1230 -1
1231 1
1232 2
1233 4
1234 7
1235 8
1236 11
1237 13
1238 14
1239 16
1240 17
1241 19
1242 22
1243 23
1244 26
1245 28
1246 29
1247 31
1248 32
1249 34
1250 37
1251 38
1252 41
1253 43
1254 44
1255 -45
1256 -43
1257 -41
1258 -39
1259 -37
1260 -35
1261 -33
1262 -31
1263 -29
1264 -27
1265 -25
1266 -21
1267 -19
1268 -17
1269 -15
1270 -13
1271 -11
1272 -9
1273 -7
1274 -5
1275 -3
1276 -1
1277 1
1278 3
1279 5
1280 7
1281 9
1282 11
1283 13
1284 15
1285 17
1286 19
1287 21
1288 25
1289 27
1290 29
1291 31
1292 33
1293 35
1294 37
1295 39
1296 41
1297 43
1298 45
1299 -46
1300 -45
1301 -44
1302 -43
1303 -42
1304 -41
1305 -40
1306 -39
1307 -38
1308 -37
1309 -36
1310 -35
1311 -34
1312 -33
1313 -32
1314 -31
1315 -30
1316 -29
1317 -28
1318 -27
1319 -26
1320 -25
1321 -24
1322 -23
1323 -22
1324 -21
1325 -20
1326 -19
1327 -18
1328 -17
1329 -16
1330 -15
1331 -14
1332 -13
1333 -12
1334 -11
1335 -10
1336 -9
1337 -8
1338 -7
1339 -6
1340 -5
1341 -4
1342 -3
1343 -2
1344 -1
1345 1
1346 2
1347 3
1348 4
1349 5
1350 6
1351 7
1352 8
1353 9
1354 10
1355 11
1356 12
1357 13
1358 14
1359 15
1360 16
1361 17
1362 18
1363 19
1364 20
1365 21
1366 22
1367 23
1368 24
1369 25
1370 26
1371 27
1372 28
1373 29
1374 30
1375 31
1376 32
1377 33
1378 34
1379 35
1380 36
1381 37
1382 38
1383 39
1384 40
1385 41
1386 42
1387 43
1388 44
1389 45
1390 46
1391 -47
1392 -43
1393 -41
1394 -37
1395 -35
1396 -31
1397 -29
1398 -25
1399 -23
1400 -19
1401 -17
1402 -13
1403 -11
1404 -7
1405 -5
1406 -1
1407 1
1408 5
1409 7
1410 11
1411 13
1412 17
1413 19
1414 23
1415 25
1416 29
1417 31
1418 35
1419 37
1420 41
1421 43
1422 47
1423 -48
1424 -47
1425 -46
1426 -45
1427 -44
1428 -43
1429 -41
1430 -40
1431 -39
1432 -38
1433 -37
1434 -36
1435 -34
1436 -33
1437 -32
1438 -31
1439 -30
1440 -29
1441 -27
1442 -26
1443 -25
1444 -24
1445 -23
1446 -22
1447 -20
1448 -19
1449 -18
1450 -17
1451 -16
1452 -15
1453 -13
1454 -12
1455 -11
1456 -10
1457 -9
1458 -8
1459 -6
1460 -5
1461 -4
1462 -3
1463 -2
1464 -1
1465 1
1466 2
1467 3
1468 4
1469 5
1470 6
1471 8
1472 9
1473 10
1474 11
1475 12
1476 13
1477 15
1478 16
1479 17
1480 18
1481 19
1482 20
1483 22
1484 23
1485 24
1486 25
1487 26
1488 27
1489 29
1490 30
1491 31
1492 32
1493 33
1494 34
1495 36
1496 37
1497 38
1498 39
1499 40
1500 41
1501 43
1502 44
1503 45
1504 46
1505 47
1506 48
1507 -49
1508 -47
1509 -43
1510 -41
1511 -39
1512 -37
1513 -33
1514 -31
1515 -29
1516 -27
1517 -23
1518 -21
1519 -19
1520 -17
1521 -13
1522 -11
1523 -9
1524 -7
1525 -3
1526 -1
1527 1
1528 3
1529 7
1530 9
1531 11
1532 13
1533 17
1534 19
1535 21
1536 23
1537 27
1538 29
1539 31
1540 33
1541 37
1542 39
1543 41
1544 43
1545 47
1546 49
1547 -50
1548 -49
1549 -47
1550 -46
1551 -44
1552 -43
1553 -41
1554 -40
1555 -38
1556 -37
1557 -35
1558 -32
1559 -31
1560 -29
1561 -28
1562 -26
1563 -25
1564 -23
1565 -22
1566 -20
1567 -19
1568 -16
1569 -14
1570 -13
1571 -11
1572 -10
1573 -8
1574 -7
1575 -5
1576 -4
1577 -2
1578 -1
1579 1
1580 2
1581 4
1582 5
1583 7
1584 8
1585 10
1586 11
1587 13
1588 14
1589 16
1590 19
1591 20
1592 22
1593 23
1594 25
1595 26
1596 28
1597 29
1598 31
1599 32
1600 35
1601 37
1602 38
1603 40
1604 41
1605 43
1606 44
1607 46
1608 47
1609 49
1610 50
1611 -51
1612 -49
1613 -47
1614 -45
1615 -43
1616 -41
1617 -37
1618 -35
1619 -33
1620 -31
1621 -29
1622 -27
1623 -25
1624 -23
1625 -21
1626 -19
1627 -17
1628 -15
1629 -11
1630 -9
1631 -7
1632 -5
1633 -3
1634 -1
1635 1
1636 3
1637 5
1638 7
1639 9
1640 11
1641 15
1642 17
1643 19
1644 21
1645 23
1646 25
1647 27
1648 29
1649 31
1650 33
1651 35
1652 37
1653 41
1654 43
1655 45
1656 47
1657 49
1658 51
1659 -52
1660 -51
1661 -50
1662 -49
1663 -48
1664 -47
1665 -46
1666 -45
1667 -44
1668 -43
1669 -42
1670 -41
1671 -40
1672 -39
1673 -38
1674 -37
1675 -36
1676 -35
1677 -34
1678 -33
1679 -32
1680 -31
1681 -30
1682 -29
1683 -28
1684 -27
1685 -26
1686 -25
1687 -24
1688 -23
1689 -22
1690 -21
1691 -20
1692 -19
1693 -18
1694 -17
1695 -16
1696 -15
1697 -14
1698 -13
1699 -12
1700 -11
1701 -10
1702 -9
1703 -8
1704 -7
1705 -6
1706 -5
1707 -4
1708 -3
1709 -2
1710 -1
1711 1
1712 2
1713 3
1714 4
1715 5
1716 6
1717 7
1718 8
1719 9
1720 10
1721 11
1722 12
1723 13
1724 14
1725 15
1726 16
1727 17
1728 18
1729 19
1730 20
1731 21
1732 22
1733 23
1734 24
1735 25
1736 26
1737 27
1738 28
1739 29
1740 30
1741 31
1742 32
1743 33
1744 34
1745 35
1746 36
1747 37
1748 38
1749 39
1750 40
1751 41
1752 42
1753 43
1754 44
1755 45
1756 46
1757 47
1758 48
1759 49
1760 50
1761 51
1762 52
1763 -53
1764 -49
1765 -47
1766 -43
1767 -41
1768 -37
1769 -35
1770 -31
1771 -29
1772 -25
1773 -23
1774 -19
1775 -17
1776 -13
1777 -11
1778 -7
1779 -5
1780 -1
1781 1
1782 5
1783 7
1784 11
1785 13
1786 17
1787 19
1788 23
1789 25
1790 29
1791 31
1792 35
1793 37
1794 41
1795 43
1796 47
1797 49
1798 53
1799 -54
1800 -53
1801 -52
1802 -51
1803 -49
1804 -48
1805 -47
1806 -46
1807 -43
1808 -42
1809 -41
1810 -39
1811 -38
1812 -37
1813 -36
1814 -34
1815 -32
1816 -31
1817 -29
1818 -28
1819 -27
1820 -26
1821 -24
1822 -23
1823 -21
1824 -19
1825 -18
1826 -17
1827 -16
1828 -14
1829 -13
1830 -12
1831 -9
1832 -8
1833 -7
1834 -6
1835 -4
1836 -3
1837 -2
1838 -1
1839 1
1840 2
1841 3
1842 4
1843 6
1844 7
1845 8
1846 9
1847 12
1848 13
1849 14
1850 16
1851 17
1852 18
1853 19
1854 21
1855 23
1856 24
1857 26
1858 27
1859 28
1860 29
1861 31
1862 32
1863 34
1864 36
1865 37
1866 38
1867 39
1868 41
1869 42
1870 43
1871 46
1872 47
1873 48
1874 49
1875 51
1876 52
1877 53
1878 54
1879 -55
1880 -53
1881 -51
1882 -47
1883 -45
1884 -43
1885 -41
1886 -39
1887 -37
1888 -33
1889 -31
1890 -29
1891 -27
1892 -25
1893 -23
1894 -19
1895 -17
1896 -15
1897 -13
1898 -11
1899 -9
1900 -5
1901 -3
1902 -1
1903 1
1904 3
1905 5
1906 9
1907 11
1908 13
1909 15
1910 17
1911 19
1912 23
1913 25
1914 27
1915 29
1916 31
1917 33
1918 37
1919 39
1920 41
1921 43
1922 45
1923 47
1924 51
1925 53
1926 55
1927 -56
1928 -55
1929 -53
1930 -52
1931 -50
1932 -49
1933 -47
1934 -46
1935 -44
1936 -43
1937 -41
1938 -40
1939 -37
1940 -35
1941 -34
1942 -32
1943 -31
1944 -29
1945 -28
1946 -26
1947 -25
1948 -23
1949 -22
1950 -20
1951 -17
1952 -16
1953 -14
1954 -13
1955 -11
1956 -10
1957 -8
1958 -7
1959 -5
1960 -4
1961 -2
1962 -1
1963 1
1964 2
1965 4
1966 5
1967 7
1968 8
1969 10
1970 11
1971 13
1972 14
1973 16
1974 17
1975 20
1976 22
1977 23
1978 25
1979 26
1980 28
1981 29
1982 31
1983 32
1984 34
1985 35
1986 37
1987 40
1988 41
1989 43
1990 44
1991 46
1992 47
1993 49
1994 50
1995 52
1996 53
1997 55
1998 56
1999 -57
2000 -55
2001 -53
2002 -51
2003 -49
2004 -47
2005 -45
2006 -43
2007 -41
2008 -39
2009 -37
2010 -35
2011 -33
2012 -31
2013 -27
2014 -25
2015 -23
2016 -21
2017 -19
2018 -17
2019 -15
2020 -13
2021 -11
2022 -9
2023 -7
2024 -5
2025 -3
2026 -1
2027 1
2028 3
2029 5
2030 7
2031 9
2032 11
2033 13
2034 15
2035 17
2036 19
2037 21
2038 23
2039 25
2040 27
2041 31
2042 33
2043 35
2044 37
2045 39
2046 41
2047 43
2048 45
2049 47
2050 49
2051 51
2052 53
2053 55
2054 57
2055 -58
2056 -57
2057 -56
2058 -55
2059 -54
2060 -53
2061 -52
2062 -51
2063 -50
2064 -49
2065 -48
2066 -47
2067 -46
2068 -45
2069 -44
2070 -43
2071 -42
2072 -41
2073 -40
2074 -39
2075 -38
2076 -37
2077 -36
2078 -35
2079 -34
2080 -33
2081 -32
2082 -31
2083 -30
2084 -29
2085 -28
2086 -27
2087 -26
2088 -25
2089 -24
2090 -23
2091 -22
2092 -21
2093 -20
2094 -19
2095 -18
2096 -17
2097 -16
2098 -15
2099 -14
2100 -13
2101 -12
2102 -11
2103 -10
2104 -9
2105 -8
2106 -7
2107 -6
2108 -5
2109 -4
2110 -3
2111 -2
2112 -1
2113 1
2114 2
2115 3
2116 4
2117 5
2118 6
2119 7
2120 8
2121 9
2122 10
2123 11
2124 12
2125 13
2126 14
2127 15
2128 16
2129 17
2130 18
2131 19
2132 20
2133 21
2134 22
2135 23
2136 24
2137 25
2138 26
2139 27
2140 28
2141 29
2142 30
2143 31
2144 32
2145 33
2146 34
2147 35
2148 36
2149 37
2150 38
2151 39
2152 40
2153 41
2154 42
2155 43
2156 44
2157 45
2158 46
2159 47
2160 48
2161 49
2162 50
2163 51
2164 52
2165 53
2166 54
2167 55
2168 56
2169 57
2170 58
2171 -59
2172 -53
2173 -49
2174 -47
2175 -43
2176 -41
2177 -37
2178 -31
2179 -29
2180 -23
2181 -19
2182 -17
2183 -13
2184 -11
2185 -7
2186 -1
2187 1
2188 7
2189 11
2190 13
2191 17
2192 19
2193 23
2194 29
2195 31
2196 37
2197 41
2198 43
2199 47
2200 49
2201 53
2202 59
2203 -60
2204 -59
2205 -58
2206 -57
2207 -56
2208 -55
2209 -54
2210 -53
2211 -52
2212 -51
2213 -50
2214 -49
2215 -48
2216 -47
2217 -46
2218 -45
2219 -44
2220 -43
2221 -42
2222 -41
2223 -40
2224 -39
2225 -38
2226 -37
2227 -36
2228 -35
2229 -34
2230 -33
2231 -32
2232 -31
2233 -30
2234 -29
2235 -28
2236 -27
2237 -26
2238 -25
2239 -24
2240 -23
2241 -22
2242 -21
2243 -20
2244 -19
2245 -18
2246 -17
2247 -16
2248 -15
2249 -14
2250 -13
2251 -12
2252 -11
2253 -10
2254 -9
2255 -8
2256 -7
2257 -6
2258 -5
2259 -4
2260 -3
2261 -2
2262 -1
2263 1
2264 2
2265 3
2266 4
2267 5
2268 6
2269 7
2270 8
2271 9
2272 10
2273 11
2274 12
2275 13
2276 14
2277 15
2278 16
2279 17
2280 18
2281 19
2282 20
2283 21
2284 22
2285 23
2286 24
2287 25
2288 26
2289 27
2290 28
2291 29
2292 30
2293 31
2294 32
2295 33
2296 34
2297 35
2298 36
2299 37
2300 38
2301 39
2302 40
2303 41
2304 42
2305 43
2306 44
2307 45
2308 46
2309 47
2310 48
2311 49
2312 50
2313 51
2314 52
2315 53
2316 54
2317 55
2318 56
2319 57
2320 58
2321 59
2322 60
2323 -61
2324 -59
2325 -57
2326 -55
2327 -53
2328 -51
2329 -49
2330 -47
2331 -45
2332 -43
2333 -41
2334 -39
2335 -37
2336 -35
2337 -33
2338 -29
2339 -27
2340 -25
2341 -23
2342 -21
2343 -19
2344 -17
2345 -15
2346 -13
2347 -11
2348 -9
2349 -7
2350 -5
2351 -3
2352 -1
2353 1
2354 3
2355 5
2356 7
2357 9
2358 11
2359 13
2360 15
2361 17
2362 19
2363 21
2364 23
2365 25
2366 27
2367 29
2368 33
2369 35
2370 37
2371 39
2372 41
2373 43
2374 45
2375 47
2376 49
2377 51
2378 53
2379 55
2380 57
2381 59
2382 61
2383 -62
2384 -61
2385 -59
2386 -58
2387 -55
2388 -53
2389 -52
2390 -50
2391 -47
2392 -46
2393 -44
2394 -43
2395 -41
2396 -40
2397 -38
2398 -37
2399 -34
2400 -32
2401 -31
2402 -29
2403 -26
2404 -25
2405 -23
2406 -22
2407 -20
2408 -19
2409 -17
2410 -16
2411 -13
2412 -11
2413 -10
2414 -8
2415 -5
2416 -4
2417 -2
2418 -1
2419 1
2420 2
2421 4
2422 5
2423 8
2424 10
2425 11
2426 13
2427 16
2428 17
2429 19
2430 20
2431 22
2432 23
2433 25
2434 26
2435 29
2436 31
2437 32
2438 34
2439 37
2440 38
2441 40
2442 41
2443 43
2444 44
2445 46
2446 47
2447 50
2448 52
2449 53
2450 55
2451 58
2452 59
2453 61
2454 62
2455 -63
2456 -61
2457 -59
2458 -57
2459 -55
2460 -53
2461 -51
2462 -49
2463 -47
2464 -45
2465 -43
2466 -41
2467 -39
2468 -37
2469 -35
2470 -33
2471 -31
2472 -29
2473 -27
2474 -25
2475 -23
2476 -21
2477 -19
2478 -17
2479 -15
2480 -13
2481 -11
2482 -9
2483 -7
2484 -5
2485 -3
2486 -1
2487 1
2488 3
2489 5
2490 7
2491 9
2492 11
2493 13
2494 15
2495 17
2496 19
2497 21
2498 23
2499 25
2500 27
2501 29
2502 31
2503 33
2504 35
2505 37
2506 39
2507 41
2508 43
2509 45
2510 47
2511 49
2512 51
2513 53
2514 55
2515 57
2516 59
2517 61
2518 63
2519 -64
2520 -63
2521 -62
2522 -61
2523 -59
2524 -58
2525 -57
2526 -56
2527 -54
2528 -53
2529 -51
2530 -49
2531 -48
2532 -47
2533 -46
2534 -44
2535 -43
2536 -42
2537 -41
2538 -38
2539 -37
2540 -36
2541 -34
2542 -33
2543 -32
2544 -31
2545 -29
2546 -28
2547 -27
2548 -24
2549 -23
2550 -22
2551 -21
2552 -19
2553 -18
2554 -17
2555 -16
2556 -14
2557 -12
2558 -11
2559 -9
2560 -8
2561 -7
2562 -6
2563 -4
2564 -3
2565 -2
2566 -1
2567 1
2568 2
2569 3
2570 4
2571 6
2572 7
2573 8
2574 9
2575 11
2576 12
2577 14
2578 16
2579 17
2580 18
2581 19
2582 21
2583 22
2584 23
2585 24
2586 27
2587 28
2588 29
2589 31
2590 32
2591 33
2592 34
2593 36
2594 37
2595 38
2596 41
2597 42
2598 43
2599 44
2600 46
2601 47
2602 48
2603 49
2604 51
2605 53
2606 54
2607 56
2608 57
2609 58
2610 59
2611 61
2612 62
2613 63
2614 64
2615 -65
2616 -61
2617 -59
2618 -53
2619 -49
2620 -47
2621 -43
2622 -41
2623 -37
2624 -35
2625 -31
2626 -29
2627 -25
2628 -23
2629 -19
2630 -17
2631 -13
2632 -7
2633 -5
2634 -1
2635 1
2636 5
2637 7
2638 13
2639 17
2640 19
2641 23
2642 25
2643 29
2644 31
2645 35
2646 37
2647 41
2648 43
2649 47
2650 49
2651 53
2652 59
2653 61
2654 65
2655 -66
2656 -65
2657 -64
2658 -63
2659 -62
2660 -61
2661 -60
2662 -59
2663 -58
2664 -57
2665 -56
2666 -55
2667 -54
2668 -53
2669 -52
2670 -51
2671 -50
2672 -49
2673 -48
2674 -47
2675 -46
2676 -45
2677 -44
2678 -43
2679 -42
2680 -41
2681 -40
2682 -39
2683 -38
2684 -37
2685 -36
2686 -35
2687 -34
2688 -33
2689 -32
2690 -31
2691 -30
2692 -29
2693 -28
2694 -27
2695 -26
2696 -25
2697 -24
2698 -23
2699 -22
2700 -21
2701 -20
2702 -19
2703 -18
2704 -17
2705 -16
2706 -15
2707 -14
2708 -13
2709 -12
2710 -11
2711 -10
2712 -9
2713 -8
2714 -7
2715 -6
2716 -5
2717 -4
2718 -3
2719 -2
2720 -1
2721 1
2722 2
2723 3
2724 4
2725 5
2726 6
2727 7
2728 8
2729 9
2730 10
2731 11
2732 12
2733 13
2734 14
2735 15
2736 16
2737 17
2738 18
2739 19
2740 20
2741 21
2742 22
2743 23
2744 24
2745 25
2746 26
2747 27
2748 28
2749 29
2750 30
2751 31
2752 32
2753 33
2754 34
2755 35
2756 36
2757 37
2758 38
2759 39
2760 40
2761 41
2762 42
2763 43
2764 44
2765 45
2766 46
2767 47
2768 48
2769 49
2770 50
2771 51
2772 52
2773 53
2774 54
2775 55
2776 56
2777 57
2778 58
2779 59
2780 60
2781 61
2782 62
2783 63
2784 64
2785 65
2786 66
2787 -67
2788 -65
2789 -63
2790 -61
2791 -59
2792 -57
2793 -55
2794 -53
2795 -49
2796 -47
2797 -45
2798 -43
2799 -41
2800 -39
2801 -37
2802 -35
2803 -33
2804 -31
2805 -29
2806 -27
2807 -25
2808 -23
2809 -21
2810 -19
2811 -15
2812 -13
2813 -11
2814 -9
2815 -7
2816 -5
2817 -3
2818 -1
2819 1
2820 3
2821 5
2822 7
2823 9
2824 11
2825 13
2826 15
2827 19
2828 21
2829 23
2830 25
2831 27
2832 29
2833 31
2834 33
2835 35
2836 37
2837 39
2838 41
2839 43
2840 45
2841 47
2842 49
2843 53
2844 55
2845 57
2846 59
2847 61
2848 63
2849 65
2850 67
2851 -68
2852 -67
2853 -65
2854 -64
2855 -62
2856 -61
2857 -59
2858 -58
2859 -56
2860 -55
2861 -53
2862 -52
2863 -50
2864 -49
2865 -47
2866 -44
2867 -43
2868 -41
2869 -40
2870 -38
2871 -37
2872 -35
2873 -34
2874 -32
2875 -31
2876 -29
2877 -28
2878 -26
2879 -25
2880 -22
2881 -20
2882 -19
2883 -17
2884 -16
2885 -14
2886 -13
2887 -11
2888 -10
2889 -8
2890 -7
2891 -5
2892 -4
2893 -2
2894 -1
2895 1
2896 2
2897 4
2898 5
2899 7
2900 8
2901 10
2902 11
2903 13
2904 14
2905 16
2906 17
2907 19
2908 20
2909 22
2910 25
2911 26
2912 28
2913 29
2914 31
2915 32
2916 34
2917 35
2918 37
2919 38
2920 40
2921 41
2922 43
2923 44
2924 47
2925 49
2926 50
2927 52
2928 53
2929 55
2930 56
2931 58
2932 59
2933 61
2934 62
2935 64
2936 65
2937 67
2938 68
2939 -69
2940 -67
2941 -61
2942 -59
2943 -57
2944 -53
2945 -51
2946 -47
2947 -43
2948 -41
2949 -39
2950 -37
2951 -33
2952 -31
2953 -29
2954 -27
2955 -23
2956 -19
2957 -17
2958 -13
2959 -11
2960 -9
2961 -3
2962 -1
2963 1
2964 3
2965 9
2966 11
2967 13
2968 17
2969 19
2970 23
2971 27
2972 29
2973 31
2974 33
2975 37
2976 39
2977 41
2978 43
2979 47
2980 51
2981 53
2982 57
2983 59
2984 61
2985 67
2986 69
2987 -70
2988 -69
2989 -68
2990 -67
2991 -66
2992 -65
2993 -64
2994 -63
2995 -62
2996 -61
2997 -60
2998 -59
2999 -58
3000 -57
3001 -56
3002 -55
3003 -54
3004 -53
3005 -52
3006 -51
3007 -50
3008 -49
3009 -48
3010 -47
3011 -46
3012 -45
3013 -44
3014 -43
3015 -42
3016 -41
3017 -40
3018 -39
3019 -38
3020 -37
3021 -36
3022 -35
3023 -34
3024 -33
3025 -32
3026 -31
3027 -30
3028 -29
3029 -28
3030 -27
3031 -26
3032 -25
3033 -24
3034 -23
3035 -22
3036 -21
3037 -20
3038 -19
3039 -18
3040 -17
3041 -16
3042 -15
3043 -14
3044 -13
3045 -12
3046 -11
3047 -10
3048 -9
3049 -8
3050 -7
3051 -6
3052 -5
3053 -4
3054 -3
3055 -2
3056 -1
3057 1
3058 2
3059 3
3060 4
3061 5
3062 6
3063 7
3064 8
3065 9
3066 10
3067 11
3068 12
3069 13
3070 14
3071 15
3072 16
3073 17
3074 18
3075 19
3076 20
3077 21
3078 22
3079 23
3080 24
3081 25
3082 26
3083 27
3084 28
3085 29
3086 30
3087 31
3088 32
3089 33
3090 34
3091 35
3092 36
3093 37
3094 38
3095 39
3096 40
3097 41
3098 42
3099 43
3100 44
3101 45
3102 46
3103 47
3104 48
3105 49
3106 50
3107 51
3108 52
3109 53
3110 54
3111 55
3112 56
3113 57
3114 58
3115 59
3116 60
3117 61
3118 62
3119 63
3120 64
3121 65
3122 66
3123 67
3124 68
3125 69
3126 70
3127 -71
3128 -67
3129 -65
3130 -61
3131 -59
3132 -55
3133 -53
3134 -49
3135 -47
3136 -43
3137 -41
3138 -37
3139 -35
3140 -31
3141 -29
3142 -25
3143 -23
3144 -19
3145 -17
3146 -13
3147 -11
3148 -7
3149 -5
3150 -1
3151 1
3152 5
3153 7
3154 11
3155 13
3156 17
3157 19
3158 23
3159 25
3160 29
3161 31
3162 35
3163 37
3164 41
3165 43
3166 47
3167 49
3168 53
3169 55
3170 59
3171 61
3172 65
3173 67
3174 71
3175 -72
3176 -71
3177 -70
3178 -69
3179 -68
3180 -67
3181 -66
3182 -65
3183 -64
3184 -63
3185 -62
3186 -61
3187 -60
3188 -59
3189 -58
3190 -57
3191 -56
3192 -55
3193 -54
3194 -53
3195 -52
3196 -51
3197 -50
3198 -49
3199 -48
3200 -47
3201 -46
3202 -45
3203 -44
3204 -43
3205 -42
3206 -41
3207 -40
3208 -39
3209 -38
3210 -37
3211 -36
3212 -35
3213 -34
3214 -33
3215 -32
3216 -31
3217 -30
3218 -29
3219 -28
3220 -27
3221 -26
3222 -25
3223 -24
3224 -23
3225 -22
3226 -21
3227 -20
3228 -19
3229 -18
3230 -17
3231 -16
3232 -15
3233 -14
3234 -13
3235 -12
3236 -11
3237 -10
3238 -9
3239 -8
3240 -7
3241 -6
3242 -5
3243 -4
3244 -3
3245 -2
3246 -1
3247 1
3248 2
3249 3
3250 4
3251 5
3252 6
3253 7
3254 8
3255 9
3256 10
3257 11
3258 12
3259 13
3260 14
3261 15
3262 16
3263 17
3264 18
3265 19
3266 20
3267 21
3268 22
3269 23
3270 24
3271 25
3272 26
3273 27
3274 28
3275 29
3276 30
3277 31
3278 32
3279 33
3280 34
3281 35
3282 36
3283 37
3284 38
3285 39
3286 40
3287 41
3288 42
3289 43
3290 44
3291 45
3292 46
3293 47
3294 48
3295 49
3296 50
3297 51
3298 52
3299 53
3300 54
3301 55
3302 56
3303 57
3304 58
3305 59
3306 60
3307 61
3308 62
3309 63
3310 64
3311 65
3312 66
3313 67
3314 68
3315 69
3316 70
3317 71
3318 72
3319 -73
3320 -71
3321 -69
3322 -67
3323 -65
3324 -63
3325 -61
3326 -59
3327 -57
3328 -55
3329 -53
3330 -51
3331 -49
3332 -47
3333 -45
3334 -43
3335 -41
3336 -39
3337 -35
3338 -33
3339 -31
3340 -29
3341 -27
3342 -25
3343 -23
3344 -21
3345 -19
3346 -17
3347 -15
3348 -13
3349 -11
3350 -9
3351 -7
3352 -5
3353 -3
3354 -1
3355 1
3356 3
3357 5
3358 7
3359 9
3360 11
3361 13
3362 15
3363 17
3364 19
3365 21
3366 23
3367 25
3368 27
3369 29
3370 31
3371 33
3372 35
3373 39
3374 41
3375 43
3376 45
3377 47
3378 49
3379 51
3380 53
3381 55
3382 57
3383 59
3384 61
3385 63
3386 65
3387 67
3388 69
3389 71
3390 73
3391 -74
3392 -73
3393 -71
3394 -68
3395 -67
3396 -64
3397 -62
3398 -61
3399 -59
3400 -58
3401 -56
3402 -53
3403 -52
3404 -49
3405 -47
3406 -46
3407 -44
3408 -43
3409 -41
3410 -38
3411 -37
3412 -34
3413 -32
3414 -31
3415 -29
3416 -28
3417 -26
3418 -23
3419 -22
3420 -19
3421 -17
3422 -16
3423 -14
3424 -13
3425 -11
3426 -8
3427 -7
3428 -4
3429 -2
3430 -1
3431 1
3432 2
3433 4
3434 7
3435 8
3436 11
3437 13
3438 14
3439 16
3440 17
3441 19
3442 22
3443 23
3444 26
3445 28
3446 29
3447 31
3448 32
3449 34
3450 37
3451 38
3452 41
3453 43
3454 44
3455 46
3456 47
3457 49
3458 52
3459 53
3460 56
3461 58
3462 59
3463 61
3464 62
3465 64
3466 67
3467 68
3468 71
3469 73
3470 74
3471 -75
3472 -73
3473 -71
3474 -69
3475 -67
3476 -65
3477 -63
3478 -61
3479 -59
3480 -55
3481 -53
3482 -51
3483 -49
3484 -47
3485 -45
3486 -43
3487 -41
3488 -39
3489 -37
3490 -35
3491 -33
3492 -31
3493 -29
3494 -27
3495 -25
3496 -23
3497 -21
3498 -17
3499 -15
3500 -13
3501 -11
3502 -9
3503 -7
3504 -5
3505 -3
3506 -1
3507 1
3508 3
3509 5
3510 7
3511 9
3512 11
3513 13
3514 15
3515 17
3516 21
3517 23
3518 25
3519 27
3520 29
3521 31
3522 33
3523 35
3524 37
3525 39
3526 41
3527 43
3528 45
3529 47
3530 49
3531 51
3532 53
3533 55
3534 59
3535 61
3536 63
3537 65
3538 67
3539 69
3540 71
3541 73
3542 75
3543 -76
3544 -75
3545 -74
3546 -73
3547 -72
3548 -71
3549 -69
3550 -68
3551 -67
3552 -65
3553 -64
3554 -62
3555 -61
3556 -60
3557 -59
3558 -58
3559 -57
3560 -54
3561 -53
3562 -52
3563 -51
3564 -50
3565 -48
3566 -47
3567 -46
3568 -45
3569 -43
3570 -41
3571 -40
3572 -39
3573 -38
3574 -37
3575 -36
3576 -34
3577 -32
3578 -31
3579 -30
3580 -29
3581 -27
3582 -26
3583 -25
3584 -24
3585 -23
3586 -20
3587 -19
3588 -18
3589 -17
3590 -16
3591 -15
3592 -13
3593 -12
3594 -10
3595 -9
3596 -8
3597 -6
3598 -5
3599 -4
3600 -3
3601 -2
3602 -1
3603 1
3604 2
3605 3
3606 4
3607 5
3608 6
3609 8
3610 9
3611 10
3612 12
3613 13
3614 15
3615 16
3616 17
3617 18
3618 19
3619 20
3620 23
3621 24
3622 25
3623 26
3624 27
3625 29
3626 30
3627 31
3628 32
3629 34
3630 36
3631 37
3632 38
3633 39
3634 40
3635 41
3636 43
3637 45
3638 46
3639 47
3640 48
3641 50
3642 51
3643 52
3644 53
3645 54
3646 57
3647 58
3648 59
3649 60
3650 61
3651 62
3652 64
3653 65
3654 67
3655 68
3656 69
3657 71
3658 72
3659 73
3660 74
3661 75
3662 76
3663 -77
3664 -73
3665 -71
3666 -67
3667 -61
3668 -59
3669 -55
3670 -53
3671 -49
3672 -47
3673 -43
3674 -41
3675 -37
3676 -35
3677 -31
3678 -29
3679 -25
3680 -23
3681 -19
3682 -17
3683 -11
3684 -7
3685 -5
3686 -1
3687 1
3688 5
3689 7
3690 11
3691 17
3692 19
3693 23
3694 25
3695 29
3696 31
3697 35
3698 37
3699 41
3700 43
3701 47
3702 49
3703 53
3704 55
3705 59
3706 61
3707 67
3708 71
3709 73
3710 77
3711 -78
3712 -77
3713 -76
3714 -75
3715 -74
3716 -73
3717 -72
3718 -71
3719 -70
3720 -69
3721 -68
3722 -67
3723 -66
3724 -65
3725 -64
3726 -63
3727 -62
3728 -61
3729 -60
3730 -59
3731 -58
3732 -57
3733 -56
3734 -55
3735 -54
3736 -53
3737 -52
3738 -51
3739 -50
3740 -49
3741 -48
3742 -47
3743 -46
3744 -45
3745 -44
3746 -43
3747 -42
3748 -41
3749 -40
3750 -39
3751 -38
3752 -37
3753 -36
3754 -35
3755 -34
3756 -33
3757 -32
3758 -31
3759 -30
3760 -29
3761 -28
3762 -27
3763 -26
3764 -25
3765 -24
3766 -23
3767 -22
3768 -21
3769 -20
3770 -19
3771 -18
3772 -17
3773 -16
3774 -15
3775 -14
3776 -13
3777 -12
3778 -11
3779 -10
3780 -9
3781 -8
3782 -7
3783 -6
3784 -5
3785 -4
3786 -3
3787 -2
3788 -1
3789 1
3790 2
3791 3
3792 4
3793 5
3794 6
3795 7
3796 8
3797 9
3798 10
3799 11
3800 12
3801 13
3802 14
3803 15
3804 16
3805 17
3806 18
3807 19
3808 20
3809 21
3810 22
3811 23
3812 24
3813 25
3814 26
3815 27
3816 28
3817 29
3818 30
3819 31
3820 32
3821 33
3822 34
3823 35
3824 36
3825 37
3826 38
3827 39
3828 40
3829 41
3830 42
3831 43
3832 44
3833 45
3834 46
3835 47
3836 48
3837 49
3838 50
3839 51
3840 52
3841 53
3842 54
3843 55
3844 56
3845 57
3846 58
3847 59
3848 60
3849 61
3850 62
3851 63
3852 64
3853 65
3854 66
3855 67
3856 68
3857 69
3858 70
3859 71
3860 72
3861 73
3862 74
3863 75
3864 76
3865 77
3866 78
3867 -79
3868 -77
3869 -73
3870 -71
3871 -69
3872 -67
3873 -63
3874 -61
3875 -59
3876 -57
3877 -53
3878 -51
3879 -49
3880 -47
3881 -43
3882 -41
3883 -39
3884 -37
3885 -33
3886 -31
3887 -29
3888 -27
3889 -23
3890 -21
3891 -19
3892 -17
3893 -13
3894 -11
3895 -9
3896 -7
3897 -3
3898 -1
3899 1
3900 3
3901 7
3902 9
3903 11
3904 13
3905 17
3906 19
3907 21
3908 23
3909 27
3910 29
3911 31
3912 33
3913 37
3914 39
3915 41
3916 43
3917 47
3918 49
3919 51
3920 53
3921 57
3922 59
3923 61
3924 63
3925 67
3926 69
3927 71
3928 73
3929 77
3930 79
3931 -80
3932 -79
3933 -77
3934 -76
3935 -74
3936 -73
3937 -71
3938 -70
3939 -68
3940 -67
3941 -65
3942 -64
3943 -62
3944 -61
3945 -59
3946 -58
3947 -56
3948 -55
3949 -53
3950 -52
3951 -50
3952 -49
3953 -47
3954 -46
3955 -44
3956 -43
3957 -41
3958 -40
3959 -38
3960 -37
3961 -35
3962 -34
3963 -32
3964 -31
3965 -29
3966 -28
3967 -26
3968 -25
3969 -23
3970 -22
3971 -20
3972 -19
3973 -17
3974 -16
3975 -14
3976 -13
3977 -11
3978 -10
3979 -8
3980 -7
3981 -5
3982 -4
3983 -2
3984 -1
3985 1
3986 2
3987 4
3988 5
3989 7
3990 8
3991 10
3992 11
3993 13
3994 14
3995 16
3996 17
3997 19
3998 20
3999 22
4000 23
4001 25
4002 26
4003 28
4004 29
4005 31
4006 32
4007 34
4008 35
4009 37
4010 38
4011 40
4012 41
4013 43
4014 44
4015 46
4016 47
4017 49
4018 50
4019 52
4020 53
4021 55
4022 56
4023 58
4024 59
4025 61
4026 62
4027 64
4028 65
4029 67
4030 68
4031 70
4032 71
4033 73
4034 74
4035 76
4036 77
4037 79
4038 80
4039 -81
4040 -79
4041 -77
4042 -75
4043 -73
4044 -71
4045 -69
4046 -67
4047 -65
4048 -63
4049 -61
4050 -59
4051 -57
4052 -55
4053 -53
4054 -51
4055 -49
4056 -47
4057 -45
4058 -43
4059 -39
4060 -37
4061 -35
4062 -33
4063 -31
4064 -29
4065 -27
4066 -25
4067 -23
4068 -21
4069 -19
4070 -17
4071 -15
4072 -13
4073 -11
4074 -9
4075 -7
4076 -5
4077 -3
4078 -1
4079 1
4080 3
4081 5
4082 7
4083 9
4084 11
4085 13
4086 15
4087 17
4088 19
4089 21
4090 23
4091 25
4092 27
4093 29
4094 31
4095 33
4096 35
4097 37
4098 39
4099 43
4100 45
4101 47
4102 49
4103 51
4104 53
4105 55
4106 57
4107 59
4108 61
4109 63
4110 65
4111 67
4112 69
4113 71
4114 73
4115 75
4116 77
4117 79
4118 81
4119 -82
4120 -81
4121 -80
4122 -79
4123 -78
4124 -77
4125 -76
4126 -75
4127 -74
4128 -73
4129 -72
4130 -71
4131 -70
4132 -69
4133 -68
4134 -67
4135 -66
4136 -65
4137 -64
4138 -63
4139 -62
4140 -61
4141 -60
4142 -59
4143 -58
4144 -57
4145 -56
4146 -55
4147 -54
4148 -53
4149 -52
4150 -51
4151 -50
4152 -49
4153 -48
4154 -47
4155 -46
4156 -45
4157 -44
4158 -43
4159 -42
4160 -41
4161 -40
4162 -39
4163 -38
4164 -37
4165 -36
4166 -35
4167 -34
4168 -33
4169 -32
4170 -31
4171 -30
4172 -29
4173 -28
4174 -27
4175 -26
4176 -25
4177 -24
4178 -23
4179 -22
4180 -21
4181 -20
4182 -19
4183 -18
4184 -17
4185 -16
4186 -15
4187 -14
4188 -13
4189 -12
4190 -11
4191 -10
4192 -9
4193 -8
4194 -7
4195 -6
4196 -5
4197 -4
4198 -3
4199 -2
4200 -1
4201 1
4202 2
4203 3
4204 4
4205 5
4206 6
4207 7
4208 8
4209 9
4210 10
4211 11
4212 12
4213 13
4214 14
4215 15
4216 16
4217 17
4218 18
4219 19
4220 20
4221 21
4222 22
4223 23
4224 24
4225 25
4226 26
4227 27
4228 28
4229 29
4230 30
4231 31
4232 32
4233 33
4234 34
4235 35
4236 36
4237 37
4238 38
4239 39
4240 40
4241 41
4242 42
4243 43
4244 44
4245 45
4246 46
4247 47
4248 48
4249 49
4250 50
4251 51
4252 52
4253 53
4254 54
4255 55
4256 56
4257 57
4258 58
4259 59
4260 60
4261 61
4262 62
4263 63
4264 64
4265 65
4266 66
4267 67
4268 68
4269 69
4270 70
4271 71
4272 72
4273 73
4274 74
4275 75
4276 76
4277 77
4278 78
4279 79
4280 80
4281 81
4282 82
4283 -83
4284 -79
4285 -73
4286 -71
4287 -67
4288 -65
4289 -61
4290 -59
4291 -55
4292 -53
4293 -47
4294 -43
4295 -41
4296 -37
4297 -31
4298 -29
4299 -25
4300 -23
4301 -19
4302 -17
4303 -13
4304 -11
4305 -5
4306 -1
4307 1
4308 5
4309 11
4310 13
4311 17
4312 19
4313 23
4314 25
4315 29
4316 31
4317 37
4318 41
4319 43
4320 47
4321 53
4322 55
4323 59
4324 61
4325 65
4326 67
4327 71
4328 73
4329 79
4330 83
4331 -84
4332 -83
4333 -82
4334 -81
4335 -79
4336 -78
4337 -77
4338 -76
4339 -74
4340 -73
4341 -72
4342 -71
4343 -69
4344 -67
4345 -66
4346 -64
4347 -63
4348 -62
4349 -61
4350 -59
4351 -58
4352 -57
4353 -56
4354 -54
4355 -53
4356 -52
4357 -49
4358 -48
4359 -47
4360 -46
4361 -44
4362 -43
4363 -42
4364 -41
4365 -39
4366 -38
4367 -37
4368 -36
4369 -33
4370 -32
4371 -31
4372 -29
4373 -28
4374 -27
4375 -26
4376 -24
4377 -23
4378 -22
4379 -21
4380 -19
4381 -18
4382 -16
4383 -14
4384 -13
4385 -12
4386 -11
4387 -9
4388 -8
4389 -7
4390 -6
4391 -4
4392 -3
4393 -2
4394 -1
4395 1
4396 2
4397 3
4398 4
4399 6
4400 7
4401 8
4402 9
4403 11
4404 12
4405 13
4406 14
4407 16
4408 18
4409 19
4410 21
4411 22
4412 23
4413 24
4414 26
4415 27
4416 28
4417 29
4418 31
4419 32
4420 33
4421 36
4422 37
4423 38
4424 39
4425 41
4426 42
4427 43
4428 44
4429 46
4430 47
4431 48
4432 49
4433 52
4434 53
4435 54
4436 56
4437 57
4438 58
4439 59
4440 61
4441 62
4442 63
4443 64
4444 66
4445 67
4446 69
4447 71
4448 72
4449 73
4450 74
4451 76
4452 77
4453 78
4454 79
4455 81
4456 82
4457 83
4458 84
4459 -85
4460 -83
4461 -81
4462 -79
4463 -77
4464 -75
4465 -73
4466 -71
4467 -69
4468 -67
4469 -65
4470 -63
4471 -61
4472 -59
4473 -57
4474 -55
4475 -53
4476 -51
4477 -49
4478 -47
4479 -45
4480 -41
4481 -39
4482 -37
4483 -35
4484 -33
4485 -31
4486 -29
4487 -27
4488 -25
4489 -23
4490 -21
4491 -19
4492 -17
4493 -15
4494 -13
4495 -11
4496 -9
4497 -7
4498 -5
4499 -3
4500 -1
4501 1
4502 3
4503 5
4504 7
4505 9
4506 11
4507 13
4508 15
4509 17
4510 19
4511 21
4512 23
4513 25
4514 27
4515 29
4516 31
4517 33
4518 35
4519 37
4520 39
4521 41
4522 45
4523 47
4524 49
4525 51
4526 53
4527 55
4528 57
4529 59
4530 61
4531 63
4532 65
4533 67
4534 69
4535 71
4536 73
4537 75
4538 77
4539 79
4540 81
4541 83
4542 85
4543 -86
4544 -85
4545 -83
4546 -82
4547 -80
4548 -79
4549 -77
4550 -76
4551 -74
4552 -73
4553 -71
4554 -70
4555 -68
4556 -67
4557 -65
4558 -64
4559 -62
4560 -61
4561 -59
4562 -56
4563 -55
4564 -53
4565 -52
4566 -50
4567 -49
4568 -47
4569 -46
4570 -44
4571 -43
4572 -41
4573 -40
4574 -38
4575 -37
4576 -35
4577 -34
4578 -32
4579 -31
4580 -28
4581 -26
4582 -25
4583 -23
4584 -22
4585 -20
4586 -19
4587 -17
4588 -16
4589 -14
4590 -13
4591 -11
4592 -10
4593 -8
4594 -7
4595 -5
4596 -4
4597 -2
4598 -1
4599 1
4600 2
4601 4
4602 5
4603 7
4604 8
4605 10
4606 11
4607 13
4608 14
4609 16
4610 17
4611 19
4612 20
4613 22
4614 23
4615 25
4616 26
4617 28
4618 31
4619 32
4620 34
4621 35
4622 37
4623 38
4624 40
4625 41
4626 43
4627 44
4628 46
4629 47
4630 49
4631 50
4632 52
4633 53
4634 55
4635 56
4636 59
4637 61
4638 62
4639 64
4640 65
4641 67
4642 68
4643 70
4644 71
4645 73
4646 74
4647 76
4648 77
4649 79
4650 80
4651 82
4652 83
4653 85
4654 86
4655 -87
4656 -85
4657 -83
4658 -81
4659 -79
4660 -75
4661 -73
4662 -71
4663 -69
4664 -67
4665 -65
4666 -63
4667 -61
4668 -59
4669 -57
4670 -53
4671 -51
4672 -49
4673 -47
4674 -45
4675 -43
4676 -41
4677 -39
4678 -37
4679 -35
4680 -31
4681 -29
4682 -27
4683 -25
4684 -23
4685 -21
4686 -19
4687 -17
4688 -15
4689 -13
4690 -9
4691 -7
4692 -5
4693 -3
4694 -1
4695 1
4696 3
4697 5
4698 7
4699 9
4700 13
4701 15
4702 17
4703 19
4704 21
4705 23
4706 25
4707 27
4708 29
4709 31
4710 35
4711 37
4712 39
4713 41
4714 43
4715 45
4716 47
4717 49
4718 51
4719 53
4720 57
4721 59
4722 61
4723 63
4724 65
4725 67
4726 69
4727 71
4728 73
4729 75
4730 79
4731 81
4732 83
4733 85
4734 87
4735 -88
4736 -87
4737 -86
4738 -85
4739 -84
4740 -83
4741 -82
4742 -81
4743 -80
4744 -79
4745 -78
4746 -77
4747 -76
4748 -75
4749 -74
4750 -73
4751 -72
4752 -71
4753 -70
4754 -69
4755 -68
4756 -67
4757 -66
4758 -65
4759 -64
4760 -63
4761 -62
4762 -61
4763 -60
4764 -59
4765 -58
4766 -57
4767 -56
4768 -55
4769 -54
4770 -53
4771 -52
4772 -51
4773 -50
4774 -49
4775 -48
4776 -47
4777 -46
4778 -45
4779 -44
4780 -43
4781 -42
4782 -41
4783 -40
4784 -39
4785 -38
4786 -37
4787 -36
4788 -35
4789 -34
4790 -33
4791 -32
4792 -31
4793 -30
4794 -29
4795 -28
4796 -27
4797 -26
4798 -25
4799 -24
4800 -23
4801 -22
4802 -21
4803 -20
4804 -19
4805 -18
4806 -17
4807 -16
4808 -15
4809 -14
4810 -13
4811 -12
4812 -11
4813 -10
4814 -9
4815 -8
4816 -7
4817 -6
4818 -5
4819 -4
4820 -3
4821 -2
4822 -1
4823 1
4824 2
4825 3
4826 4
4827 5
4828 6
4829 7
4830 8
4831 9
4832 10
4833 11
4834 12
4835 13
4836 14
4837 15
4838 16
4839 17
4840 18
4841 19
4842 20
4843 21
4844 22
4845 23
4846 24
4847 25
4848 26
4849 27
4850 28
4851 29
4852 30
4853 31
4854 32
4855 33
4856 34
4857 35
4858 36
4859 37
4860 38
4861 39
4862 40
4863 41
4864 42
4865 43
4866 44
4867 45
4868 46
4869 47
4870 48
4871 49
4872 50
4873 51
4874 52
4875 53
4876 54
4877 55
4878 56
4879 57
4880 58
4881 59
4882 60
4883 61
4884 62
4885 63
4886 64
4887 65
4888 66
4889 67
4890 68
4891 69
4892 70
4893 71
4894 72
4895 73
4896 74
4897 75
4898 76
4899 77
4900 78
4901 79
4902 80
4903 81
4904 82
4905 83
4906 84
4907 85
4908 86
4909 87
4910 88
4911 -89
4912 -83
4913 -79
4914 -77
4915 -73
4916 -71
4917 -67
4918 -61
4919 -59
4920 -53
4921 -49
4922 -47
4923 -43
4924 -41
4925 -37
4926 -31
4927 -29
4928 -23
4929 -19
4930 -17
4931 -13
4932 -11
4933 -7
4934 -1
4935 1
4936 7
4937 11
4938 13
4939 17
4940 19
4941 23
4942 29
4943 31
4944 37
4945 41
4946 43
4947 47
4948 49
4949 53
4950 59
4951 61
4952 67
4953 71
4954 73
4955 77
4956 79
4957 83
4958 89
4959 -90
4960 -89
4961 -88
4962 -87
4963 -86
4964 -85
4965 -83
4966 -82
4967 -81
4968 -80
4969 -79
4970 -76
4971 -75
4972 -74
4973 -73
4974 -72
4975 -71
4976 -69
4977 -68
4978 -67
4979 -66
4980 -64
4981 -62
4982 -61
4983 -60
4984 -59
4985 -58
4986 -57
4987 -55
4988 -54
4989 -53
4990 -51
4991 -50
4992 -48
4993 -47
4994 -46
4995 -45
4996 -44
4997 -43
4998 -41
4999 -40
5000 -38
5001 -37
5002 -36
5003 -34
5004 -33
5005 -32
5006 -31
5007 -30
5008 -29
5009 -27
5010 -25
5011 -24
5012 -23
5013 -22
5014 -20
5015 -19
5016 -18
5017 -17
5018 -16
5019 -15
5020 -12
5021 -11
5022 -10
5023 -9
5024 -8
5025 -6
5026 -5
5027 -4
5028 -3
5029 -2
5030 -1
5031 1
5032 2
5033 3
5034 4
5035 5
5036 6
5037 8
5038 9
5039 10
5040 11
5041 12
5042 15
5043 16
5044 17
5045 18
5046 19
5047 20
5048 22
5049 23
5050 24
5051 25
5052 27
5053 29
5054 30
5055 31
5056 32
5057 33
5058 34
5059 36
5060 37
5061 38
5062 40
5063 41
5064 43
5065 44
5066 45
5067 46
5068 47
5069 48
5070 50
5071 51
5072 53
5073 54
5074 55
5075 57
5076 58
5077 59
5078 60
5079 61
5080 62
5081 64
5082 66
5083 67
5084 68
5085 69
5086 71
5087 72
5088 73
5089 74
5090 75
5091 76
5092 79
5093 80
5094 81
5095 82
5096 83
5097 85
5098 86
5099 87
5100 88
5101 89
5102 90
5103 -91
5104 -89
5105 -87
5106 -85
5107 -83
5108 -81
5109 -79
5110 -77
5111 -75
5112 -73
5113 -71
5114 -67
5115 -65
5116 -63
5117 -61
5118 -59
5119 -57
5120 -55
5121 -53
5122 -51
5123 -49
5124 -47
5125 -45
5126 -43
5127 -41
5128 -39
5129 -37
5130 -35
5131 -33
5132 -31
5133 -29
5134 -27
5135 -25
5136 -21
5137 -19
5138 -17
5139 -15
5140 -13
5141 -11
5142 -9
5143 -7
5144 -5
5145 -3
5146 -1
5147 1
5148 3
5149 5
5150 7
5151 9
5152 11
5153 13
5154 15
5155 17
5156 19
5157 21
5158 25
5159 27
5160 29
5161 31
5162 33
5163 35
5164 37
5165 39
5166 41
5167 43
5168 45
5169 47
5170 49
5171 51
5172 53
5173 55
5174 57
5175 59
5176 61
5177 63
5178 65
5179 67
5180 71
5181 73
5182 75
5183 77
5184 79
5185 81
5186 83
5187 85
5188 87
5189 89
5190 91
5191 -92
5192 -91
5193 -89
5194 -88
5195 -86
5196 -85
5197 -83
5198 -82
5199 -80
5200 -79
5201 -77
5202 -76
5203 -74
5204 -73
5205 -71
5206 -70
5207 -68
5208 -67
5209 -65
5210 -64
5211 -61
5212 -59
5213 -58
5214 -56
5215 -55
5216 -53
5217 -52
5218 -50
5219 -49
5220 -47
5221 -46
5222 -44
5223 -43
5224 -41
5225 -40
5226 -38
5227 -37
5228 -35
5229 -34
5230 -32
5231 -29
5232 -28
5233 -26
5234 -25
5235 -23
5236 -22
5237 -20
5238 -19
5239 -17
5240 -16
5241 -14
5242 -13
5243 -11
5244 -10
5245 -8
5246 -7
5247 -5
5248 -4
5249 -2
5250 -1
5251 1
5252 2
5253 4
5254 5
5255 7
5256 8
5257 10
5258 11
5259 13
5260 14
5261 16
5262 17
5263 19
5264 20
5265 22
5266 23
5267 25
5268 26
5269 28
5270 29
5271 32
5272 34
5273 35
5274 37
5275 38
5276 40
5277 41
5278 43
5279 44
5280 46
5281 47
5282 49
5283 50
5284 52
5285 53
5286 55
5287 56
5288 58
5289 59
5290 61
5291 64
5292 65
5293 67
5294 68
5295 70
5296 71
5297 73
5298 74
5299 76
5300 77
5301 79
5302 80
5303 82
5304 83
5305 85
5306 86
5307 88
5308 89
5309 91
5310 92
5311 -93
5312 -91
5313 -89
5314 -87
5315 -85
5316 -83
5317 -81
5318 -79
5319 -77
5320 -75
5321 -73
5322 -71
5323 -69
5324 -67
5325 -65
5326 -63
5327 -61
5328 -59
5329 -57
5330 -55
5331 -53
5332 -51
5333 -49
5334 -45
5335 -43
5336 -41
5337 -39
5338 -37
5339 -35
5340 -33
5341 -31
5342 -29
5343 -27
5344 -25
5345 -23
5346 -21
5347 -19
5348 -17
5349 -15
5350 -13
5351 -11
5352 -9
5353 -7
5354 -5
5355 -3
5356 -1
5357 1
5358 3
5359 5
5360 7
5361 9
5362 11
5363 13
5364 15
5365 17
5366 19
5367 21
5368 23
5369 25
5370 27
5371 29
5372 31
5373 33
5374 35
5375 37
5376 39
5377 41
5378 43
5379 45
5380 49
5381 51
5382 53
5383 55
5384 57
5385 59
5386 61
5387 63
5388 65
5389 67
5390 69
5391 71
5392 73
5393 75
5394 77
5395 79
5396 81
5397 83
5398 85
5399 87
5400 89
5401 91
5402 93
5403 -94
5404 -93
5405 -92
5406 -91
5407 -89
5408 -88
5409 -87
5410 -86
5411 -84
5412 -83
5413 -82
5414 -81
5415 -79
5416 -78
5417 -77
5418 -74
5419 -73
5420 -72
5421 -71
5422 -69
5423 -68
5424 -67
5425 -66
5426 -64
5427 -63
5428 -62
5429 -61
5430 -59
5431 -58
5432 -56
5433 -54
5434 -53
5435 -52
5436 -51
5437 -49
5438 -48
5439 -47
5440 -46
5441 -44
5442 -43
5443 -42
5444 -41
5445 -39
5446 -37
5447 -36
5448 -34
5449 -33
5450 -32
5451 -31
5452 -29
5453 -28
5454 -27
5455 -26
5456 -24
5457 -23
5458 -22
5459 -21
5460 -18
5461 -17
5462 -16
5463 -14
5464 -13
5465 -12
5466 -11
5467 -9
5468 -8
5469 -7
5470 -6
5471 -4
5472 -3
5473 -2
5474 -1
5475 1
5476 2
5477 3
5478 4
5479 6
5480 7
5481 8
5482 9
5483 11
5484 12
5485 13
5486 14
5487 16
5488 17
5489 18
5490 21
5491 22
5492 23
5493 24
5494 26
5495 27
5496 28
5497 29
5498 31
5499 32
5500 33
5501 34
5502 36
5503 37
5504 39
5505 41
5506 42
5507 43
5508 44
5509 46
5510 47
5511 48
5512 49
5513 51
5514 52
5515 53
5516 54
5517 56
5518 58
5519 59
5520 61
5521 62
5522 63
5523 64
5524 66
5525 67
5526 68
5527 69
5528 71
5529 72
5530 73
5531 74
5532 77
5533 78
5534 79
5535 81
5536 82
5537 83
5538 84
5539 86
5540 87
5541 88
5542 89
5543 91
5544 92
5545 93
5546 94
5547 -95
5548 -91
5549 -89
5550 -85
5551 -83
5552 -79
5553 -77
5554 -73
5555 -71
5556 -67
5557 -65
5558 -61
5559 -59
5560 -55
5561 -53
5562 -49
5563 -47
5564 -43
5565 -41
5566 -37
5567 -35
5568 -31
5569 -29
5570 -25
5571 -23
5572 -19
5573 -17
5574 -13
5575 -11
5576 -7
5577 -5
5578 -1
5579 1
5580 5
5581 7
5582 11
5583 13
5584 17
5585 19
5586 23
5587 25
5588 29
5589 31
5590 35
5591 37
5592 41
5593 43
5594 47
5595 49
5596 53
5597 55
5598 59
5599 61
5600 65
5601 67
5602 71
5603 73
5604 77
5605 79
5606 83
5607 85
5608 89
5609 91
5610 95
5611 -96
5612 -95
5613 -94
5614 -93
5615 -92
5616 -91
5617 -90
5618 -89
5619 -88
5620 -87
5621 -86
5622 -85
5623 -84
5624 -83
5625 -82
5626 -81
5627 -80
5628 -79
5629 -78
5630 -77
5631 -76
5632 -75
5633 -74
5634 -73
5635 -72
5636 -71
5637 -70
5638 -69
5639 -68
5640 -67
5641 -66
5642 -65
5643 -64
5644 -63
5645 -62
5646 -61
5647 -60
5648 -59
5649 -58
5650 -57
5651 -56
5652 -55
5653 -54
5654 -53
5655 -52
5656 -51
5657 -50
5658 -49
5659 -48
5660 -47
5661 -46
5662 -45
5663 -44
5664 -43
5665 -42
5666 -41
5667 -40
5668 -39
5669 -38
5670 -37
5671 -36
5672 -35
5673 -34
5674 -33
5675 -32
5676 -31
5677 -30
5678 -29
5679 -28
5680 -27
5681 -26
5682 -25
5683 -24
5684 -23
5685 -22
5686 -21
5687 -20
5688 -19
5689 -18
5690 -17
5691 -16
5692 -15
5693 -14
5694 -13
5695 -12
5696 -11
5697 -10
5698 -9
5699 -8
5700 -7
5701 -6
5702 -5
5703 -4
5704 -3
5705 -2
5706 -1
5707 1
5708 2
5709 3
5710 4
5711 5
5712 6
5713 7
5714 8
5715 9
5716 10
5717 11
5718 12
5719 13
5720 14
5721 15
5722 16
5723 17
5724 18
5725 19
5726 20
5727 21
5728 22
5729 23
5730 24
5731 25
5732 26
5733 27
5734 28
5735 29
5736 30
5737 31
5738 32
5739 33
5740 34
5741 35
5742 36
5743 37
5744 38
5745 39
5746 40
5747 41
5748 42
5749 43
5750 44
5751 45
5752 46
5753 47
5754 48
5755 49
5756 50
5757 51
5758 52
5759 53
5760 54
5761 55
5762 56
5763 57
5764 58
5765 59
5766 60
5767 61
5768 62
5769 63
5770 64
5771 65
5772 66
5773 67
5774 68
5775 69
5776 70
5777 71
5778 72
5779 73
5780 74
5781 75
5782 76
5783 77
5784 78
5785 79
5786 80
5787 81
5788 82
5789 83
5790 84
5791 85
5792 86
5793 87
5794 88
5795 89
5796 90
5797 91
5798 92
5799 93
5800 94
5801 95
5802 96
5803 -97
5804 -95
5805 -93
5806 -89
5807 -87
5808 -85
5809 -83
5810 -81
5811 -79
5812 -75
5813 -73
5814 -71
5815 -69
5816 -67
5817 -65
5818 -61
5819 -59
5820 -57
5821 -55
5822 -53
5823 -51
5824 -47
5825 -45
5826 -43
5827 -41
5828 -39
5829 -37
5830 -33
5831 -31
5832 -29
5833 -27
5834 -25
5835 -23
5836 -19
5837 -17
5838 -15
5839 -13
5840 -11
5841 -9
5842 -5
5843 -3
5844 -1
5845 1
5846 3
5847 5
5848 9
5849 11
5850 13
5851 15
5852 17
5853 19
5854 23
5855 25
5856 27
5857 29
5858 31
5859 33
5860 37
5861 39
5862 41
5863 43
5864 45
5865 47
5866 51
5867 53
5868 55
5869 57
5870 59
5871 61
5872 65
5873 67
5874 69
5875 71
5876 73
5877 75
5878 79
5879 81
5880 83
5881 85
5882 87
5883 89
5884 93
5885 95
5886 97
5887 -98
5888 -97
5889 -95
5890 -94
5891 -92
5892 -91
5893 -89
5894 -86
5895 -85
5896 -83
5897 -82
5898 -80
5899 -79
5900 -76
5901 -74
5902 -73
5903 -71
5904 -70
5905 -68
5906 -67
5907 -65
5908 -64
5909 -62
5910 -61
5911 -59
5912 -58
5913 -56
5914 -53
5915 -52
5916 -50
5917 -49
5918 -47
5919 -46
5920 -43
5921 -41
5922 -40
5923 -38
5924 -37
5925 -35
5926 -34
5927 -32
5928 -31
5929 -29
5930 -28
5931 -26
5932 -25
5933 -23
5934 -20
5935 -19
5936 -17
5937 -16
5938 -14
5939 -13
5940 -10
5941 -8
5942 -7
5943 -5
5944 -4
5945 -2
5946 -1
5947 1
5948 2
5949 4
5950 5
5951 7
5952 8
5953 10
5954 13
5955 14
5956 16
5957 17
5958 19
5959 20
5960 23
5961 25
5962 26
5963 28
5964 29
5965 31
5966 32
5967 34
5968 35
5969 37
5970 38
5971 40
5972 41
5973 43
5974 46
5975 47
5976 49
5977 50
5978 52
5979 53
5980 56
5981 58
5982 59
5983 61
5984 62
5985 64
5986 65
5987 67
5988 68
5989 70
5990 71
5991 73
5992 74
5993 76
5994 79
5995 80
5996 82
5997 83
5998 85
5999 86
6000 89
6001 91
6002 92
6003 94
6004 95
6005 97
6006 98
6007 -99
6008 -97
6009 -93
6010 -91
6011 -89
6012 -87
6013 -83
6014 -81
6015 -79
6016 -77
6017 -73
6018 -71
6019 -69
6020 -67
6021 -63
6022 -61
6023 -59
6024 -57
6025 -53
6026 -51
6027 -49
6028 -47
6029 -43
6030 -41
6031 -39
6032 -37
6033 -33
6034 -31
6035 -29
6036 -27
6037 -23
6038 -21
6039 -19
6040 -17
6041 -13
6042 -11
6043 -9
6044 -7
6045 -3
6046 -1
6047 1
6048 3
6049 7
6050 9
6051 11
6052 13
6053 17
6054 19
6055 21
6056 23
6057 27
6058 29
6059 31
6060 33
6061 37
6062 39
6063 41
6064 43
6065 47
6066 49
6067 51
6068 53
6069 57
6070 59
6071 61
6072 63
6073 67
6074 69
6075 71
6076 73
6077 77
6078 79
6079 81
6080 83
6081 87
6082 89
6083 91
6084 93
6085 97
6086 99
6087 -100
6088 -99
6089 -98
6090 -97
6091 -96
6092 -95
6093 -94
6094 -93
6095 -92
6096 -91
6097 -90
6098 -89
6099 -88
6100 -87
6101 -86
6102 -85
6103 -84
6104 -83
6105 -82
6106 -81
6107 -80
6108 -79
6109 -78
6110 -77
6111 -76
6112 -75
6113 -74
6114 -73
6115 -72
6116 -71
6117 -70
6118 -69
6119 -68
6120 -67
6121 -66
6122 -65
6123 -64
6124 -63
6125 -62
6126 -61
6127 -60
6128 -59
6129 -58
6130 -57
6131 -56
6132 -55
6133 -54
6134 -53
6135 -52
6136 -51
6137 -50
6138 -49
6139 -48
6140 -47
6141 -46
6142 -45
6143 -44
6144 -43
6145 -42
6146 -41
6147 -40
6148 -39
6149 -38
6150 -37
6151 -36
6152 -35
6153 -34
6154 -33
6155 -32
6156 -31
6157 -30
6158 -29
6159 -28
6160 -27
6161 -26
6162 -25
6163 -24
6164 -23
6165 -22
6166 -21
6167 -20
6168 -19
6169 -18
6170 -17
6171 -16
6172 -15
6173 -14
6174 -13
6175 -12
6176 -11
6177 -10
6178 -9
6179 -8
6180 -7
6181 -6
6182 -5
6183 -4
6184 -3
6185 -2
6186 -1
6187 1
6188 2
6189 3
6190 4
6191 5
6192 6
6193 7
6194 8
6195 9
6196 10
6197 11
6198 12
6199 13
6200 14
6201 15
6202 16
6203 17
6204 18
6205 19
6206 20
6207 21
6208 22
6209 23
6210 24
6211 25
6212 26
6213 27
6214 28
6215 29
6216 30
6217 31
6218 32
6219 33
6220 34
6221 35
6222 36
6223 37
6224 38
6225 39
6226 40
6227 41
6228 42
6229 43
6230 44
6231 45
6232 46
6233 47
6234 48
6235 49
6236 50
6237 51
6238 52
6239 53
6240 54
6241 55
6242 56
6243 57
6244 58
6245 59
6246 60
6247 61
6248 62
6249 63
6250 64
6251 65
6252 66
6253 67
6254 68
6255 69
6256 70
6257 71
6258 72
6259 73
6260 74
6261 75
6262 76
6263 77
6264 78
6265 79
6266 80
6267 81
6268 82
6269 83
6270 84
6271 85
6272 86
6273 87
6274 88
6275 89
6276 90
6277 91
6278 92
6279 93
6280 94
6281 95
6282 96
6283 97
6284 98
6285 99
6286 100
6287 -101
6288 -97
6289 -95
6290 -91
6291 -89
6292 -83
6293 -79
6294 -77
6295 -73
6296 -71
6297 -67
6298 -65
6299 -61
6300 -59
6301 -55
6302 -53
6303 -49
6304 -47
6305 -43
6306 -41
6307 -37
6308 -35
6309 -31
6310 -29
6311 -25
6312 -23
6313 -19
6314 -13
6315 -11
6316 -7
6317 -5
6318 -1
6319 1
6320 5
6321 7
6322 11
6323 13
6324 19
6325 23
6326 25
6327 29
6328 31
6329 35
6330 37
6331 41
6332 43
6333 47
6334 49
6335 53
6336 55
6337 59
6338 61
6339 65
6340 67
6341 71
6342 73
6343 77
6344 79
6345 83
6346 89
6347 91
6348 95
6349 97
6350 101
6351 -102
6352 -101
6353 -100
6354 -99
6355 -98
6356 -97
6357 -96
6358 -95
6359 -94
6360 -93
6361 -92
6362 -91
6363 -90
6364 -89
6365 -88
6366 -87
6367 -86
6368 -85
6369 -84
6370 -83
6371 -82
6372 -81
6373 -80
6374 -79
6375 -78
6376 -77
6377 -76
6378 -75
6379 -74
6380 -73
6381 -72
6382 -71
6383 -70
6384 -69
6385 -68
6386 -67
6387 -66
6388 -65
6389 -64
6390 -63
6391 -62
6392 -61
6393 -60
6394 -59
6395 -58
6396 -57
6397 -56
6398 -55
6399 -54
6400 -53
6401 -52
6402 -51
6403 -50
6404 -49
6405 -48
6406 -47
6407 -46
6408 -45
6409 -44
6410 -43
6411 -42
6412 -41
6413 -40
6414 -39
6415 -38
6416 -37
6417 -36
6418 -35
6419 -34
6420 -33
6421 -32
6422 -31
6423 -30
6424 -29
6425 -28
6426 -27
6427 -26
6428 -25
6429 -24
6430 -23
6431 -22
6432 -21
6433 -20
6434 -19
6435 -18
6436 -17
6437 -16
6438 -15
6439 -14
6440 -13
6441 -12
6442 -11
6443 -10
6444 -9
6445 -8
6446 -7
6447 -6
6448 -5
6449 -4
6450 -3
6451 -2
6452 -1
6453 1
6454 2
6455 3
6456 4
6457 5
6458 6
6459 7
6460 8
6461 9
6462 10
6463 11
6464 12
6465 13
6466 14
6467 15
6468 16
6469 17
6470 18
6471 19
6472 20
6473 21
6474 22
6475 23
6476 24
6477 25
6478 26
6479 27
6480 28
6481 29
6482 30
6483 31
6484 32
6485 33
6486 34
6487 35
6488 36
6489 37
6490 38
6491 39
6492 40
6493 41
6494 42
6495 43
6496 44
6497 45
6498 46
6499 47
6500 48
6501 49
6502 50
6503 51
6504 52
6505 53
6506 54
6507 55
6508 56
6509 57
6510 58
6511 59
6512 60
6513 61
6514 62
6515 63
6516 64
6517 65
6518 66
6519 67
6520 68
6521 69
6522 70
6523 71
6524 72
6525 73
6526 74
6527 75
6528 76
6529 77
6530 78
6531 79
6532 80
6533 81
6534 82
6535 83
6536 84
6537 85
6538 86
6539 87
6540 88
6541 89
6542 90
6543 91
6544 92
6545 93
6546 94
6547 95
6548 96
6549 97
6550 98
6551 99
6552 100
6553 101
6554 102
6555 -103
6556 -101
6557 -99
6558 -97
6559 -95
6560 -93
6561 -89
6562 -87
6563 -85
6564 -83
6565 -81
6566 -79
6567 -77
6568 -75
6569 -73
6570 -71
6571 -69
6572 -67
6573 -63
6574 -61
6575 -59
6576 -57
6577 -55
6578 -53
6579 -51
6580 -49
6581 -47
6582 -45
6583 -43
6584 -41
6585 -37
6586 -35
6587 -33
6588 -31
6589 -29
6590 -27
6591 -25
6592 -23
6593 -21
6594 -19
6595 -17
6596 -15
6597 -11
6598 -9
6599 -7
6600 -5
6601 -3
6602 -1
6603 1
6604 3
6605 5
6606 7
6607 9
6608 11
6609 15
6610 17
6611 19
6612 21
6613 23
6614 25
6615 27
6616 29
6617 31
6618 33
6619 35
6620 37
6621 41
6622 43
6623 45
6624 47
6625 49
6626 51
6627 53
6628 55
6629 57
6630 59
6631 61
6632 63
6633 67
6634 69
6635 71
6636 73
6637 75
6638 77
6639 79
6640 81
6641 83
6642 85
6643 87
6644 89
6645 93
6646 95
6647 97
6648 99
6649 101
6650 103
6651 -104
6652 -103
6653 -101
6654 -97
6655 -94
6656 -92
6657 -89
6658 -88
6659 -86
6660 -83
6661 -82
6662 -79
6663 -76
6664 -74
6665 -73
6666 -71
6667 -68
6668 -67
6669 -64
6670 -62
6671 -61
6672 -59
6673 -58
6674 -53
6675 -52
6676 -47
6677 -46
6678 -44
6679 -43
6680 -41
6681 -38
6682 -37
6683 -34
6684 -32
6685 -31
6686 -29
6687 -26
6688 -23
6689 -22
6690 -19
6691 -17
6692 -16
6693 -13
6694 -11
6695 -8
6696 -4
6697 -2
6698 -1
6699 1
6700 2
6701 4
6702 8
6703 11
6704 13
6705 16
6706 17
6707 19
6708 22
6709 23
6710 26
6711 29
6712 31
6713 32
6714 34
6715 37
6716 38
6717 41
6718 43
6719 44
6720 46
6721 47
6722 52
6723 53
6724 58
6725 59
6726 61
6727 62
6728 64
6729 67
6730 68
6731 71
6732 73
6733 74
6734 76
6735 79
6736 82
6737 83
6738 86
6739 88
6740 89
6741 92
6742 94
6743 97
6744 101
6745 103
6746 104
6747 -105
6748 -103
6749 -101
6750 -99
6751 -97
6752 -95
6753 -93
6754 -91
6755 -89
6756 -87
6757 -85
6758 -83
6759 -81
6760 -79
6761 -77
6762 -75
6763 -73
6764 -71
6765 -69
6766 -67
6767 -65
6768 -63
6769 -61
6770 -59
6771 -57
6772 -55
6773 -51
6774 -49
6775 -47
6776 -45
6777 -43
6778 -41
6779 -39
6780 -37
6781 -35
6782 -33
6783 -31
6784 -29
6785 -27
6786 -25
6787 -23
6788 -21
6789 -19
6790 -17
6791 -15
6792 -13
6793 -11
6794 -9
6795 -7
6796 -5
6797 -3
6798 -1
6799 1
6800 3
6801 5
6802 7
6803 9
6804 11
6805 13
6806 15
6807 17
6808 19
6809 21
6810 23
6811 25
6812 27
6813 29
6814 31
6815 33
6816 35
6817 37
6818 39
6819 41
6820 43
6821 45
6822 47
6823 49
6824 51
6825 55
6826 57
6827 59
6828 61
6829 63
6830 65
6831 67
6832 69
6833 71
6834 73
6835 75
6836 77
6837 79
6838 81
6839 83
6840 85
6841 87
6842 89
6843 91
6844 93
6845 95
6846 97
6847 99
6848 101
6849 103
6850 105
6851 -106
6852 -105
6853 -104
6854 -103
6855 -102
6856 -101
6857 -100
6858 -99
6859 -98
6860 -97
6861 -96
6862 -95
6863 -94
6864 -93
6865 -92
6866 -91
6867 -90
6868 -89
6869 -88
6870 -87
6871 -86
6872 -85
6873 -84
6874 -83
6875 -82
6876 -81
6877 -80
6878 -79
6879 -78
6880 -77
6881 -76
6882 -75
6883 -74
6884 -73
6885 -72
6886 -71
6887 -70
6888 -69
6889 -68
6890 -67
6891 -66
6892 -65
6893 -64
6894 -63
6895 -62
6896 -61
6897 -60
6898 -59
6899 -58
6900 -57
6901 -56
6902 -55
6903 -54
6904 -53
6905 -52
6906 -51
6907 -50
6908 -49
6909 -48
6910 -47
6911 -46
6912 -45
6913 -44
6914 -43
6915 -42
6916 -41
6917 -40
6918 -39
6919 -38
6920 -37
6921 -36
6922 -35
6923 -34
6924 -33
6925 -32
6926 -31
6927 -30
6928 -29
6929 -28
6930 -27
6931 -26
6932 -25
6933 -24
6934 -23
6935 -22
6936 -21
6937 -20
6938 -19
6939 -18
6940 -17
6941 -16
6942 -15
6943 -14
6944 -13
6945 -12
6946 -11
6947 -10
6948 -9
6949 -8
6950 -7
6951 -6
6952 -5
6953 -4
6954 -3
6955 -2
6956 -1
6957 1
6958 2
6959 3
6960 4
6961 5
6962 6
6963 7
6964 8
6965 9
6966 10
6967 11
6968 12
6969 13
6970 14
6971 15
6972 16
6973 17
6974 18
6975 19
6976 20
6977 21
6978 22
6979 23
6980 24
6981 25
6982 26
6983 27
6984 28
6985 29
6986 30
6987 31
6988 32
6989 33
6990 34
6991 35
6992 36
6993 37
6994 38
6995 39
6996 40
6997 41
6998 42
6999 43
7000 44
7001 45
7002 46
7003 47
7004 48
7005 49
7006 50
7007 51
7008 52
7009 53
7010 54
7011 55
7012 56
7013 57
7014 58
7015 59
7016 60
7017 61
7018 62
7019 63
7020 64
7021 65
7022 66
7023 67
7024 68
7025 69
7026 70
7027 71
7028 72
7029 73
7030 74
7031 75
7032 76
7033 77
7034 78
7035 79
7036 80
7037 81
7038 82
7039 83
7040 84
7041 85
7042 86
7043 87
7044 88
7045 89
7046 90
7047 91
7048 92
7049 93
7050 94
7051 95
7052 96
7053 97
7054 98
7055 99
7056 100
7057 101
7058 102
7059 103
7060 104
7061 105
7062 106
7063 -107
7064 -103
7065 -101
7066 -97
7067 -95
7068 -91
7069 -89
7070 -85
7071 -83
7072 -79
7073 -77
7074 -73
7075 -71
7076 -67
7077 -65
7078 -61
7079 -59
7080 -55
7081 -53
7082 -49
7083 -47
7084 -43
7085 -41
7086 -37
7087 -35
7088 -31
7089 -29
7090 -25
7091 -23
7092 -19
7093 -17
7094 -13
7095 -11
7096 -7
7097 -5
7098 -1
7099 1
7100 5
7101 7
7102 11
7103 13
7104 17
7105 19
7106 23
7107 25
7108 29
7109 31
7110 35
7111 37
7112 41
7113 43
7114 47
7115 49
7116 53
7117 55
7118 59
7119 61
7120 65
7121 67
7122 71
7123 73
7124 77
7125 79
7126 83
7127 85
7128 89
7129 91
7130 95
7131 97
7132 101
7133 103
7134 107
7135 -108
7136 -107
7137 -106
7138 -105
7139 -104
7140 -103
7141 -102
7142 -101
7143 -100
7144 -99
7145 -98
7146 -97
7147 -96
7148 -95
7149 -94
7150 -93
7151 -92
7152 -91
7153 -90
7154 -89
7155 -88
7156 -87
7157 -86
7158 -85
7159 -84
7160 -83
7161 -82
7162 -81
7163 -80
7164 -79
7165 -78
7166 -77
7167 -76
7168 -75
7169 -74
7170 -73
7171 -72
7172 -71
7173 -70
7174 -69
7175 -68
7176 -67
7177 -66
7178 -65
7179 -64
7180 -63
7181 -62
7182 -61
7183 -60
7184 -59
7185 -58
7186 -57
7187 -56
7188 -55
7189 -54
7190 -53
7191 -52
7192 -51
7193 -50
7194 -49
7195 -48
7196 -47
7197 -46
7198 -45
7199 -44
7200 -43
7201 -42
7202 -41
7203 -40
7204 -39
7205 -38
7206 -37
7207 -36
7208 -35
7209 -34
7210 -33
7211 -32
7212 -31
7213 -30
7214 -29
7215 -28
7216 -27
7217 -26
7218 -25
7219 -24
7220 -23
7221 -22
7222 -21
7223 -20
7224 -19
7225 -18
7226 -17
7227 -16
7228 -15
7229 -14
7230 -13
7231 -12
7232 -11
7233 -10
7234 -9
7235 -8
7236 -7
7237 -6
7238 -5
7239 -4
7240 -3
7241 -2
7242 -1
7243 1
7244 2
7245 3
7246 4
7247 5
7248 6
7249 7
7250 8
7251 9
7252 10
7253 11
7254 12
7255 13
7256 14
7257 15
7258 16
7259 17
7260 18
7261 19
7262 20
7263 21
7264 22
7265 23
7266 24
7267 25
7268 26
7269 27
7270 28
7271 29
7272 30
7273 31
7274 32
7275 33
7276 34
7277 35
7278 36
7279 37
7280 38
7281 39
7282 40
7283 41
7284 42
7285 43
7286 44
7287 45
7288 46
7289 47
7290 48
7291 49
7292 50
7293 51
7294 52
7295 53
7296 54
7297 55
7298 56
7299 57
7300 58
7301 59
7302 60
7303 61
7304 62
7305 63
7306 64
7307 65
7308 66
7309 67
7310 68
7311 69
7312 70
7313 71
7314 72
7315 73
7316 74
7317 75
7318 76
7319 77
7320 78
7321 79
7322 80
7323 81
7324 82
7325 83
7326 84
7327 85
7328 86
7329 87
7330 88
7331 89
7332 90
7333 91
7334 92
7335 93
7336 94
7337 95
7338 96
7339 97
7340 98
7341 99
7342 100
7343 101
7344 102
7345 103
7346 104
7347 105
7348 106
7349 107
7350 108
7351 -109
7352 -107
7353 -103
7354 -101
7355 -97
7356 -93
7357 -91
7358 -89
7359 -87
7360 -83
7361 -81
7362 -79
7363 -73
7364 -71
7365 -69
7366 -67
7367 -63
7368 -61
7369 -59
7370 -57
7371 -53
7372 -51
7373 -49
7374 -47
7375 -43
7376 -41
7377 -39
7378 -37
7379 -31
7380 -29
7381 -27
7382 -23
7383 -21
7384 -19
7385 -17
7386 -13
7387 -9
7388 -7
7389 -3
7390 -1
7391 1
7392 3
7393 7
7394 9
7395 13
7396 17
7397 19
7398 21
7399 23
7400 27
7401 29
7402 31
7403 37
7404 39
7405 41
7406 43
7407 47
7408 49
7409 51
7410 53
7411 57
7412 59
7413 61
7414 63
7415 67
7416 69
7417 71
7418 73
7419 79
7420 81
7421 83
7422 87
7423 89
7424 91
7425 93
7426 97
7427 101
7428 103
7429 107
7430 109
7431 -110
7432 -109
7433 -107
7434 -106
7435 -104
7436 -103
7437 -101
7438 -100
7439 -98
7440 -97
7441 -95
7442 -94
7443 -92
7444 -91
7445 -89
7446 -88
7447 -86
7448 -85
7449 -83
7450 -82
7451 -80
7452 -79
7453 -77
7454 -76
7455 -73
7456 -71
7457 -70
7458 -68
7459 -67
7460 -65
7461 -64
7462 -62
7463 -61
7464 -59
7465 -58
7466 -56
7467 -55
7468 -53
7469 -52
7470 -50
7471 -49
7472 -47
7473 -46
7474 -44
7475 -43
7476 -41
7477 -40
7478 -38
7479 -35
7480 -34
7481 -32
7482 -31
7483 -29
7484 -28
7485 -26
7486 -25
7487 -23
7488 -22
7489 -20
7490 -19
7491 -17
7492 -16
7493 -14
7494 -13
7495 -11
7496 -10
7497 -8
7498 -7
7499 -5
7500 -4
7501 -2
7502 -1
7503 1
7504 2
7505 4
7506 5
7507 7
7508 8
7509 10
7510 11
7511 13
7512 14
7513 16
7514 17
7515 19
7516 20
7517 22
7518 23
7519 25
7520 26
7521 28
7522 29
7523 31
7524 32
7525 34
7526 35
7527 38
7528 40
7529 41
7530 43
7531 44
7532 46
7533 47
7534 49
7535 50
7536 52
7537 53
7538 55
7539 56
7540 58
7541 59
7542 61
7543 62
7544 64
7545 65
7546 67
7547 68
7548 70
7549 71
7550 73
7551 76
7552 77
7553 79
7554 80
7555 82
7556 83
7557 85
7558 86
7559 88
7560 89
7561 91
7562 92
7563 94
7564 95
7565 97
7566 98
7567 100
7568 101
7569 103
7570 104
7571 106
7572 107
7573 109
7574 110
7575 -111
7576 -109
7577 -107
7578 -103
7579 -101
7580 -99
7581 -97
7582 -95
7583 -93
7584 -89
7585 -87
7586 -85
7587 -83
7588 -81
7589 -79
7590 -75
7591 -73
7592 -71
7593 -69
7594 -67
7595 -65
7596 -61
7597 -59
7598 -57
7599 -55
7600 -53
7601 -51
7602 -47
7603 -45
7604 -43
7605 -41
7606 -39
7607 -37
7608 -33
7609 -31
7610 -29
7611 -27
7612 -25
7613 -23
7614 -19
7615 -17
7616 -15
7617 -13
7618 -11
7619 -9
7620 -5
7621 -3
7622 -1
7623 1
7624 3
7625 5
7626 9
7627 11
7628 13
7629 15
7630 17
7631 19
7632 23
7633 25
7634 27
7635 29
7636 31
7637 33
7638 37
7639 39
7640 41
7641 43
7642 45
7643 47
7644 51
7645 53
7646 55
7647 57
7648 59
7649 61
7650 65
7651 67
7652 69
7653 71
7654 73
7655 75
7656 79
7657 81
7658 83
7659 85
7660 87
7661 89
7662 93
7663 95
7664 97
7665 99
7666 101
7667 103
7668 107
7669 109
7670 111
7671 -112
7672 -111
7673 -110
7674 -109
7675 -108
7676 -107
7677 -106
7678 -105
7679 -104
7680 -103
7681 -102
7682 -101
7683 -100
7684 -99
7685 -98
7686 -97
7687 -96
7688 -95
7689 -94
7690 -93
7691 -92
7692 -91
7693 -90
7694 -89
7695 -88
7696 -87
7697 -86
7698 -85
7699 -84
7700 -83
7701 -82
7702 -81
7703 -80
7704 -79
7705 -78
7706 -77
7707 -76
7708 -75
7709 -74
7710 -73
7711 -72
7712 -71
7713 -70
7714 -69
7715 -68
7716 -67
7717 -66
7718 -65
7719 -64
7720 -63
7721 -62
7722 -61
7723 -60
7724 -59
7725 -58
7726 -57
7727 -56
7728 -55
7729 -54
7730 -53
7731 -52
7732 -51
7733 -50
7734 -49
7735 -48
7736 -47
7737 -46
7738 -45
7739 -44
7740 -43
7741 -42
7742 -41
7743 -40
7744 -39
7745 -38
7746 -37
7747 -36
7748 -35
7749 -34
7750 -33
7751 -32
7752 -31
7753 -30
7754 -29
7755 -28
7756 -27
7757 -26
7758 -25
7759 -24
7760 -23
7761 -22
7762 -21
7763 -20
7764 -19
7765 -18
7766 -17
7767 -16
7768 -15
7769 -14
7770 -13
7771 -12
7772 -11
7773 -10
7774 -9
7775 -8
7776 -7
7777 -6
7778 -5
7779 -4
7780 -3
7781 -2
7782 -1
7783 1
7784 2
7785 3
7786 4
7787 5
7788 6
7789 7
7790 8
7791 9
7792 10
7793 11
7794 12
7795 13
7796 14
7797 15
7798 16
7799 17
7800 18
7801 19
7802 20
7803 21
7804 22
7805 23
7806 24
7807 25
7808 26
7809 27
7810 28
7811 29
7812 30
7813 31
7814 32
7815 33
7816 34
7817 35
7818 36
7819 37
7820 38
7821 39
7822 40
7823 41
7824 42
7825 43
7826 44
7827 45
7828 46
7829 47
7830 48
7831 49
7832 50
7833 51
7834 52
7835 53
7836 54
7837 55
7838 56
7839 57
7840 58
7841 59
7842 60
7843 61
7844 62
7845 63
7846 64
7847 65
7848 66
7849 67
7850 68
7851 69
7852 70
7853 71
7854 72
7855 73
7856 74
7857 75
7858 76
7859 77
7860 78
7861 79
7862 80
7863 81
7864 82
7865 83
7866 84
7867 85
7868 86
7869 87
7870 88
7871 89
7872 90
7873 91
7874 92
7875 93
7876 94
7877 95
7878 96
7879 97
7880 98
7881 99
7882 100
7883 101
7884 102
7885 103
7886 104
7887 105
7888 106
7889 107
7890 108
7891 109
7892 110
7893 111
7894 112
7895 -113
7896 -109
7897 -107
7898 -103
7899 -101
7900 -97
7901 -91
7902 -89
7903 -85
7904 -83
7905 -79
7906 -77
7907 -73
7908 -71
7909 -67
7910 -65
7911 -61
7912 -59
7913 -55
7914 -53
7915 -49
7916 -47
7917 -43
7918 -41
7919 -37
7920 -35
7921 -31
7922 -29
7923 -25
7924 -23
7925 -17
7926 -13
7927 -11
7928 -7
7929 -5
7930 -1
7931 1
7932 5
7933 7
7934 11
7935 13
7936 17
7937 23
7938 25
7939 29
7940 31
7941 35
7942 37
7943 41
7944 43
7945 47
7946 49
7947 53
7948 55
7949 59
7950 61
7951 65
7952 67
7953 71
7954 73
7955 77
7956 79
7957 83
7958 85
7959 89
7960 91
7961 97
7962 101
7963 103
7964 107
7965 109
7966 113
7967 -114
7968 -113
7969 -112
7970 -111
7971 -109
7972 -108
7973 -107
7974 -106
7975 -104
7976 -103
7977 -102
7978 -101
7979 -99
7980 -98
7981 -97
7982 -96
7983 -94
7984 -93
7985 -91
7986 -89
7987 -88
7988 -87
7989 -86
7990 -84
7991 -83
7992 -82
7993 -81
7994 -79
7995 -78
7996 -77
7997 -76
7998 -74
7999 -73
8000 -72
8001 -71
8002 -68
8003 -67
8004 -66
8005 -64
8006 -63
8007 -62
8008 -61
8009 -59
8010 -58
8011 -57
8012 -56
8013 -54
8014 -53
8015 -52
8016 -51
8017 -49
8018 -48
8019 -47
8020 -44
8021 -43
8022 -42
8023 -41
8024 -39
8025 -38
8026 -37
8027 -36
8028 -34
8029 -33
8030 -32
8031 -31
8032 -29
8033 -28
8034 -27
8035 -26
8036 -24
8037 -22
8038 -21
8039 -19
8040 -18
8041 -17
8042 -16
8043 -14
8044 -13
8045 -12
8046 -11
8047 -9
8048 -8
8049 -7
8050 -6
8051 -4
8052 -3
8053 -2
8054 -1
8055 1
8056 2
8057 3
8058 4
8059 6
8060 7
8061 8
8062 9
8063 11
8064 12
8065 13
8066 14
8067 16
8068 17
8069 18
8070 19
8071 21
8072 22
8073 24
8074 26
8075 27
8076 28
8077 29
8078 31
8079 32
8080 33
8081 34
8082 36
8083 37
8084 38
8085 39
8086 41
8087 42
8088 43
8089 44
8090 47
8091 48
8092 49
8093 51
8094 52
8095 53
8096 54
8097 56
8098 57
8099 58
8100 59
8101 61
8102 62
8103 63
8104 64
8105 66
8106 67
8107 68
8108 71
8109 72
8110 73
8111 74
8112 76
8113 77
8114 78
8115 79
8116 81
8117 82
8118 83
8119 84
8120 86
8121 87
8122 88
8123 89
8124 91
8125 93
8126 94
8127 96
8128 97
8129 98
8130 99
8131 101
8132 102
8133 103
8134 104
8135 106
8136 107
8137 108
8138 109
8139 111
8140 112
8141 113
8142 114
8143 -115
8144 -113
8145 -111
8146 -109
8147 -107
8148 -105
8149 -103
8150 -101
8151 -99
8152 -97
8153 -95
8154 -93
8155 -91
8156 -89
8157 -85
8158 -83
8159 -81
8160 -79
8161 -77
8162 -75
8163 -73
8164 -71
8165 -69
8166 -67
8167 -65
8168 -63
8169 -61
8170 -59
8171 -57
8172 -55
8173 -53
8174 -51
8175 -49
8176 -47
8177 -45
8178 -43
8179 -41
8180 -39
8181 -37
8182 -35
8183 -33
8184 -31
8185 -27
8186 -25
8187 -23
8188 -21
8189 -19
8190 -17
8191 -15
8192 -13
8193 -11
8194 -9
8195 -7
8196 -5
8197 -3
8198 -1
8199 1
8200 3
8201 5
8202 7
8203 9
8204 11
8205 13
8206 15
8207 17
8208 19
8209 21
8210 23
8211 25
8212 27
8213 31
8214 33
8215 35
8216 37
8217 39
8218 41
8219 43
8220 45
8221 47
8222 49
8223 51
8224 53
8225 55
8226 57
8227 59
8228 61
8229 63
8230 65
8231 67
8232 69
8233 71
8234 73
8235 75
8236 77
8237 79
8238 81
8239 83
8240 85
8241 89
8242 91
8243 93
8244 95
8245 97
8246 99
8247 101
8248 103
8249 105
8250 107
8251 109
8252 111
8253 113
8254 115
8255 -116
8256 -115
8257 -113
8258 -112
8259 -110
8260 -109
8261 -107
8262 -106
8263 -103
8264 -101
8265 -100
8266 -98
8267 -97
8268 -95
8269 -94
8270 -92
8271 -89
8272 -88
8273 -86
8274 -85
8275 -83
8276 -82
8277 -80
8278 -79
8279 -77
8280 -76
8281 -74
8282 -73
8283 -71
8284 -70
8285 -68
8286 -67
8287 -64
8288 -62
8289 -61
8290 -59
8291 -58
8292 -56
8293 -55
8294 -53
8295 -50
8296 -49
8297 -47
8298 -46
8299 -44
8300 -43
8301 -41
8302 -40
8303 -38
8304 -37
8305 -35
8306 -34
8307 -32
8308 -31
8309 -29
8310 -28
8311 -25
8312 -23
8313 -22
8314 -20
8315 -19
8316 -17
8317 -16
8318 -14
8319 -11
8320 -10
8321 -8
8322 -7
8323 -5
8324 -4
8325 -2
8326 -1
8327 1
8328 2
8329 4
8330 5
8331 7
8332 8
8333 10
8334 11
8335 14
8336 16
8337 17
8338 19
8339 20
8340 22
8341 23
8342 25
8343 28
8344 29
8345 31
8346 32
8347 34
8348 35
8349 37
8350 38
8351 40
8352 41
8353 43
8354 44
8355 46
8356 47
8357 49
8358 50
8359 53
8360 55
8361 56
8362 58
8363 59
8364 61
8365 62
8366 64
8367 67
8368 68
8369 70
8370 71
8371 73
8372 74
8373 76
8374 77
8375 79
8376 80
8377 82
8378 83
8379 85
8380 86
8381 88
8382 89
8383 92
8384 94
8385 95
8386 97
8387 98
8388 100
8389 101
8390 103
8391 106
8392 107
8393 109
8394 110
8395 112
8396 113
8397 115
8398 116
8399 -117
8400 -115
8401 -113
8402 -111
8403 -109
8404 -107
8405 -105
8406 -103
8407 -101
8408 -99
8409 -97
8410 -95
8411 -93
8412 -91
8413 -89
8414 -87
8415 -85
8416 -83
8417 -81
8418 -79
8419 -77
8420 -75
8421 -73
8422 -71
8423 -69
8424 -67
8425 -65
8426 -63
8427 -61
8428 -57
8429 -55
8430 -53
8431 -51
8432 -49
8433 -47
8434 -45
8435 -43
8436 -41
8437 -39
8438 -37
8439 -35
8440 -33
8441 -31
8442 -29
8443 -27
8444 -25
8445 -23
8446 -21
8447 -19
8448 -17
8449 -15
8450 -13
8451 -11
8452 -9
8453 -7
8454 -5
8455 -3
8456 -1
8457 1
8458 3
8459 5
8460 7
8461 9
8462 11
8463 13
8464 15
8465 17
8466 19
8467 21
8468 23
8469 25
8470 27
8471 29
8472 31
8473 33
8474 35
8475 37
8476 39
8477 41
8478 43
8479 45
8480 47
8481 49
8482 51
8483 53
8484 55
8485 57
8486 61
8487 63
8488 65
8489 67
8490 69
8491 71
8492 73
8493 75
8494 77
8495 79
8496 81
8497 83
8498 85
8499 87
8500 89
8501 91
8502 93
8503 95
8504 97
8505 99
8506 101
8507 103
8508 105
8509 107
8510 109
8511 111
8512 113
8513 115
8514 117
8515 -118
8516 -117
8517 -116
8518 -115
8519 -114
8520 -113
8521 -111
8522 -110
8523 -109
8524 -108
8525 -107
8526 -106
8527 -104
8528 -103
8529 -101
8530 -100
8531 -99
8532 -97
8533 -96
8534 -95
8535 -94
8536 -93
8537 -92
8538 -90
8539 -89
8540 -88
8541 -87
8542 -86
8543 -83
8544 -82
8545 -81
8546 -80
8547 -79
8548 -78
8549 -76
8550 -75
8551 -74
8552 -73
8553 -72
8554 -71
8555 -69
8556 -67
8557 -66
8558 -65
8559 -64
8560 -62
8561 -61
8562 -60
8563 -59
8564 -58
8565 -57
8566 -55
8567 -54
8568 -53
8569 -52
8570 -50
8571 -48
8572 -47
8573 -46
8574 -45
8575 -44
8576 -43
8577 -41
8578 -40
8579 -39
8580 -38
8581 -37
8582 -36
8583 -33
8584 -32
8585 -31
8586 -30
8587 -29
8588 -27
8589 -26
8590 -25
8591 -24
8592 -23
8593 -22
8594 -20
8595 -19
8596 -18
8597 -16
8598 -15
8599 -13
8600 -12
8601 -11
8602 -10
8603 -9
8604 -8
8605 -6
8606 -5
8607 -4
8608 -3
8609 -2
8610 -1
8611 1
8612 2
8613 3
8614 4
8615 5
8616 6
8617 8
8618 9
8619 10
8620 11
8621 12
8622 13
8623 15
8624 16
8625 18
8626 19
8627 20
8628 22
8629 23
8630 24
8631 25
8632 26
8633 27
8634 29
8635 30
8636 31
8637 32
8638 33
8639 36
8640 37
8641 38
8642 39
8643 40
8644 41
8645 43
8646 44
8647 45
8648 46
8649 47
8650 48
8651 50
8652 52
8653 53
8654 54
8655 55
8656 57
8657 58
8658 59
8659 60
8660 61
8661 62
8662 64
8663 65
8664 66
8665 67
8666 69
8667 71
8668 72
8669 73
8670 74
8671 75
8672 76
8673 78
8674 79
8675 80
8676 81
8677 82
8678 83
8679 86
8680 87
8681 88
8682 89
8683 90
8684 92
8685 93
8686 94
8687 95
8688 96
8689 97
8690 99
8691 100
8692 101
8693 103
8694 104
8695 106
8696 107
8697 108
8698 109
8699 110
8700 111
8701 113
8702 114
8703 115
8704 116
8705 117
8706 118
8707 -119
8708 -113
8709 -109
8710 -107
8711 -103
8712 -101
8713 -97
8714 -91
8715 -89
8716 -83
8717 -79
8718 -77
8719 -73
8720 -71
8721 -67
8722 -61
8723 -59
8724 -53
8725 -49
8726 -47
8727 -43
8728 -41
8729 -37
8730 -31
8731 -29
8732 -23
8733 -19
8734 -17
8735 -13
8736 -11
8737 -7
8738 -1
8739 1
8740 7
8741 11
8742 13
8743 17
8744 19
8745 23
8746 29
8747 31
8748 37
8749 41
8750 43
8751 47
8752 49
8753 53
8754 59
8755 61
8756 67
8757 71
8758 73
8759 77
8760 79
8761 83
8762 89
8763 91
8764 97
8765 101
8766 103
8767 107
8768 109
8769 113
8770 119
8771 -120
8772 -119
8773 -118
8774 -117
8775 -116
8776 -115
8777 -114
8778 -113
8779 -112
8780 -111
8781 -109
8782 -108
8783 -107
8784 -106
8785 -105
8786 -104
8787 -103
8788 -102
8789 -101
8790 -100
8791 -98
8792 -97
8793 -96
8794 -95
8795 -94
8796 -93
8797 -92
8798 -91
8799 -90
8800 -89
8801 -87
8802 -86
8803 -85
8804 -84
8805 -83
8806 -82
8807 -81
8808 -80
8809 -79
8810 -78
8811 -76
8812 -75
8813 -74
8814 -73
8815 -72
8816 -71
8817 -70
8818 -69
8819 -68
8820 -67
8821 -65
8822 -64
8823 -63
8824 -62
8825 -61
8826 -60
8827 -59
8828 -58
8829 -57
8830 -56
8831 -54
8832 -53
8833 -52
8834 -51
8835 -50
8836 -49
8837 -48
8838 -47
8839 -46
8840 -45
8841 -43
8842 -42
8843 -41
8844 -40
8845 -39
8846 -38
8847 -37
8848 -36
8849 -35
8850 -34
8851 -32
8852 -31
8853 -30
8854 -29
8855 -28
8856 -27
8857 -26
8858 -25
8859 -24
8860 -23
8861 -21
8862 -20
8863 -19
8864 -18
8865 -17
8866 -16
8867 -15
8868 -14
8869 -13
8870 -12
8871 -10
8872 -9
8873 -8
8874 -7
8875 -6
8876 -5
8877 -4
8878 -3
8879 -2
8880 -1
8881 1
8882 2
8883 3
8884 4
8885 5
8886 6
8887 7
8888 8
8889 9
8890 10
8891 12
8892 13
8893 14
8894 15
8895 16
8896 17
8897 18
8898 19
8899 20
8900 21
8901 23
8902 24
8903 25
8904 26
8905 27
8906 28
8907 29
8908 30
8909 31
8910 32
8911 34
8912 35
8913 36
8914 37
8915 38
8916 39
8917 40
8918 41
8919 42
8920 43
8921 45
8922 46
8923 47
8924 48
8925 49
8926 50
8927 51
8928 52
8929 53
8930 54
8931 56
8932 57
8933 58
8934 59
8935 60
8936 61
8937 62
8938 63
8939 64
8940 65
8941 67
8942 68
8943 69
8944 70
8945 71
8946 72
8947 73
8948 74
8949 75
8950 76
8951 78
8952 79
8953 80
8954 81
8955 82
8956 83
8957 84
8958 85
8959 86
8960 87
8961 89
8962 90
8963 91
8964 92
8965 93
8966 94
8967 95
8968 96
8969 97
8970 98
8971 100
8972 101
8973 102
8974 103
8975 104
8976 105
8977 106
8978 107
8979 108
8980 109
8981 111
8982 112
8983 113
8984 114
8985 115
8986 116
8987 117
8988 118
8989 119
8990 120
8991 -121
8992 -119
8993 -117
8994 -115
8995 -113
8996 -111
8997 -109
8998 -107
8999 -105
9000 -103
9001 -101
9002 -99
9003 -97
9004 -95
9005 -93
9006 -91
9007 -89
9008 -87
9009 -85
9010 -83
9011 -81
9012 -79
9013 -77
9014 -75
9015 -73
9016 -71
9017 -69
9018 -67
9019 -65
9020 -63
9021 -59
9022 -57
9023 -55
9024 -53
9025 -51
9026 -49
9027 -47
9028 -45
9029 -43
9030 -41
9031 -39
9032 -37
9033 -35
9034 -33
9035 -31
9036 -29
9037 -27
9038 -25
9039 -23
9040 -21
9041 -19
9042 -17
9043 -15
9044 -13
9045 -11
9046 -9
9047 -7
9048 -5
9049 -3
9050 -1
9051 1
9052 3
9053 5
9054 7
9055 9
9056 11
9057 13
9058 15
9059 17
9060 19
9061 21
9062 23
9063 25
9064 27
9065 29
9066 31
9067 33
9068 35
9069 37
9070 39
9071 41
9072 43
9073 45
9074 47
9075 49
9076 51
9077 53
9078 55
9079 57
9080 59
9081 63
9082 65
9083 67
9084 69
9085 71
9086 73
9087 75
9088 77
9089 79
9090 81
9091 83
9092 85
9093 87
9094 89
9095 91
9096 93
9097 95
9098 97
9099 99
9100 101
9101 103
9102 105
9103 107
9104 109
9105 111
9106 113
9107 115
9108 117
9109 119
9110 121
9111 -122
9112 -121
9113 -119
9114 -118
9115 -116
9116 -115
9117 -113
9118 -112
9119 -110
9120 -109
9121 -107
9122 -106
9123 -104
9124 -103
9125 -101
9126 -100
9127 -98
9128 -97
9129 -95
9130 -94
9131 -92
9132 -91
9133 -89
9134 -88
9135 -86
9136 -85
9137 -83
9138 -80
9139 -79
9140 -77
9141 -76
9142 -74
9143 -73
9144 -71
9145 -70
9146 -68
9147 -67
9148 -65
9149 -64
9150 -62
9151 -61
9152 -59
9153 -58
9154 -56
9155 -55
9156 -53
9157 -52
9158 -50
9159 -49
9160 -47
9161 -46
9162 -44
9163 -43
9164 -40
9165 -38
9166 -37
9167 -35
9168 -34
9169 -32
9170 -31
9171 -29
9172 -28
9173 -26
9174 -25
9175 -23
9176 -22
9177 -20
9178 -19
9179 -17
9180 -16
9181 -14
9182 -13
9183 -11
9184 -10
9185 -8
9186 -7
9187 -5
9188 -4
9189 -2
9190 -1
9191 1
9192 2
9193 4
9194 5
9195 7
9196 8
9197 10
9198 11
9199 13
9200 14
9201 16
9202 17
9203 19
9204 20
9205 22
9206 23
9207 25
9208 26
9209 28
9210 29
9211 31
9212 32
9213 34
9214 35
9215 37
9216 38
9217 40
9218 43
9219 44
9220 46
9221 47
9222 49
9223 50
9224 52
9225 53
9226 55
9227 56
9228 58
9229 59
9230 61
9231 62
9232 64
9233 65
9234 67
9235 68
9236 70
9237 71
9238 73
9239 74
9240 76
9241 77
9242 79
9243 80
9244 83
9245 85
9246 86
9247 88
9248 89
9249 91
9250 92
9251 94
9252 95
9253 97
9254 98
9255 100
9256 101
9257 103
9258 104
9259 106
9260 107
9261 109
9262 110
9263 112
9264 113
9265 115
9266 116
9267 118
9268 119
9269 121
9270 122
9271 -123
9272 -121
9273 -119
9274 -117
9275 -115
9276 -113
9277 -111
9278 -109
9279 -107
9280 -105
9281 -103
9282 -101
9283 -99
9284 -97
9285 -95
9286 -91
9287 -89
9288 -87
9289 -85
9290 -83
9291 -81
9292 -79
9293 -77
9294 -75
9295 -73
9296 -71
9297 -69
9298 -67
9299 -65
9300 -63
9301 -61
9302 -59
9303 -57
9304 -55
9305 -53
9306 -51
9307 -49
9308 -47
9309 -45
9310 -43
9311 -41
9312 -39
9313 -37
9314 -35
9315 -33
9316 -29
9317 -27
9318 -25
9319 -23
9320 -21
9321 -19
9322 -17
9323 -15
9324 -13
9325 -11
9326 -9
9327 -7
9328 -5
9329 -3
9330 -1
9331 1
9332 3
9333 5
9334 7
9335 9
9336 11
9337 13
9338 15
9339 17
9340 19
9341 21
9342 23
9343 25
9344 27
9345 29
9346 33
9347 35
9348 37
9349 39
9350 41
9351 43
9352 45
9353 47
9354 49
9355 51
9356 53
9357 55
9358 57
9359 59
9360 61
9361 63
9362 65
9363 67
9364 69
9365 71
9366 73
9367 75
9368 77
9369 79
9370 81
9371 83
9372 85
9373 87
9374 89
9375 91
9376 95
9377 97
9378 99
9379 101
9380 103
9381 105
9382 107
9383 109
9384 111
9385 113
9386 115
9387 117
9388 119
9389 121
9390 123
9391 -124
9392 -123
9393 -122
9394 -121
9395 -119
9396 -118
9397 -117
9398 -116
9399 -114
9400 -113
9401 -112
9402 -111
9403 -109
9404 -108
9405 -107
9406 -106
9407 -104
9408 -103
9409 -102
9410 -101
9411 -99
9412 -98
9413 -97
9414 -96
9415 -94
9416 -93
9417 -92
9418 -91
9419 -89
9420 -88
9421 -87
9422 -86
9423 -84
9424 -83
9425 -82
9426 -81
9427 -79
9428 -78
9429 -77
9430 -76
9431 -74
9432 -73
9433 -72
9434 -71
9435 -69
9436 -68
9437 -67
9438 -66
9439 -64
9440 -63
9441 -62
9442 -61
9443 -59
9444 -58
9445 -57
9446 -56
9447 -54
9448 -53
9449 -52
9450 -51
9451 -49
9452 -48
9453 -47
9454 -46
9455 -44
9456 -43
9457 -42
9458 -41
9459 -39
9460 -38
9461 -37
9462 -36
9463 -34
9464 -33
9465 -32
9466 -31
9467 -29
9468 -28
9469 -27
9470 -26
9471 -24
9472 -23
9473 -22
9474 -21
9475 -19
9476 -18
9477 -17
9478 -16
9479 -14
9480 -13
9481 -12
9482 -11
9483 -9
9484 -8
9485 -7
9486 -6
9487 -4
9488 -3
9489 -2
9490 -1
9491 1
9492 2
9493 3
9494 4
9495 6
9496 7
9497 8
9498 9
9499 11
9500 12
9501 13
9502 14
9503 16
9504 17
9505 18
9506 19
9507 21
9508 22
9509 23
9510 24
9511 26
9512 27
9513 28
9514 29
9515 31
9516 32
9517 33
9518 34
9519 36
9520 37
9521 38
9522 39
9523 41
9524 42
9525 43
9526 44
9527 46
9528 47
9529 48
9530 49
9531 51
9532 52
9533 53
9534 54
9535 56
9536 57
9537 58
9538 59
9539 61
9540 62
9541 63
9542 64
9543 66
9544 67
9545 68
9546 69
9547 71
9548 72
9549 73
9550 74
9551 76
9552 77
9553 78
9554 79
9555 81
9556 82
9557 83
9558 84
9559 86
9560 87
9561 88
9562 89
9563 91
9564 92
9565 93
9566 94
9567 96
9568 97
9569 98
9570 99
9571 101
9572 102
9573 103
9574 104
9575 106
9576 107
9577 108
9578 109
9579 111
9580 112
9581 113
9582 114
9583 116
9584 117
9585 118
9586 119
9587 121
9588 122
9589 123
9590 124
9591 -125
9592 -121
9593 -115
9594 -113
9595 -109
9596 -107
9597 -103
9598 -101
9599 -97
9600 -95
9601 -89
9602 -85
9603 -83
9604 -79
9605 -73
9606 -71
9607 -67
9608 -65
9609 -61
9610 -59
9611 -55
9612 -53
9613 -47
9614 -43
9615 -41
9616 -37
9617 -31
9618 -29
9619 -25
9620 -23
9621 -19
9622 -17
9623 -13
9624 -11
9625 -5
9626 -1
9627 1
9628 5
9629 11
9630 13
9631 17
9632 19
9633 23
9634 25
9635 29
9636 31
9637 37
9638 41
9639 43
9640 47
9641 53
9642 55
9643 59
9644 61
9645 65
9646 67
9647 71
9648 73
9649 79
9650 83
9651 85
9652 89
9653 95
9654 97
9655 101
9656 103
9657 107
9658 109
9659 113
9660 115
9661 121
9662 125
9663 -126
9664 -125
9665 -124
9666 -123
9667 -122
9668 -121
9669 -120
9670 -119
9671 -118
9672 -117
9673 -116
9674 -115
9675 -114
9676 -113
9677 -112
9678 -111
9679 -110
9680 -109
9681 -108
9682 -107
9683 -106
9684 -105
9685 -104
9686 -103
9687 -102
9688 -101
9689 -100
9690 -99
9691 -98
9692 -97
9693 -96
9694 -95
9695 -94
9696 -93
9697 -92
9698 -91
9699 -90
9700 -89
9701 -88
9702 -87
9703 -86
9704 -85
9705 -84
9706 -83
9707 -82
9708 -81
9709 -80
9710 -79
9711 -78
9712 -77
9713 -76
9714 -75
9715 -74
9716 -73
9717 -72
9718 -71
9719 -70
9720 -69
9721 -68
9722 -67
9723 -66
9724 -65
9725 -64
9726 -63
9727 -62
9728 -61
9729 -60
9730 -59
9731 -58
9732 -57
9733 -56
9734 -55
9735 -54
9736 -53
9737 -52
9738 -51
9739 -50
9740 -49
9741 -48
9742 -47
9743 -46
9744 -45
9745 -44
9746 -43
9747 -42
9748 -41
9749 -40
9750 -39
9751 -38
9752 -37
9753 -36
9754 -35
9755 -34
9756 -33
9757 -32
9758 -31
9759 -30
9760 -29
9761 -28
9762 -27
9763 -26
9764 -25
9765 -24
9766 -23
9767 -22
9768 -21
9769 -20
9770 -19
9771 -18
9772 -17
9773 -16
9774 -15
9775 -14
9776 -13
9777 -12
9778 -11
9779 -10
9780 -9
9781 -8
9782 -7
9783 -6
9784 -5
9785 -4
9786 -3
9787 -2
9788 -1
9789 1
9790 2
9791 3
9792 4
9793 5
9794 6
9795 7
9796 8
9797 9
9798 10
9799 11
9800 12
9801 13
9802 14
9803 15
9804 16
9805 17
9806 18
9807 19
9808 20
9809 21
9810 22
9811 23
9812 24
9813 25
9814 26
9815 27
9816 28
9817 29
9818 30
9819 31
9820 32
9821 33
9822 34
9823 35
9824 36
9825 37
9826 38
9827 39
9828 40
9829 41
9830 42
9831 43
9832 44
9833 45
9834 46
9835 47
9836 48
9837 49
9838 50
9839 51
9840 52
9841 53
9842 54
9843 55
9844 56
9845 57
9846 58
9847 59
9848 60
9849 61
9850 62
9851 63
9852 64
9853 65
9854 66
9855 67
9856 68
9857 69
9858 70
9859 71
9860 72
9861 73
9862 74
9863 75
9864 76
9865 77
9866 78
9867 79
9868 80
9869 81
9870 82
9871 83
9872 84
9873 85
9874 86
9875 87
9876 88
9877 89
9878 90
9879 91
9880 92
9881 93
9882 94
9883 95
9884 96
9885 97
9886 98
9887 99
9888 100
9889 101
9890 102
9891 103
9892 104
9893 105
9894 106
9895 107
9896 108
9897 109
9898 110
9899 111
9900 112
9901 113
9902 114
9903 115
9904 116
9905 117
9906 118
9907 119
9908 120
9909 121
9910 122
9911 123
9912 124
9913 125
9914 126
9915 -127
9916 -125
9917 -123
9918 -121
9919 -119
9920 -117
9921 -115
9922 -113
9923 -111
9924 -109
9925 -107
9926 -105
9927 -103
9928 -101
9929 -99
9930 -97
9931 -95
9932 -93
9933 -91
9934 -89
9935 -87
9936 -85
9937 -83
9938 -81
9939 -79
9940 -77
9941 -75
9942 -73
9943 -71
9944 -69
9945 -67
9946 -65
9947 -63
9948 -61
9949 -59
9950 -57
9951 -55
9952 -53
9953 -51
9954 -49
9955 -47
9956 -45
9957 -43
9958 -41
9959 -39
9960 -37
9961 -35
9962 -33
9963 -31
9964 -29
9965 -27
9966 -25
9967 -23
9968 -21
9969 -19
9970 -17
9971 -15
9972 -13
9973 -11
9974 -9
9975 -7
9976 -5
9977 -3
9978 -1
9979 1
9980 3
9981 5
9982 7
9983 9
9984 11
9985 13
9986 15
9987 17
9988 19
9989 21
9990 23
9991 25
9992 27
9993 29
9994 31
9995 33
9996 35
9997 37
9998 39
9999 41
10000 43
