1 1
2 2
3 2
4 8
5 2
6 4
7 2
8 16
9 8
10 4
11 2
12 16
13 2
14 4
15 4
16 128
17 2
18 16
19 2
20 16
21 4
22 4
23 2
24 32
25 8
26 4
27 16
28 16
29 2
30 8
31 2
32 256
33 4
34 4
35 4
36 64
37 2
38 4
39 4
40 32
41 2
42 8
43 2
44 16
45 16
46 4
47 2
48 256
49 8
50 16
51 4
52 16
53 2
54 32
55 4
56 32
57 4
58 4
59 2
60 32
61 2
62 4
63 16
64 1024
65 4
66 8
67 2
68 16
69 4
70 8
71 2
72 128
73 2
74 4
75 16
76 16
77 4
78 8
79 2
80 256
81 128
82 4
83 2
84 32
85 4
86 4
87 4
88 32
89 2
90 32
91 4
92 16
93 4
94 4
95 4
96 512
97 2
98 16
99 16
100 64
101 2
102 8
103 2
104 32
105 8
106 4
107 2
108 128
109 2
110 8
111 4
112 256
113 2
114 8
115 4
116 16
117 16
118 4
119 4
120 64
121 8
122 4
123 4
124 16
125 16
126 32
127 2
128 2048
129 4
130 8
131 2
132 32
133 4
134 4
135 32
136 32
137 2
138 8
139 2
140 32
141 4
142 4
143 4
144 1024
145 4
146 4
147 16
148 16
149 2
150 32
151 2
152 32
153 16
154 8
155 4
156 32
157 2
158 4
159 4
160 512
161 4
162 256
163 2
164 16
165 8
166 4
167 2
168 64
169 8
170 8
171 16
172 16
173 2
174 8
175 16
176 256
177 4
178 4
179 2
180 128
181 2
182 8
183 4
184 32
185 4
186 8
187 4
188 16
189 32
190 8
191 2
192 2048
193 2
194 4
195 8
196 64
197 2
198 32
199 2
200 128
201 4
202 4
203 4
204 32
205 4
206 4
207 16
208 256
209 4
210 16
211 2
212 16
213 4
214 4
215 4
216 256
217 4
218 4
219 4
220 32
221 4
222 8
223 2
224 512
225 64
226 4
227 2
228 32
229 2
230 8
231 8
232 32
233 2
234 32
235 4
236 16
237 4
238 8
239 2
240 512
241 2
242 16
243 256
244 16
245 16
246 8
247 4
248 32
249 4
250 32
251 2
252 128
253 4
254 4
255 8
256 32768
257 2
258 8
259 4
260 32
261 16
262 4
263 2
264 64
265 4
266 8
267 4
268 16
269 2
270 64
271 2
272 256
273 8
274 4
275 16
276 32
277 2
278 4
279 16
280 64
281 2
282 8
283 2
284 16
285 8
286 8
287 4
288 2048
289 8
290 8
291 4
292 16
293 2
294 32
295 4
296 32
297 32
298 4
299 4
300 128
301 4
302 4
303 4
304 256
305 4
306 32
307 2
308 32
309 4
310 8
311 2
312 64
313 2
314 4
315 32
316 16
317 2
318 8
319 4
320 2048
321 4
322 8
323 4
324 1024
325 16
326 4
327 4
328 32
329 4
330 16
331 2
332 16
333 16
334 4
335 4
336 512
337 2
338 16
339 4
340 32
341 4
342 32
343 16
344 32
345 8
346 4
347 2
348 32
349 2
350 32
351 32
352 512
353 2
354 8
355 4
356 16
357 8
358 4
359 2
360 256
361 8
362 4
363 16
364 32
365 4
366 8
367 2
368 256
369 16
370 8
371 4
372 32
373 2
374 8
375 32
376 32
377 4
378 64
379 2
380 32
381 4
382 4
383 2
384 4096
385 8
386 4
387 16
388 16
389 2
390 16
391 4
392 128
393 4
394 4
395 4
396 128
397 2
398 4
399 8
400 1024
401 2
402 8
403 4
404 16
405 256
406 8
407 4
408 64
409 2
410 8
411 4
412 16
413 4
414 32
415 4
416 512
417 4
418 8
419 2
420 64
421 2
422 4
423 16
424 32
425 16
426 8
427 4
428 16
429 8
430 8
431 2
432 2048
433 2
434 8
435 8
436 16
437 4
438 8
439 2
440 64
441 64
442 8
443 2
444 32
445 4
446 4
447 4
448 2048
449 2
450 128
451 4
452 16
453 4
454 4
455 8
456 64
457 2
458 4
459 32
460 32
461 2
462 16
463 2
464 256
465 8
466 4
467 2
468 128
469 4
470 8
471 4
472 32
473 4
474 8
475 16
476 32
477 16
478 4
479 2
480 1024
481 4
482 4
483 8
484 64
485 4
486 512
487 2
488 32
489 4
490 32
491 2
492 32
493 4
494 8
495 32
496 256
497 4
498 8
499 2
500 128
501 4
502 4
503 2
504 256
505 4
506 8
507 16
508 16
509 2
510 16
511 4
512 65536
513 32
514 4
515 4
516 32
517 4
518 8
519 4
520 64
521 2
522 32
523 2
524 16
525 32
526 4
527 4
528 512
529 8
530 8
531 16
532 32
533 4
534 8
535 4
536 32
537 4
538 4
539 16
540 256
541 2
542 4
543 4
544 512
545 4
546 16
547 2
548 16
549 16
550 32
551 4
552 64
553 4
554 4
555 8
556 16
557 2
558 32
559 4
560 512
561 8
562 4
563 2
564 32
565 4
566 4
567 256
568 32
569 2
570 16
571 2
572 32
573 4
574 8
575 16
576 8192
577 2
578 16
579 4
580 32
581 4
582 8
583 4
584 32
585 32
586 4
587 2
588 128
589 4
590 8
591 4
592 256
593 2
594 64
595 8
596 16
597 4
598 8
599 2
600 256
601 2
602 8
603 16
604 16
605 16
606 8
607 2
608 512
609 8
610 8
611 4
612 128
613 2
614 4
615 8
616 64
617 2
618 8
619 2
620 32
621 32
622 4
623 4
624 512
625 128
626 4
627 8
628 16
629 4
630 64
631 2
632 32
633 4
634 4
635 4
636 32
637 16
638 8
639 16
640 4096
641 2
642 8
643 2
644 32
645 8
646 8
647 2
648 2048
649 4
650 32
651 8
652 16
653 2
654 8
655 4
656 256
657 16
658 8
659 2
660 64
661 2
662 4
663 8
664 32
665 8
666 32
667 4
668 16
669 4
670 8
671 4
672 1024
673 2
674 4
675 128
676 64
677 2
678 8
679 4
680 64
681 4
682 8
683 2
684 128
685 4
686 32
687 4
688 256
689 4
690 16
691 2
692 16
693 32
694 4
695 4
696 64
697 4
698 4
699 4
700 128
701 2
702 64
703 4
704 2048
705 8
706 4
707 4
708 32
709 2
710 8
711 16
712 32
713 4
714 16
715 8
716 16
717 4
718 4
719 2
720 2048
721 4
722 16
723 4
724 16
725 16
726 32
727 2
728 64
729 1024
730 8
731 4
732 32
733 2
734 4
735 32
736 512
737 4
738 32
739 2
740 32
741 8
742 8
743 2
744 64
745 4
746 4
747 16
748 32
749 4
750 64
751 2
752 256
753 4
754 8
755 4
756 256
757 2
758 4
759 8
760 64
761 2
762 8
763 4
764 16
765 32
766 4
767 4
768 65536
769 2
770 16
771 4
772 16
773 2
774 32
775 16
776 32
777 8
778 4
779 4
780 64
781 4
782 8
783 32
784 1024
785 4
786 8
787 2
788 16
789 4
790 8
791 4
792 256
793 4
794 4
795 8
796 16
797 2
798 16
799 4
800 2048
801 16
802 4
803 4
804 32
805 8
806 8
807 4
808 32
809 2
810 512
811 2
812 32
813 4
814 8
815 4
816 512
817 4
818 4
819 32
820 32
821 2
822 8
823 2
824 32
825 32
826 8
827 2
828 128
829 2
830 8
831 4
832 2048
833 16
834 8
835 4
836 32
837 32
838 4
839 2
840 128
841 8
842 4
843 4
844 16
845 16
846 32
847 16
848 256
849 4
850 32
851 4
852 32
853 2
854 8
855 32
856 32
857 2
858 16
859 2
860 32
861 8
862 4
863 2
864 4096
865 4
866 4
867 16
868 32
869 4
870 16
871 4
872 32
873 16
874 8
875 32
876 32
877 2
878 4
879 4
880 512
881 2
882 128
883 2
884 32
885 8
886 4
887 2
888 64
889 4
890 8
891 256
892 16
893 4
894 8
895 4
896 4096
897 8
898 4
899 4
900 512
901 4
902 8
903 8
904 32
905 4
906 8
907 2
908 16
909 16
910 16
911 2
912 512
913 4
914 4
915 8
916 16
917 4
918 64
919 2
920 64
921 4
922 4
923 4
924 64
925 16
926 4
927 16
928 512
929 2
930 16
931 16
932 16
933 4
934 4
935 8
936 256
937 2
938 8
939 4
940 32
941 2
942 8
943 4
944 256
945 64
946 8
947 2
948 32
949 4
950 32
951 4
952 64
953 2
954 32
955 4
956 16
957 8
958 4
959 4
960 4096
961 8
962 8
963 16
964 16
965 4
966 16
967 2
968 128
969 8
970 8
971 2
972 2048
973 4
974 4
975 32
976 256
977 2
978 8
979 4
980 128
981 16
982 4
983 2
984 64
985 4
986 8
987 8
988 32
989 4
990 64
991 2
992 512
993 4
994 8
995 4
996 32
997 2
998 4
999 32
1000 256
1001 8
1002 8
1003 4
1004 16
1005 8
1006 4
1007 4
1008 2048
1009 2
1010 8
1011 4
1012 32
1013 2
1014 32
1015 8
1016 32
1017 16
1018 4
1019 2
1020 64
1021 2
1022 8
1023 8
1024 262144
1025 16
1026 64
1027 4
1028 16
1029 32
1030 8
1031 2
1032 64
1033 2
1034 8
1035 32
1036 32
1037 4
1038 8
1039 2
1040 512
1041 4
1042 4
1043 4
1044 128
1045 8
1046 4
1047 4
1048 32
1049 2
1050 64
1051 2
1052 16
1053 256
1054 8
1055 4
1056 1024
1057 4
1058 16
1059 4
1060 32
1061 2
1062 32
1063 2
1064 64
1065 8
1066 8
1067 4
1068 32
1069 2
1070 8
1071 32
1072 256
1073 4
1074 8
1075 16
1076 16
1077 4
1078 32
1079 4
1080 512
1081 4
1082 4
1083 16
1084 16
1085 8
1086 8
1087 2
1088 2048
1089 64
1090 8
1091 2
1092 64
1093 2
1094 4
1095 8
1096 32
1097 2
1098 32
1099 4
1100 128
1101 4
1102 8
1103 2
1104 512
1105 8
1106 8
1107 32
1108 16
1109 2
1110 16
1111 4
1112 32
1113 8
1114 4
1115 4
1116 128
1117 2
1118 8
1119 4
1120 1024
1121 4
1122 16
1123 2
1124 16
1125 128
1126 4
1127 16
1128 64
1129 2
1130 8
1131 8
1132 16
1133 4
1134 512
1135 4
1136 256
1137 4
1138 4
1139 4
1140 64
1141 4
1142 4
1143 16
1144 64
1145 4
1146 8
1147 4
1148 32
1149 4
1150 32
1151 2
1152 16384
1153 2
1154 4
1155 16
1156 64
1157 4
1158 8
1159 4
1160 64
1161 32
1162 8
1163 2
1164 32
1165 4
1166 8
1167 4
1168 256
1169 4
1170 64
1171 2
1172 16
1173 8
1174 4
1175 16
1176 256
1177 4
1178 8
1179 16
1180 32
1181 2
1182 8
1183 16
1184 512
1185 8
1186 4
1187 2
1188 256
1189 4
1190 16
1191 4
1192 32
1193 2
1194 8
1195 4
1196 32
1197 32
1198 4
1199 4
1200 2048
1201 2
1202 4
1203 4
1204 32
1205 4
1206 32
1207 4
1208 32
1209 8
1210 32
1211 4
1212 32
1213 2
1214 4
1215 512
1216 2048
1217 2
1218 16
1219 4
1220 32
1221 8
1222 8
1223 2
1224 256
1225 64
1226 4
1227 4
1228 16
1229 2
1230 16
1231 2
1232 512
1233 16
1234 4
1235 8
1236 32
1237 2
1238 4
1239 8
1240 64
1241 4
1242 64
1243 4
1244 16
1245 8
1246 8
1247 4
1248 1024
1249 2
1250 256
1251 16
1252 16
1253 4
1254 16
1255 4
1256 32
1257 4
1258 8
1259 2
1260 256
1261 4
1262 4
1263 4
1264 256
1265 8
1266 8
1267 4
1268 16
1269 32
1270 8
1271 4
1272 64
1273 4
1274 32
1275 32
1276 32
1277 2
1278 32
1279 2
1280 65536
1281 8
1282 4
1283 2
1284 32
1285 4
1286 4
1287 32
1288 64
1289 2
1290 16
1291 2
1292 32
1293 4
1294 4
1295 8
1296 16384
1297 2
1298 8
1299 4
1300 128
1301 2
1302 16
1303 2
1304 32
1305 32
1306 4
1307 2
1308 32
1309 8
1310 8
1311 8
1312 512
1313 4
1314 32
1315 4
1316 32
1317 4
1318 4
1319 2
1320 128
1321 2
1322 4
1323 128
1324 16
1325 16
1326 16
1327 2
1328 256
1329 4
1330 16
1331 16
1332 128
1333 4
1334 8
1335 8
1336 32
1337 4
1338 8
1339 4
1340 32
1341 16
1342 8
1343 4
1344 4096
1345 4
1346 4
1347 4
1348 16
1349 4
1350 256
1351 4
1352 128
1353 8
1354 4
1355 4
1356 32
1357 4
1358 8
1359 16
1360 512
1361 2
1362 8
1363 4
1364 32
1365 16
1366 4
1367 2
1368 256
1369 8
1370 8
1371 4
1372 128
1373 2
1374 8
1375 32
1376 512
1377 256
1378 8
1379 4
1380 64
1381 2
1382 4
1383 4
1384 32
1385 4
1386 64
1387 4
1388 16
1389 4
1390 8
1391 4
1392 512
1393 4
1394 8
1395 32
1396 16
1397 4
1398 8
1399 2
1400 256
1401 4
1402 4
1403 4
1404 256
1405 4
1406 8
1407 8
1408 4096
1409 2
1410 16
1411 4
1412 16
1413 16
1414 8
1415 4
1416 64
1417 4
1418 4
1419 8
1420 32
1421 16
1422 32
1423 2
1424 256
1425 32
1426 8
1427 2
1428 64
1429 2
1430 16
1431 32
1432 32
1433 2
1434 8
1435 8
1436 16
1437 4
1438 4
1439 2
1440 4096
1441 4
1442 8
1443 8
1444 64
1445 16
1446 8
1447 2
1448 32
1449 32
1450 32
1451 2
1452 128
1453 2
1454 4
1455 8
1456 512
1457 4
1458 2048
1459 2
1460 32
1461 4
1462 8
1463 8
1464 64
1465 4
1466 4
1467 16
1468 16
1469 4
1470 64
1471 2
1472 2048
1473 4
1474 8
1475 16
1476 128
1477 4
1478 4
1479 8
1480 64
1481 2
1482 16
1483 2
1484 32
1485 64
1486 4
1487 2
1488 512
1489 2
1490 8
1491 8
1492 16
1493 2
1494 32
1495 8
1496 64
1497 4
1498 8
1499 2
1500 256
1501 4
1502 4
1503 16
1504 512
1505 8
1506 8
1507 4
1508 32
1509 4
1510 8
1511 2
1512 512
1513 4
1514 4
1515 8
1516 16
1517 4
1518 16
1519 16
1520 512
1521 64
1522 4
1523 2
1524 32
1525 16
1526 8
1527 4
1528 32
1529 4
1530 64
1531 2
1532 16
1533 8
1534 8
1535 4
1536 131072
1537 4
1538 4
1539 256
1540 64
1541 4
1542 8
1543 2
1544 32
1545 8
1546 4
1547 8
1548 128
1549 2
1550 32
1551 8
1552 256
1553 2
1554 16
1555 4
1556 16
1557 16
1558 8
1559 2
1560 128
1561 4
1562 8
1563 4
1564 32
1565 4
1566 64
1567 2
1568 2048
1569 4
1570 8
1571 2
1572 32
1573 16
1574 4
1575 128
1576 32
1577 4
1578 8
1579 2
1580 32
1581 8
1582 8
1583 2
1584 2048
1585 4
1586 8
1587 16
1588 16
1589 4
1590 16
1591 4
1592 32
1593 32
1594 4
1595 8
1596 64
1597 2
1598 8
1599 8
1600 8192
1601 2
1602 32
1603 4
1604 16
1605 8
1606 8
1607 2
1608 64
1609 2
1610 16
1611 16
1612 32
1613 2
1614 8
1615 8
1616 256
1617 32
1618 4
1619 2
1620 2048
1621 2
1622 4
1623 4
1624 64
1625 32
1626 8
1627 2
1628 32
1629 16
1630 8
1631 4
1632 1024
1633 4
1634 8
1635 8
1636 16
1637 2
1638 64
1639 4
1640 64
1641 4
1642 4
1643 4
1644 32
1645 8
1646 4
1647 32
1648 256
1649 4
1650 64
1651 4
1652 32
1653 8
1654 4
1655 4
1656 256
1657 2
1658 4
1659 8
1660 32
1661 4
1662 8
1663 2
1664 4096
1665 32
1666 32
1667 2
1668 32
1669 2
1670 8
1671 4
1672 64
1673 4
1674 64
1675 16
1676 16
1677 8
1678 4
1679 4
1680 1024
1681 8
1682 16
1683 32
1684 16
1685 4
1686 8
1687 4
1688 32
1689 4
1690 32
1691 4
1692 128
1693 2
1694 32
1695 8
1696 512
1697 2
1698 8
1699 2
1700 128
1701 512
1702 8
1703 4
1704 64
1705 8
1706 4
1707 4
1708 32
1709 2
1710 64
1711 4
1712 256
1713 4
1714 4
1715 32
1716 64
1717 4
1718 4
1719 16
1720 64
1721 2
1722 16
1723 2
1724 16
1725 32
1726 4
1727 4
1728 16384
1729 8
1730 8
1731 4
1732 16
1733 2
1734 32
1735 4
1736 64
1737 16
1738 8
1739 4
1740 64
1741 2
1742 8
1743 8
1744 256
1745 4
1746 32
1747 2
1748 32
1749 8
1750 64
1751 4
1752 64
1753 2
1754 4
1755 64
1756 16
1757 4
1758 8
1759 2
1760 1024
1761 4
1762 4
1763 4
1764 512
1765 4
1766 4
1767 8
1768 64
1769 4
1770 16
1771 8
1772 16
1773 16
1774 4
1775 16
1776 512
1777 2
1778 8
1779 4
1780 32
1781 4
1782 512
1783 2
1784 32
1785 16
1786 8
1787 2
1788 32
1789 2
1790 8
1791 16
1792 65536
1793 4
1794 16
1795 4
1796 16
1797 4
1798 8
1799 4
1800 1024
1801 2
1802 8
1803 4
1804 32
1805 16
1806 16
1807 4
1808 256
1809 32
1810 8
1811 2
1812 32
1813 16
1814 4
1815 32
1816 32
1817 4
1818 32
1819 4
1820 64
1821 4
1822 4
1823 2
1824 1024
1825 16
1826 8
1827 32
1828 16
1829 4
1830 16
1831 2
1832 32
1833 8
1834 8
1835 4
1836 256
1837 4
1838 4
1839 4
1840 512
1841 4
1842 8
1843 4
1844 16
1845 32
1846 8
1847 2
1848 128
1849 8
1850 32
1851 4
1852 16
1853 4
1854 32
1855 8
1856 2048
1857 4
1858 4
1859 16
1860 64
1861 2
1862 32
1863 256
1864 32
1865 4
1866 8
1867 2
1868 16
1869 8
1870 16
1871 2
1872 2048
1873 2
1874 4
1875 256
1876 32
1877 2
1878 8
1879 2
1880 64
1881 32
1882 4
1883 4
1884 32
1885 8
1886 8
1887 8
1888 512
1889 2
1890 128
1891 4
1892 32
1893 4
1894 4
1895 4
1896 64
1897 4
1898 8
1899 16
1900 128
1901 2
1902 8
1903 4
1904 512
1905 8
1906 4
1907 2
1908 128
1909 4
1910 8
1911 32
1912 32
1913 2
1914 16
1915 4
1916 16
1917 32
1918 8
1919 4
1920 8192
1921 4
1922 16
1923 4
1924 32
1925 32
1926 32
1927 4
1928 32
1929 4
1930 8
1931 2
1932 64
1933 2
1934 4
1935 32
1936 1024
1937 4
1938 16
1939 4
1940 32
1941 4
1942 4
1943 4
1944 4096
1945 4
1946 8
1947 8
1948 16
1949 2
1950 64
1951 2
1952 512
1953 32
1954 4
1955 8
1956 32
1957 4
1958 8
1959 4
1960 256
1961 4
1962 32
1963 4
1964 16
1965 8
1966 4
1967 4
1968 512
1969 4
1970 8
1971 32
1972 32
1973 2
1974 16
1975 16
1976 64
1977 4
1978 8
1979 2
1980 256
1981 4
1982 4
1983 4
1984 2048
1985 4
1986 8
1987 2
1988 32
1989 32
1990 8
1991 4
1992 64
1993 2
1994 4
1995 16
1996 16
1997 2
1998 64
1999 2
2000 2048
2001 8
2002 16
2003 2
2004 32
2005 4
2006 8
2007 16
2008 32
2009 16
2010 16
2011 2
2012 16
2013 8
2014 8
2015 8
2016 4096
2017 2
2018 4
2019 4
2020 32
2021 4
2022 8
2023 16
2024 64
2025 1024
2026 4
2027 2
2028 128
2029 2
2030 16
2031 4
2032 256
2033 4
2034 32
2035 8
2036 16
2037 8
2038 4
2039 2
2040 128
2041 4
2042 4
2043 16
2044 32
2045 4
2046 16
2047 4
2048 524288
2049 4
2050 32
2051 4
2052 256
2053 2
2054 8
2055 8
2056 32
2057 16
2058 64
2059 4
2060 32
2061 16
2062 4
2063 2
2064 512
2065 8
2066 4
2067 8
2068 32
2069 2
2070 64
2071 4
2072 64
2073 4
2074 8
2075 16
2076 32
2077 4
2078 4
2079 64
2080 1024
2081 2
2082 8
2083 2
2084 16
2085 8
2086 8
2087 2
2088 256
2089 2
2090 16
2091 8
2092 16
2093 8
2094 8
2095 4
2096 256
2097 16
2098 4
2099 2
2100 256
2101 4
2102 4
2103 4
2104 32
2105 4
2106 512
2107 16
2108 32
2109 8
2110 8
2111 2
2112 4096
2113 2
2114 8
2115 32
2116 64
2117 4
2118 8
2119 4
2120 64
2121 8
2122 4
2123 4
2124 128
2125 32
2126 4
2127 4
2128 512
2129 2
2130 16
2131 2
2132 32
2133 32
2134 8
2135 8
2136 64
2137 2
2138 4
2139 8
2140 32
2141 2
2142 64
2143 2
2144 512
2145 16
2146 8
2147 4
2148 32
2149 4
2150 32
2151 16
2152 32
2153 2
2154 8
2155 4
2156 128
2157 4
2158 8
2159 4
2160 4096
2161 2
2162 8
2163 8
2164 16
2165 4
2166 32
2167 4
2168 32
2169 16
2170 16
2171 4
2172 32
2173 4
2174 4
2175 32
2176 4096
2177 4
2178 128
2179 2
2180 32
2181 4
2182 4
2183 4
2184 128
2185 8
2186 4
2187 2048
2188 16
2189 4
2190 16
2191 4
2192 256
2193 8
2194 4
2195 4
2196 128
2197 16
2198 8
2199 4
2200 256
2201 4
2202 8
2203 2
2204 32
2205 128
2206 4
2207 2
2208 1024
2209 8
2210 16
2211 8
2212 32
2213 2
2214 64
2215 4
2216 32
2217 4
2218 4
2219 4
2220 64
2221 2
2222 8
2223 32
2224 256
2225 16
2226 16
2227 4
2228 16
2229 4
2230 8
2231 4
2232 256
2233 8
2234 4
2235 8
2236 32
2237 2
2238 8
2239 2
2240 4096
2241 32
2242 8
2243 2
2244 64
2245 4
2246 4
2247 8
2248 32
2249 4
2250 256
2251 2
2252 16
2253 4
2254 32
2255 8
2256 512
2257 4
2258 4
2259 16
2260 32
2261 8
2262 16
2263 4
2264 32
2265 8
2266 8
2267 2
2268 2048
2269 2
2270 8
2271 4
2272 512
2273 2
2274 8
2275 32
2276 16
2277 32
2278 8
2279 4
2280 128
2281 2
2282 8
2283 4
2284 16
2285 4
2286 32
2287 2
2288 512
2289 8
2290 8
2291 4
2292 32
2293 2
2294 8
2295 64
2296 64
2297 2
2298 8
2299 16
2300 128
2301 8
2302 4
2303 16
2304 262144
2305 4
2306 4
2307 4
2308 16
2309 2
2310 32
2311 2
2312 128
2313 16
2314 8
2315 4
2316 32
2317 4
2318 8
2319 4
2320 512
2321 4
2322 64
2323 4
2324 32
2325 32
2326 4
2327 4
2328 64
2329 4
2330 8
2331 32
2332 32
2333 2
2334 8
2335 4
2336 512
2337 8
2338 8
2339 2
2340 256
2341 2
2342 4
2343 8
2344 32
2345 8
2346 16
2347 2
2348 16
2349 256
2350 32
2351 2
2352 2048
2353 4
2354 8
2355 8
2356 32
2357 2
2358 32
2359 4
2360 64
2361 4
2362 4
2363 4
2364 32
2365 8
2366 32
2367 16
2368 2048
2369 4
2370 16
2371 2
2372 16
2373 8
2374 4
2375 32
2376 512
2377 2
2378 8
2379 8
2380 64
2381 2
2382 8
2383 2
2384 256
2385 32
2386 4
2387 8
2388 32
2389 2
2390 8
2391 4
2392 64
2393 2
2394 64
2395 4
2396 16
2397 8
2398 8
2399 2
2400 4096
2401 128
2402 4
2403 32
2404 16
2405 8
2406 8
2407 4
2408 64
2409 8
2410 8
2411 2
2412 128
2413 4
2414 8
2415 16
2416 256
2417 2
2418 16
2419 4
2420 128
2421 16
2422 8
2423 2
2424 64
2425 16
2426 4
2427 4
2428 16
2429 4
2430 1024
2431 8
2432 4096
2433 4
2434 4
2435 4
2436 64
2437 2
2438 8
2439 16
2440 64
2441 2
2442 16
2443 4
2444 32
2445 8
2446 4
2447 2
2448 2048
2449 4
2450 128
2451 8
2452 16
2453 4
2454 8
2455 4
2456 32
2457 64
2458 4
2459 2
2460 64
2461 4
2462 4
2463 4
2464 1024
2465 8
2466 32
2467 2
2468 16
2469 4
2470 16
2471 4
2472 64
2473 2
2474 4
2475 128
2476 16
2477 2
2478 16
2479 4
2480 512
2481 4
2482 8
2483 4
2484 256
2485 8
2486 8
2487 4
2488 32
2489 4
2490 16
2491 4
2492 32
2493 16
2494 8
2495 4
2496 4096
2497 4
2498 4
2499 32
2500 1024
2501 4
2502 32
2503 2
2504 32
2505 8
2506 8
2507 4
2508 64
2509 4
2510 8
2511 256
2512 256
2513 4
2514 8
2515 4
2516 32
2517 4
2518 4
2519 4
2520 512
2521 2
2522 8
2523 16
2524 16
2525 16
2526 8
2527 16
2528 512
2529 16
2530 16
2531 2
2532 32
2533 4
2534 8
2535 32
2536 32
2537 4
2538 64
2539 2
2540 32
2541 32
2542 8
2543 2
2544 512
2545 4
2546 8
2547 16
2548 128
2549 2
2550 64
2551 2
2552 64
2553 8
2554 4
2555 8
2556 128
2557 2
2558 4
2559 4
2560 131072
2561 4
2562 16
2563 4
2564 16
2565 64
2566 4
2567 4
2568 64
2569 4
2570 8
2571 4
2572 16
2573 4
2574 64
2575 16
2576 512
2577 4
2578 4
2579 2
2580 64
2581 4
2582 4
2583 32
2584 64
2585 8
2586 8
2587 4
2588 16
2589 4
2590 16
2591 2
2592 32768
2593 2
2594 4
2595 8
2596 32
2597 16
2598 8
2599 4
2600 256
2601 64
2602 4
2603 4
2604 64
2605 4
2606 4
2607 8
2608 256
2609 2
2610 64
2611 4
2612 16
2613 8
2614 4
2615 4
2616 64
2617 2
2618 16
2619 32
2620 32
2621 2
2622 16
2623 4
2624 2048
2625 64
2626 8
2627 4
2628 128
2629 4
2630 8
2631 4
2632 64
2633 2
2634 8
2635 8
2636 16
2637 16
2638 4
2639 8
2640 1024
2641 4
2642 4
2643 4
2644 16
2645 16
2646 256
2647 2
2648 32
2649 4
2650 32
2651 4
2652 64
2653 4
2654 4
2655 32
2656 512
2657 2
2658 8
2659 2
2660 64
2661 4
2662 32
2663 2
2664 256
2665 8
2666 8
2667 8
2668 32
2669 4
2670 16
2671 2
2672 256
2673 512
2674 8
2675 16
2676 32
2677 2
2678 8
2679 8
2680 64
2681 4
2682 32
2683 2
2684 32
2685 8
2686 8
2687 2
2688 8192
2689 2
2690 8
2691 32
2692 16
2693 2
2694 8
2695 32
2696 32
2697 8
2698 8
2699 2
2700 1024
2701 4
2702 8
2703 8
2704 1024
2705 4
2706 16
2707 2
2708 16
2709 32
2710 8
2711 2
2712 64
2713 2
2714 8
2715 8
2716 32
2717 8
2718 32
2719 2
2720 1024
2721 4
2722 4
2723 4
2724 32
2725 16
2726 8
2727 32
2728 64
2729 2
2730 32
2731 2
2732 16
2733 4
2734 4
2735 4
2736 2048
2737 8
2738 16
2739 8
2740 32
2741 2
2742 8
2743 4
2744 256
2745 32
2746 4
2747 4
2748 32
2749 2
2750 64
2751 8
2752 2048
2753 2
2754 512
2755 8
2756 32
2757 4
2758 8
2759 4
2760 128
2761 4
2762 4
2763 16
2764 16
2765 8
2766 8
2767 2
2768 256
2769 8
2770 8
2771 4
2772 256
2773 4
2774 8
2775 32
2776 32
2777 2
2778 8
2779 4
2780 32
2781 32
2782 8
2783 16
2784 1024
2785 4
2786 8
2787 4
2788 32
2789 2
2790 64
2791 2
2792 32
2793 32
2794 8
2795 8
2796 32
2797 2
2798 4
2799 16
2800 2048
2801 2
2802 8
2803 2
2804 16
2805 16
2806 8
2807 4
2808 512
2809 8
2810 8
2811 4
2812 32
2813 4
2814 16
2815 4
2816 65536
2817 16
2818 4
2819 2
2820 64
2821 8
2822 8
2823 4
2824 32
2825 16
2826 32
2827 4
2828 32
2829 8
2830 8
2831 4
2832 512
2833 2
2834 8
2835 512
2836 16
2837 2
2838 16
2839 4
2840 64
2841 4
2842 32
2843 2
2844 128
2845 4
2846 4
2847 8
2848 512
2849 8
2850 64
2851 2
2852 32
2853 16
2854 4
2855 4
2856 128
2857 2
2858 4
2859 4
2860 64
2861 2
2862 64
2863 4
2864 256
2865 8
2866 4
2867 4
2868 32
2869 4
2870 16
2871 32
2872 32
2873 16
2874 8
2875 32
2876 16
2877 8
2878 4
2879 2
2880 16384
2881 4
2882 8
2883 16
2884 32
2885 4
2886 16
2887 2
2888 128
2889 32
2890 32
2891 16
2892 32
2893 4
2894 4
2895 8
2896 256
2897 2
2898 64
2899 4
2900 128
2901 4
2902 4
2903 2
2904 256
2905 8
2906 4
2907 32
2908 16
2909 2
2910 16
2911 4
2912 1024
2913 4
2914 8
2915 8
2916 8192
2917 2
2918 4
2919 8
2920 64
2921 4
2922 8
2923 4
2924 32
2925 128
2926 16
2927 2
2928 512
2929 4
2930 8
2931 4
2932 16
2933 4
2934 32
2935 4
2936 32
2937 8
2938 8
2939 2
2940 256
2941 4
2942 4
2943 32
2944 4096
2945 8
2946 8
2947 4
2948 32
2949 4
2950 32
2951 4
2952 256
2953 2
2954 8
2955 8
2956 16
2957 2
2958 16
2959 4
2960 512
2961 32
2962 4
2963 2
2964 64
2965 4
2966 4
2967 8
2968 64
2969 2
2970 128
2971 2
2972 16
2973 4
2974 4
2975 32
2976 1024
2977 4
2978 4
2979 16
2980 32
2981 4
2982 16
2983 4
2984 32
2985 8
2986 4
2987 4
2988 128
2989 16
2990 16
2991 4
2992 512
2993 4
2994 8
2995 4
2996 32
2997 256
2998 4
2999 2
3000 512
3001 2
3002 8
3003 16
3004 16
3005 4
3006 32
3007 4
3008 2048
3009 8
3010 16
3011 2
3012 32
3013 4
3014 8
3015 32
3016 64
3017 4
3018 8
3019 2
3020 32
3021 8
3022 4
3023 2
3024 4096
3025 64
3026 8
3027 4
3028 16
3029 4
3030 16
3031 4
3032 32
3033 16
3034 8
3035 4
3036 64
3037 2
3038 32
3039 4
3040 1024
3041 2
3042 128
3043 4
3044 16
3045 16
3046 4
3047 4
3048 64
3049 2
3050 32
3051 32
3052 32
3053 4
3054 8
3055 8
3056 256
3057 4
3058 8
3059 8
3060 256
3061 2
3062 4
3063 4
3064 32
3065 4
3066 16
3067 2
3068 32
3069 32
3070 8
3071 4
3072 524288
3073 4
3074 8
3075 32
3076 16
3077 4
3078 512
3079 2
3080 128
3081 8
3082 8
3083 2
3084 32
3085 4
3086 4
3087 128
3088 256
3089 2
3090 16
3091 4
3092 16
3093 4
3094 16
3095 4
3096 256
3097 4
3098 4
3099 4
3100 128
3101 4
3102 16
3103 4
3104 512
3105 64
3106 4
3107 4
3108 64
3109 2
3110 8
3111 8
3112 32
3113 4
3114 32
3115 8
3116 32
3117 4
3118 4
3119 2
3120 1024
3121 2
3122 8
3123 16
3124 32
3125 256
3126 8
3127 4
3128 64
3129 8
3130 8
3131 4
3132 256
3133 4
3134 4
3135 16
3136 8192
3137 2
3138 8
3139 4
3140 32
3141 16
3142 4
3143 4
3144 64
3145 8
3146 32
3147 4
3148 16
3149 4
3150 256
3151 4
3152 256
3153 4
3154 8
3155 4
3156 32
3157 8
3158 4
3159 512
3160 64
3161 4
3162 16
3163 2
3164 32
3165 8
3166 4
3167 2
3168 4096
3169 2
3170 8
3171 8
3172 32
3173 4
3174 32
3175 16
3176 32
3177 16
3178 8
3179 16
3180 64
3181 2
3182 8
3183 4
3184 256
3185 32
3186 64
3187 2
3188 16
3189 4
3190 16
3191 2
3192 128
3193 4
3194 4
3195 32
3196 32
3197 4
3198 16
3199 4
3200 16384
3201 8
3202 4
3203 2
3204 128
3205 4
3206 8
3207 4
3208 32
3209 2
3210 16
3211 16
3212 32
3213 64
3214 4
3215 4
3216 512
3217 2
3218 4
3219 8
3220 64
3221 2
3222 32
3223 4
3224 64
3225 32
3226 4
3227 4
3228 32
3229 2
3230 16
3231 16
3232 512
3233 4
3234 64
3235 4
3236 16
3237 8
3238 4
3239 4
3240 4096
3241 4
3242 4
3243 8
3244 16
3245 8
3246 8
3247 4
3248 512
3249 64
3250 64
3251 2
3252 32
3253 2
3254 4
3255 16
3256 64
3257 2
3258 32
3259 2
3260 32
3261 4
3262 8
3263 4
3264 4096
3265 4
3266 8
3267 128
3268 32
3269 4
3270 16
3271 2
3272 32
3273 4
3274 4
3275 16
3276 256
3277 4
3278 8
3279 4
3280 512
3281 4
3282 8
3283 16
3284 16
3285 32
3286 8
3287 4
3288 64
3289 8
3290 16
3291 4
3292 16
3293 4
3294 64
3295 4
3296 512
3297 8
3298 8
3299 2
3300 256
3301 2
3302 8
3303 16
3304 64
3305 4
3306 16
3307 2
3308 16
3309 4
3310 8
3311 8
3312 2048
3313 2
3314 4
3315 16
3316 16
3317 4
3318 16
3319 2
3320 64
3321 256
3322 8
3323 2
3324 32
3325 32
3326 4
3327 4
3328 65536
3329 2
3330 64
3331 2
3332 128
3333 8
3334 4
3335 8
3336 64
3337 4
3338 4
3339 32
3340 32
3341 4
3342 8
3343 2
3344 512
3345 8
3346 8
3347 2
3348 256
3349 4
3350 32
3351 4
3352 32
3353 4
3354 16
3355 8
3356 16
3357 16
3358 8
3359 2
3360 2048
3361 2
3362 16
3363 8
3364 64
3365 4
3366 64
3367 8
3368 32
3369 4
3370 8
3371 2
3372 32
3373 2
3374 8
3375 256
3376 256
3377 4
3378 8
3379 4
3380 128
3381 32
3382 8
3383 4
3384 256
3385 4
3386 4
3387 4
3388 128
3389 2
3390 16
3391 2
3392 2048
3393 32
3394 4
3395 8
3396 32
3397 4
3398 4
3399 8
3400 256
3401 4
3402 1024
3403 4
3404 32
3405 8
3406 8
3407 2
3408 512
3409 4
3410 16
3411 16
3412 16
3413 2
3414 8
3415 4
3416 64
3417 8
3418 4
3419 4
3420 256
3421 4
3422 8
3423 8
3424 512
3425 16
3426 8
3427 4
3428 16
3429 32
3430 64
3431 4
3432 128
3433 2
3434 8
3435 8
3436 16
3437 4
3438 32
3439 4
3440 512
3441 8
3442 4
3443 4
3444 64
3445 8
3446 4
3447 16
3448 32
3449 2
3450 64
3451 8
3452 16
3453 4
3454 8
3455 4
3456 32768
3457 2
3458 16
3459 4
3460 32
3461 2
3462 8
3463 2
3464 32
3465 64
3466 4
3467 2
3468 128
3469 2
3470 8
3471 8
3472 512
3473 4
3474 32
3475 16
3476 32
3477 8
3478 8
3479 16
3480 128
3481 8
3482 4
3483 256
3484 32
3485 8
3486 16
3487 4
3488 512
3489 4
3490 8
3491 2
3492 128
3493 4
3494 4
3495 8
3496 64
3497 4
3498 16
3499 2
3500 256
3501 16
3502 8
3503 4
3504 512
3505 4
3506 4
3507 8
3508 16
3509 16
3510 128
3511 2
3512 32
3513 4
3514 8
3515 8
3516 32
3517 2
3518 4
3519 32
3520 4096
3521 4
3522 8
3523 4
3524 16
3525 32
3526 8
3527 2
3528 1024
3529 2
3530 8
3531 8
3532 16
3533 2
3534 16
3535 8
3536 512
3537 32
3538 8
3539 2
3540 64
3541 2
3542 16
3543 4
3544 32
3545 4
3546 32
3547 2
3548 16
3549 32
3550 32
3551 4
3552 1024
3553 8
3554 4
3555 32
3556 32
3557 2
3558 8
3559 2
3560 64
3561 4
3562 8
3563 4
3564 2048
3565 8
3566 4
3567 8
3568 256
3569 4
3570 32
3571 2
3572 32
3573 16
3574 4
3575 32
3576 64
3577 16
3578 4
3579 4
3580 32
3581 2
3582 32
3583 2
3584 131072
3585 8
3586 8
3587 4
3588 64
3589 4
3590 8
3591 64
3592 32
3593 2
3594 8
3595 4
3596 32
3597 8
3598 8
3599 4
3600 8192
3601 4
3602 4
3603 4
3604 32
3605 8
3606 8
3607 2
3608 64
3609 16
3610 32
3611 4
3612 64
3613 2
3614 8
3615 8
3616 512
3617 2
3618 64
3619 8
3620 32
3621 8
3622 4
3623 2
3624 64
3625 32
3626 32
3627 32
3628 16
3629 4
3630 64
3631 2
3632 256
3633 8
3634 8
3635 4
3636 128
3637 2
3638 8
3639 4
3640 128
3641 4
3642 8
3643 2
3644 16
3645 2048
3646 4
3647 4
3648 4096
3649 4
3650 32
3651 4
3652 32
3653 4
3654 64
3655 8
3656 32
3657 8
3658 8
3659 2
3660 64
3661 4
3662 4
3663 32
3664 256
3665 4
3666 16
3667 4
3668 32
3669 4
3670 8
3671 2
3672 512
3673 2
3674 8
3675 128
3676 16
3677 2
3678 8
3679 4
3680 1024
3681 16
3682 8
3683 4
3684 32
3685 8
3686 8
3687 4
3688 32
3689 8
3690 64
3691 2
3692 32
3693 4
3694 4
3695 4
3696 1024
3697 2
3698 16
3699 32
3700 128
3701 2
3702 8
3703 16
3704 32
3705 16
3706 8
3707 4
3708 128
3709 2
3710 16
3711 4
3712 4096
3713 4
3714 8
3715 4
3716 16
3717 32
3718 32
3719 2
3720 128
3721 8
3722 4
3723 8
3724 128
3725 16
3726 512
3727 2
3728 256
3729 8
3730 8
3731 8
3732 32
3733 2
3734 4
3735 32
3736 32
3737 4
3738 16
3739 2
3740 64
3741 8
3742 4
3743 4
3744 4096
3745 8
3746 4
3747 4
3748 16
3749 4
3750 512
3751 16
3752 64
3753 32
3754 4
3755 4
3756 32
3757 16
3758 4
3759 8
3760 512
3761 2
3762 64
3763 4
3764 16
3765 8
3766 8
3767 2
3768 64
3769 2
3770 16
3771 16
3772 32
3773 32
3774 16
3775 16
3776 2048
3777 4
3778 4
3779 2
3780 512
3781 4
3782 8
3783 8
3784 64
3785 4
3786 8
3787 4
3788 16
3789 16
3790 8
3791 4
3792 512
3793 2
3794 8
3795 16
3796 32
3797 2
3798 32
3799 4
3800 256
3801 8
3802 4
3803 2
3804 32
3805 4
3806 8
3807 256
3808 1024
3809 4
3810 16
3811 4
3812 16
3813 8
3814 4
3815 8
3816 256
3817 4
3818 8
3819 8
3820 32
3821 2
3822 64
3823 2
3824 256
3825 128
3826 4
3827 4
3828 64
3829 4
3830 8
3831 4
3832 32
3833 2
3834 64
3835 8
3836 32
3837 4
3838 8
3839 4
3840 131072
3841 4
3842 8
3843 32
3844 64
3845 4
3846 8
3847 2
3848 64
3849 4
3850 64
3851 2
3852 128
3853 2
3854 8
3855 8
3856 256
3857 8
3858 8
3859 4
3860 32
3861 64
3862 4
3863 2
3864 128
3865 4
3866 4
3867 4
3868 16
3869 4
3870 64
3871 16
3872 2048
3873 4
3874 8
3875 32
3876 64
3877 2
3878 8
3879 16
3880 64
3881 2
3882 8
3883 4
3884 16
3885 16
3886 8
3887 16
3888 32768
3889 2
3890 8
3891 4
3892 32
3893 4
3894 16
3895 8
3896 32
3897 16
3898 4
3899 4
3900 256
3901 4
3902 4
3903 4
3904 2048
3905 8
3906 64
3907 2
3908 16
3909 4
3910 16
3911 2
3912 64
3913 8
3914 8
3915 64
3916 32
3917 2
3918 8
3919 2
3920 2048
3921 4
3922 8
3923 2
3924 128
3925 16
3926 8
3927 16
3928 32
3929 2
3930 16
3931 2
3932 16
3933 32
3934 8
3935 4
3936 1024
3937 4
3938 8
3939 8
3940 32
3941 4
3942 64
3943 2
3944 64
3945 8
3946 4
3947 2
3948 64
3949 4
3950 32
3951 16
3952 512
3953 4
3954 8
3955 8
3956 32
3957 4
3958 4
3959 4
3960 512
3961 4
3962 8
3963 4
3964 16
3965 8
3966 8
3967 2
3968 4096
3969 1024
3970 8
3971 16
3972 32
3973 4
3974 4
3975 32
3976 64
3977 4
3978 64
3979 4
3980 32
3981 4
3982 8
3983 4
3984 512
3985 4
3986 4
3987 16
3988 16
3989 2
3990 32
3991 4
3992 32
3993 32
3994 4
3995 8
3996 256
3997 4
3998 4
3999 8
4000 4096
4001 2
4002 16
4003 2
4004 64
4005 32
4006 4
4007 2
4008 64
4009 4
4010 8
4011 8
4012 32
4013 2
4014 32
4015 8
4016 256
4017 8
4018 32
4019 2
4020 64
4021 2
4022 4
4023 32
4024 32
4025 32
4026 16
4027 2
4028 32
4029 8
4030 16
4031 4
4032 16384
4033 4
4034 4
4035 8
4036 16
4037 4
4038 8
4039 4
4040 64
4041 16
4042 8
4043 4
4044 32
4045 4
4046 32
4047 8
4048 512
4049 2
4050 2048
4051 2
4052 16
4053 8
4054 4
4055 4
4056 256
4057 2
4058 4
4059 32
4060 64
4061 4
4062 8
4063 4
4064 512
4065 8
4066 8
4067 16
4068 128
4069 4
4070 16
4071 8
4072 32
4073 2
4074 16
4075 16
4076 16
4077 32
4078 4
4079 2
4080 1024
4081 8
4082 8
4083 4
4084 16
4085 8
4086 32
4087 4
4088 64
4089 8
4090 8
4091 2
4092 64
4093 2
4094 8
4095 64
4096 4194304
4097 4
4098 8
4099 2
4100 128
4101 4
4102 8
4103 4
4104 512
4105 4
4106 4
4107 16
4108 32
4109 4
4110 16
4111 2
4112 256
4113 16
4114 32
4115 4
4116 256
4117 4
4118 8
4119 4
4120 64
4121 4
4122 32
4123 8
4124 16
4125 64
4126 4
4127 2
4128 1024
4129 2
4130 16
4131 512
4132 16
4133 2
4134 16
4135 4
4136 64
4137 8
4138 4
4139 2
4140 256
4141 4
4142 8
4143 4
4144 512
4145 4
4146 8
4147 8
4148 32
4149 16
4150 32
4151 4
4152 64
4153 2
4154 8
4155 8
4156 16
4157 2
4158 128
4159 2
4160 4096
4161 8
4162 4
4163 4
4164 32
4165 32
4166 4
4167 16
4168 32
4169 4
4170 16
4171 4
4172 32
4173 8
4174 4
4175 16
4176 2048
4177 2
4178 4
4179 8
4180 64
4181 4
4182 16
4183 4
4184 32
4185 64
4186 16
4187 4
4188 32
4189 4
4190 8
4191 8
4192 512
4193 4
4194 32
4195 4
4196 16
4197 4
4198 4
4199 8
4200 512
4201 2
4202 8
4203 16
4204 16
4205 16
4206 8
4207 4
4208 256
4209 8
4210 8
4211 2
4212 2048
4213 4
4214 32
4215 8
4216 64
4217 2
4218 16
4219 2
4220 32
4221 32
4222 4
4223 4
4224 8192
4225 64
4226 4
4227 4
4228 32
4229 2
4230 64
4231 2
4232 128
4233 8
4234 8
4235 32
4236 32
4237 4
4238 8
4239 32
4240 512
4241 2
4242 16
4243 2
4244 16
4245 8
4246 8
4247 4
4248 256
4249 4
4250 64
4251 8
4252 16
4253 2
4254 8
4255 8
4256 1024
4257 32
4258 4
4259 2
4260 64
4261 2
4262 4
4263 32
4264 64
4265 4
4266 64
4267 4
4268 32
4269 4
4270 16
4271 2
4272 512
4273 2
4274 4
4275 128
4276 16
4277 8
4278 16
4279 4
4280 64
4281 4
4282 4
4283 2
4284 256
4285 4
4286 4
4287 4
4288 2048
4289 2
4290 32
4291 4
4292 32
4293 256
4294 8
4295 4
4296 64
4297 2
4298 8
4299 4
4300 128
4301 8
4302 32
4303 4
4304 256
4305 16
4306 4
4307 4
4308 32
4309 4
4310 8
4311 16
4312 256
4313 4
4314 8
4315 4
4316 32
4317 4
4318 8
4319 4
4320 8192
4321 4
4322 4
4323 8
4324 32
4325 16
4326 16
4327 2
4328 32
4329 32
4330 8
4331 4
4332 128
4333 4
4334 8
4335 32
4336 256
4337 2
4338 32
4339 2
4340 64
4341 4
4342 8
4343 4
4344 64
4345 8
4346 8
4347 64
4348 16
4349 2
4350 64
4351 4
4352 65536
4353 4
4354 8
4355 8
4356 512
4357 2
4358 4
4359 4
4360 64
4361 16
4362 8
4363 2
4364 16
4365 32
4366 8
4367 4
4368 1024
4369 4
4370 16
4371 8
4372 16
4373 2
4374 4096
4375 256
4376 32
4377 4
4378 8
4379 4
4380 64
4381 4
4382 8
4383 16
4384 512
4385 4
4386 16
4387 4
4388 16
4389 16
4390 8
4391 2
4392 256
4393 4
4394 32
4395 8
4396 32
4397 2
4398 8
4399 4
4400 2048
4401 32
4402 8
4403 8
4404 32
4405 4
4406 4
4407 8
4408 64
4409 2
4410 256
4411 4
4412 16
4413 4
4414 4
4415 4
4416 4096
4417 4
4418 16
4419 16
4420 64
4421 2
4422 16
4423 2
4424 64
4425 32
4426 4
4427 4
4428 256
4429 4
4430 8
4431 8
4432 256
4433 8
4434 8
4435 4
4436 16
4437 32
4438 8
4439 4
4440 128
4441 2
4442 4
4443 4
4444 32
4445 8
4446 64
4447 2
4448 512
4449 4
4450 32
4451 2
4452 64
4453 4
4454 8
4455 512
4456 32
4457 2
4458 8
4459 32
4460 32
4461 4
4462 8
4463 2
4464 2048
4465 8
4466 16
4467 4
4468 16
4469 4
4470 16
4471 4
4472 64
4473 32
4474 4
4475 16
4476 32
4477 16
4478 4
4479 4
4480 8192
4481 2
4482 64
4483 2
4484 32
4485 16
4486 4
4487 4
4488 128
4489 8
4490 8
4491 16
4492 16
4493 2
4494 16
4495 8
4496 256
4497 4
4498 8
4499 4
4500 1024
4501 4
4502 4
4503 8
4504 32
4505 8
4506 8
4507 2
4508 128
4509 32
4510 16
4511 4
4512 1024
4513 2
4514 8
4515 16
4516 16
4517 2
4518 32
4519 2
4520 64
4521 8
4522 16
4523 2
4524 64
4525 16
4526 8
4527 16
4528 256
4529 4
4530 16
4531 4
4532 32
4533 4
4534 4
4535 4
4536 4096
4537 4
4538 4
4539 8
4540 32
4541 4
4542 8
4543 8
4544 2048
4545 32
4546 4
4547 2
4548 32
4549 2
4550 64
4551 8
4552 32
4553 4
4554 64
4555 4
4556 32
4557 32
4558 8
4559 4
4560 1024
4561 2
4562 4
4563 128
4564 32
4565 8
4566 8
4567 2
4568 32
4569 4
4570 8
4571 4
4572 128
4573 4
4574 4
4575 32
4576 1024
4577 4
4578 16
4579 4
4580 32
4581 16
4582 8
4583 2
4584 64
4585 8
4586 4
4587 8
4588 32
4589 4
4590 128
4591 2
4592 512
4593 4
4594 4
4595 4
4596 32
4597 2
4598 32
4599 32
4600 256
4601 4
4602 16
4603 2
4604 16
4605 8
4606 32
4607 4
4608 524288
4609 4
4610 8
4611 8
4612 16
4613 4
4614 8
4615 8
4616 32
4617 512
4618 4
4619 4
4620 128
4621 2
4622 4
4623 8
4624 1024
4625 32
4626 32
4627 4
4628 32
4629 4
4630 8
4631 4
4632 64
4633 4
4634 8
4635 32
4636 32
4637 2
4638 8
4639 2
4640 1024
4641 16
4642 8
4643 2
4644 256
4645 4
4646 8
4647 4
4648 64
4649 2
4650 64
4651 2
4652 16
4653 32
4654 8
4655 32
4656 512
4657 2
4658 8
4659 4
4660 32
4661 4
4662 64
4663 2
4664 64
4665 8
4666 4
4667 4
4668 32
4669 8
4670 8
4671 32
4672 2048
4673 2
4674 16
4675 32
4676 32
4677 4
4678 4
4679 2
4680 512
4681 4
4682 4
4683 8
4684 16
4685 4
4686 16
4687 4
4688 256
4689 16
4690 16
4691 2
4692 64
4693 16
4694 4
4695 8
4696 32
4697 8
4698 512
4699 4
4700 128
4701 4
4702 4
4703 2
4704 4096
4705 4
4706 8
4707 16
4708 32
4709 4
4710 16
4711 4
4712 64
4713 4
4714 4
4715 8
4716 128
4717 4
4718 8
4719 32
4720 512
4721 2
4722 8
4723 2
4724 16
4725 256
4726 8
4727 4
4728 64
4729 2
4730 16
4731 8
4732 128
4733 2
4734 32
4735 4
4736 4096
4737 4
4738 8
4739 4
4740 64
4741 4
4742 4
4743 32
4744 32
4745 8
4746 16
4747 4
4748 16
4749 4
4750 64
4751 2
4752 4096
4753 16
4754 4
4755 8
4756 32
4757 4
4758 16
4759 2
4760 128
4761 64
4762 4
4763 4
4764 32
4765 4
4766 4
4767 8
4768 512
4769 4
4770 64
4771 4
4772 16
4773 8
4774 16
4775 16
4776 64
4777 4
4778 4
4779 256
4780 32
4781 4
4782 8
4783 2
4784 512
4785 16
4786 4
4787 2
4788 256
4789 2
4790 8
4791 4
4792 32
4793 2
4794 16
4795 8
4796 32
4797 32
4798 4
4799 2
4800 16384
4801 2
4802 256
4803 4
4804 16
4805 16
4806 64
4807 8
4808 32
4809 8
4810 16
4811 4
4812 32
4813 2
4814 8
4815 32
4816 512
4817 2
4818 16
4819 4
4820 32
4821 4
4822 4
4823 8
4824 256
4825 16
4826 8
4827 4
4828 32
4829 4
4830 32
4831 2
4832 512
4833 32
4834 4
4835 4
4836 64
4837 4
4838 8
4839 4
4840 256
4841 4
4842 32
4843 4
4844 32
4845 16
4846 4
4847 4
4848 512
4849 4
4850 32
4851 128
4852 16
4853 4
4854 8
4855 4
4856 32
4857 4
4858 8
4859 4
4860 4096
4861 2
4862 16
4863 4
4864 65536
4865 8
4866 8
4867 4
4868 16
4869 16
4870 8
4871 2
4872 128
4873 4
4874 4
4875 64
4876 32
4877 2
4878 32
4879 8
4880 512
4881 4
4882 4
4883 4
4884 64
4885 4
4886 8
4887 32
4888 64
4889 2
4890 16
4891 4
4892 16
4893 8
4894 4
4895 8
4896 4096
4897 4
4898 8
4899 8
4900 512
4901 16
4902 16
4903 2
4904 32
4905 32
4906 8
4907 4
4908 32
4909 2
4910 8
4911 4
4912 256
4913 16
4914 128
4915 4
4916 16
4917 8
4918 4
4919 2
4920 128
4921 8
4922 8
4923 16
4924 16
4925 16
4926 8
4927 4
4928 4096
4929 8
4930 16
4931 2
4932 128
4933 2
4934 4
4935 16
4936 32
4937 2
4938 8
4939 4
4940 64
4941 256
4942 8
4943 2
4944 512
4945 8
4946 4
4947 8
4948 16
4949 16
4950 256
4951 2
4952 32
4953 8
4954 4
4955 4
4956 64
4957 2
4958 8
4959 32
4960 1024
4961 16
4962 8
4963 4
4964 32
4965 8
4966 8
4967 2
4968 512
4969 2
4970 16
4971 4
4972 32
4973 2
4974 8
4975 16
4976 256
4977 32
4978 8
4979 4
4980 64
4981 4
4982 8
4983 8
4984 64
4985 4
4986 32
4987 2
4988 32
4989 4
4990 8
4991 8
4992 8192
4993 2
4994 8
4995 64
4996 16
4997 4
4998 64
4999 2
5000 2048
5001 4
5002 8
5003 2
5004 128
5005 16
5006 4
5007 4
5008 256
5009 2
5010 16
5011 2
5012 32
5013 16
5014 8
5015 8
5016 128
5017 4
5018 8
5019 8
5020 32
5021 2
5022 512
5023 2
5024 512
5025 32
5026 8
5027 4
5028 32
5029 4
5030 8
5031 32
5032 64
5033 4
5034 8
5035 8
5036 16
5037 8
5038 8
5039 2
5040 4096
5041 8
5042 4
5043 16
5044 32
5045 4
5046 32
5047 16
5048 32
5049 64
5050 32
5051 2
5052 32
5053 4
5054 32
5055 8
5056 2048
5057 4
5058 32
5059 2
5060 64
5061 8
5062 4
5063 4
5064 64
5065 4
5066 8
5067 16
5068 32
5069 4
5070 64
5071 4
5072 256
5073 8
5074 8
5075 32
5076 256
5077 2
5078 4
5079 4
5080 64
5081 2
5082 64
5083 8
5084 32
5085 32
5086 4
5087 2
5088 1024
5089 4
5090 8
5091 4
5092 32
5093 4
5094 32
5095 4
5096 256
5097 4
5098 4
5099 2
5100 256
5101 2
5102 4
5103 2048
5104 512
5105 4
5106 16
5107 2
5108 16
5109 8
5110 16
5111 4
5112 256
5113 2
5114 4
5115 16
5116 16
5117 8
5118 8
5119 2
5120 524288
5121 16
5122 8
5123 4
5124 64
5125 32
5126 8
5127 4
5128 32
5129 4
5130 128
5131 4
5132 16
5133 8
5134 8
5135 8
5136 512
5137 4
5138 8
5139 16
5140 32
5141 4
5142 8
5143 4
5144 32
5145 64
5146 8
5147 2
5148 256
5149 4
5150 32
5151 8
5152 1024
5153 2
5154 8
5155 4
5156 16
5157 32
5158 4
5159 8
5160 128
5161 4
5162 8
5163 4
5164 16
5165 4
5166 64
5167 2
5168 512
5169 4
5170 16
5171 2
5172 32
5173 4
5174 8
5175 128
5176 32
5177 4
5178 8
5179 2
5180 64
5181 8
5182 4
5183 4
5184 131072
5185 8
5186 4
5187 16
5188 16
5189 2
5190 16
5191 4
5192 64
5193 16
5194 32
5195 4
5196 32
5197 2
5198 8
5199 4
5200 2048
5201 4
5202 128
5203 16
5204 16
5205 8
5206 8
5207 4
5208 128
5209 2
5210 8
5211 32
5212 16
5213 4
5214 16
5215 8
5216 512
5217 8
5218 4
5219 4
5220 256
5221 4
5222 8
5223 4
5224 32
5225 32
5226 16
5227 2
5228 16
5229 32
5230 8
5231 2
5232 512
5233 2
5234 4
5235 8
5236 64
5237 2
5238 64
5239 16
5240 64
5241 4
5242 4
5243 16
5244 64
5245 4
5246 8
5247 32
5248 4096
5249 4
5250 128
5251 4
5252 32
5253 8
5254 8
5255 4
5256 256
5257 4
5258 8
5259 4
5260 32
5261 2
5262 8
5263 4
5264 512
5265 512
5266 4
5267 4
5268 32
5269 4
5270 16
5271 8
5272 32
5273 2
5274 32
5275 16
5276 16
5277 4
5278 16
5279 2
5280 2048
5281 2
5282 8
5283 16
5284 16
5285 8
5286 8
5287 4
5288 32
5289 8
5290 32
5291 8
5292 1024
5293 4
5294 4
5295 8
5296 256
5297 2
5298 8
5299 4
5300 128
5301 32
5302 8
5303 2
5304 128
5305 4
5306 8
5307 8
5308 16
5309 2
5310 64
5311 4
5312 2048
5313 16
5314 4
5315 4
5316 32
5317 4
5318 4
5319 32
5320 128
5321 4
5322 8
5323 2
5324 128
5325 32
5326 4
5327 4
5328 2048
5329 8
5330 16
5331 4
5332 32
5333 2
5334 16
5335 8
5336 64
5337 16
5338 8
5339 4
5340 64
5341 16
5342 4
5343 8
5344 512
5345 4
5346 1024
5347 2
5348 32
5349 4
5350 32
5351 2
5352 64
5353 4
5354 4
5355 64
5356 32
5357 4
5358 16
5359 4
5360 512
5361 4
5362 8
5363 4
5364 128
5365 8
5366 4
5367 4
5368 64
5369 8
5370 16
5371 4
5372 32
5373 32
5374 4
5375 32
5376 131072
5377 4
5378 4
5379 8
5380 32
5381 2
5382 64
5383 4
5384 32
5385 8
5386 4
5387 2
5388 32
5389 4
5390 64
5391 16
5392 256
5393 2
5394 16
5395 8
5396 32
5397 8
5398 4
5399 2
5400 2048
5401 4
5402 8
5403 4
5404 32
5405 8
5406 16
5407 2
5408 2048
5409 16
5410 8
5411 4
5412 64
5413 2
5414 4
5415 32
5416 32
5417 2
5418 64
5419 2
5420 32
5421 8
5422 4
5423 8
5424 512
5425 32
5426 4
5427 256
5428 32
5429 4
5430 16
5431 2
5432 64
5433 4
5434 16
5435 4
5436 128
5437 2
5438 4
5439 32
5440 4096
5441 2
5442 8
5443 2
5444 16
5445 128
5446 8
5447 4
5448 64
5449 2
5450 32
5451 8
5452 32
5453 8
5454 64
5455 4
5456 512
5457 8
5458 4
5459 4
5460 128
5461 4
5462 4
5463 16
5464 32
5465 4
5466 8
5467 8
5468 16
5469 4
5470 8
5471 2
5472 4096
5473 4
5474 16
5475 32
5476 64
5477 2
5478 16
5479 2
5480 64
5481 64
5482 4
5483 2
5484 32
5485 4
5486 8
5487 8
5488 2048
5489 4
5490 64
5491 16
5492 16
5493 4
5494 8
5495 8
5496 64
5497 4
5498 4
5499 32
5500 256
5501 2
5502 16
5503 2
5504 4096
5505 8
5506 4
5507 2
5508 2048
5509 4
5510 16
5511 8
5512 64
5513 4
5514 8
5515 4
5516 32
5517 16
5518 8
5519 2
5520 1024
5521 2
5522 8
5523 8
5524 16
5525 32
5526 32
5527 2
5528 32
5529 8
5530 16
5531 2
5532 32
5533 4
5534 4
5535 64
5536 512
5537 16
5538 16
5539 4
5540 32
5541 4
5542 8
5543 4
5544 512
5545 4
5546 8
5547 16
5548 32
5549 4
5550 64
5551 8
5552 256
5553 16
5554 4
5555 8
5556 32
5557 2
5558 8
5559 8
5560 64
5561 4
5562 64
5563 2
5564 32
5565 16
5566 32
5567 4
5568 4096
5569 2
5570 8
5571 16
5572 32
5573 2
5574 8
5575 16
5576 64
5577 32
5578 4
5579 4
5580 256
5581 2
5582 4
5583 4
5584 256
5585 4
5586 64
5587 4
5588 32
5589 512
5590 16
5591 2
5592 64
5593 8
5594 4
5595 8
5596 16
5597 4
5598 32
5599 4
5600 4096
5601 4
5602 4
5603 4
5604 32
5605 8
5606 4
5607 32
5608 32
5609 4
5610 32
5611 4
5612 32
5613 4
5614 8
5615 4
5616 4096
5617 4
5618 16
5619 4
5620 32
5621 8
5622 8
5623 2
5624 64
5625 1024
5626 8
5627 4
5628 64
5629 4
5630 8
5631 4
5632 131072
5633 4
5634 32
5635 32
5636 16
5637 4
5638 4
5639 2
5640 128
5641 2
5642 16
5643 64
5644 32
5645 4
5646 8
5647 2
5648 256
5649 8
5650 32
5651 2
5652 128
5653 2
5654 8
5655 16
5656 64
5657 2
5658 16
5659 2
5660 32
5661 32
5662 8
5663 4
5664 1024
5665 8
5666 4
5667 4
5668 32
5669 2
5670 1024
5671 4
5672 32
5673 8
5674 4
5675 16
5676 64
5677 4
5678 8
5679 16
5680 512
5681 8
5682 8
5683 2
5684 128
5685 8
5686 4
5687 16
5688 256
5689 2
5690 8
5691 8
5692 16
5693 2
5694 16
5695 8
5696 2048
5697 32
5698 16
5699 4
5700 256
5701 2
5702 4
5703 4
5704 64
5705 8
5706 32
5707 4
5708 16
5709 8
5710 8
5711 2
5712 1024
5713 4
5714 4
5715 32
5716 16
5717 2
5718 8
5719 8
5720 128
5721 4
5722 4
5723 4
5724 256
5725 16
5726 8
5727 8
5728 512
5729 4
5730 16
5731 4
5732 16
5733 128
5734 8
5735 8
5736 64
5737 2
5738 8
5739 4
5740 64
5741 2
5742 64
5743 2
5744 256
5745 8
5746 32
5747 4
5748 32
5749 2
5750 64
5751 256
5752 32
5753 4
5754 16
5755 4
5756 16
5757 8
5758 4
5759 4
5760 32768
5761 4
5762 8
5763 8
5764 32
5765 4
5766 32
5767 4
5768 64
5769 16
5770 8
5771 4
5772 64
5773 4
5774 4
5775 64
5776 1024
5777 4
5778 64
5779 2
5780 128
5781 8
5782 32
5783 2
5784 64
5785 8
5786 8
5787 16
5788 16
5789 4
5790 16
5791 2
5792 512
5793 4
5794 4
5795 8
5796 256
5797 8
5798 8
5799 4
5800 256
5801 2
5802 8
5803 4
5804 16
5805 64
5806 4
5807 2
5808 2048
5809 4
5810 16
5811 8
5812 16
5813 2
5814 64
5815 4
5816 32
5817 8
5818 4
5819 16
5820 64
5821 2
5822 8
5823 16
5824 4096
5825 16
5826 8
5827 2
5828 32
5829 8
5830 16
5831 32
5832 16384
5833 4
5834 4
5835 8
5836 16
5837 4
5838 16
5839 2
5840 512
5841 32
5842 8
5843 2
5844 32
5845 8
5846 8
5847 4
5848 64
5849 2
5850 256
5851 2
5852 64
5853 4
5854 4
5855 4
5856 1024
5857 2
5858 8
5859 64
5860 32
5861 2
5862 8
5863 8
5864 32
5865 16
5866 8
5867 2
5868 128
5869 2
5870 8
5871 8
5872 256
5873 4
5874 16
5875 32
5876 32
5877 16
5878 4
5879 2
5880 512
5881 2
5882 8
5883 8
5884 16
5885 8
5886 64
5887 16
5888 65536
5889 8
5890 16
5891 4
5892 32
5893 4
5894 8
5895 32
5896 64
5897 2
5898 8
5899 4
5900 128
5901 8
5902 8
5903 2
5904 2048
5905 4
5906 4
5907 8
5908 32
5909 4
5910 16
5911 4
5912 32
5913 256
5914 4
5915 32
5916 64
5917 4
5918 8
5919 4
5920 1024
5921 4
5922 64
5923 2
5924 16
5925 32
5926 4
5927 2
5928 128
5929 64
5930 8
5931 16
5932 16
5933 4
5934 16
5935 4
5936 512
5937 4
5938 4
5939 2
5940 512
5941 4
5942 4
5943 8
5944 32
5945 8
5946 8
5947 4
5948 16
5949 16
5950 64
5951 4
5952 4096
5953 2
5954 8
5955 8
5956 16
5957 8
5958 32
5959 4
5960 64
5961 4
5962 8
5963 4
5964 64
5965 4
5966 8
5967 64
5968 256
5969 4
5970 16
5971 4
5972 16
5973 8
5974 8
5975 16
5976 256
5977 4
5978 32
5979 4
5980 64
5981 2
5982 8
5983 4
5984 1024
5985 64
5986 8
5987 2
5988 32
5989 4
5990 8
5991 4
5992 64
5993 4
5994 512
5995 8
5996 16
5997 4
5998 4
5999 4
6000 4096
6001 4
6002 4
6003 32
6004 32
6005 4
6006 32
6007 2
6008 32
6009 4
6010 8
6011 2
6012 128
6013 4
6014 8
6015 8
6016 4096
6017 4
6018 16
6019 4
6020 64
6021 32
6022 4
6023 4
6024 64
6025 16
6026 8
6027 32
6028 32
6029 2
6030 64
6031 4
6032 512
6033 4
6034 8
6035 8
6036 32
6037 2
6038 4
6039 32
6040 64
6041 4
6042 16
6043 2
6044 16
6045 16
6046 4
6047 2
6048 8192
6049 4
6050 128
6051 4
6052 32
6053 2
6054 8
6055 8
6056 32
6057 16
6058 8
6059 4
6060 64
6061 8
6062 8
6063 8
6064 256
6065 4
6066 32
6067 2
6068 32
6069 32
6070 8
6071 4
6072 128
6073 2
6074 4
6075 2048
6076 128
6077 4
6078 8
6079 2
6080 4096
6081 4
6082 4
6083 8
6084 512
6085 4
6086 8
6087 4
6088 32
6089 2
6090 32
6091 2
6092 16
6093 16
6094 8
6095 8
6096 512
6097 8
6098 4
6099 8
6100 128
6101 2
6102 64
6103 4
6104 64
6105 16
6106 8
6107 4
6108 32
6109 4
6110 16
6111 32
6112 512
6113 2
6114 8
6115 4
6116 32
6117 4
6118 16
6119 4
6120 512
6121 2
6122 4
6123 8
6124 16
6125 128
6126 8
6127 4
6128 256
6129 32
6130 8
6131 2
6132 64
6133 2
6134 4
6135 8
6136 64
6137 16
6138 64
6139 4
6140 32
6141 8
6142 8
6143 2
6144 1048576
6145 4
6146 8
6147 16
6148 32
6149 8
6150 64
6151 2
6152 32
6153 8
6154 8
6155 4
6156 2048
6157 4
6158 4
6159 4
6160 1024
6161 4
6162 16
6163 2
6164 32
6165 32
6166 4
6167 4
6168 64
6169 4
6170 8
6171 32
6172 16
6173 2
6174 256
6175 32
6176 512
6177 8
6178 4
6179 4
6180 64
6181 4
6182 8
6183 32
6184 32
6185 4
6186 8
6187 4
6188 64
6189 4
6190 8
6191 4
6192 2048
6193 4
6194 8
6195 16
6196 16
6197 2
6198 8
6199 2
6200 256
6201 32
6202 8
6203 2
6204 64
6205 8
6206 8
6207 4
6208 2048
6209 4
6210 128
6211 2
6212 16
6213 8
6214 8
6215 8
6216 128
6217 2
6218 4
6219 16
6220 32
6221 2
6222 16
6223 16
6224 256
6225 32
6226 8
6227 4
6228 128
6229 2
6230 16
6231 8
6232 64
6233 4
6234 8
6235 8
6236 16
6237 512
6238 4
6239 4
6240 2048
6241 8
6242 4
6243 4
6244 32
6245 4
6246 32
6247 2
6248 64
6249 4
6250 512
6251 8
6252 32
6253 16
6254 8
6255 32
6256 512
6257 2
6258 16
6259 4
6260 32
6261 4
6262 8
6263 2
6264 512
6265 8
6266 8
6267 4
6268 16
6269 2
6270 32
6271 2
6272 16384
6273 32
6274 4
6275 16
6276 32
6277 2
6278 8
6279 16
6280 64
6281 4
6282 32
6283 4
6284 16
6285 8
6286 8
6287 2
6288 512
6289 4
6290 16
6291 32
6292 128
6293 8
6294 8
6295 4
6296 32
6297 4
6298 8
6299 2
6300 1024
6301 2
6302 8
6303 8
6304 512
6305 8
6306 8
6307 8
6308 32
6309 16
6310 8
6311 2
6312 64
6313 4
6314 16
6315 8
6316 16
6317 2
6318 1024
6319 4
6320 512
6321 32
6322 8
6323 2
6324 64
6325 32
6326 4
6327 32
6328 64
6329 2
6330 16
6331 4
6332 16
6333 4
6334 4
6335 8
6336 16384
6337 2
6338 4
6339 4
6340 32
6341 4
6342 16
6343 2
6344 64
6345 64
6346 8
6347 4
6348 128
6349 4
6350 32
6351 8
6352 256
6353 2
6354 32
6355 8
6356 32
6357 8
6358 32
6359 2
6360 128
6361 2
6362 4
6363 32
6364 32
6365 8
6366 8
6367 2
6368 512
6369 8
6370 64
6371 4
6372 256
6373 2
6374 4
6375 64
6376 32
6377 4
6378 8
6379 2
6380 64
6381 16
6382 4
6383 4
6384 1024
6385 4
6386 8
6387 4
6388 16
6389 2
6390 64
6391 8
6392 64
6393 4
6394 8
6395 4
6396 64
6397 2
6398 8
6399 256
6400 262144
6401 4
6402 16
6403 4
6404 16
6405 16
6406 4
6407 4
6408 256
6409 8
6410 8
6411 4
6412 32
6413 16
6414 8
6415 4
6416 256
6417 32
6418 4
6419 16
6420 64
6421 2
6422 32
6423 4
6424 64
6425 16
6426 128
6427 2
6428 16
6429 4
6430 8
6431 4
6432 1024
6433 4
6434 4
6435 64
6436 16
6437 4
6438 16
6439 4
6440 128
6441 8
6442 4
6443 4
6444 128
6445 4
6446 8
6447 8
6448 512
6449 2
6450 64
6451 2
6452 16
6453 32
6454 8
6455 4
6456 64
6457 4
6458 4
6459 4
6460 64
6461 8
6462 32
6463 4
6464 2048
6465 8
6466 8
6467 4
6468 256
6469 2
6470 8
6471 16
6472 32
6473 2
6474 16
6475 32
6476 16
6477 8
6478 8
6479 8
6480 32768
6481 2
6482 8
6483 4
6484 16
6485 4
6486 16
6487 4
6488 32
6489 32
6490 16
6491 2
6492 32
6493 4
6494 8
6495 8
6496 1024
6497 4
6498 128
6499 4
6500 256
6501 8
6502 4
6503 4
6504 64
6505 4
6506 4
6507 32
6508 16
6509 4
6510 32
6511 4
6512 512
6513 8
6514 4
6515 4
6516 128
6517 32
6518 4
6519 8
6520 64
6521 2
6522 8
6523 4
6524 32
6525 128
6526 8
6527 4
6528 8192
6529 2
6530 8
6531 8
6532 32
6533 4
6534 256
6535 4
6536 64
6537 4
6538 8
6539 4
6540 64
6541 4
6542 4
6543 16
6544 256
6545 16
6546 8
6547 2
6548 16
6549 8
6550 32
6551 2
6552 512
6553 2
6554 8
6555 16
6556 32
6557 4
6558 8
6559 4
6560 1024
6561 32768
6562 8
6563 2
6564 32
6565 8
6566 32
6567 8
6568 32
6569 2
6570 64
6571 2
6572 32
6573 8
6574 8
6575 16
6576 512
6577 2
6578 16
6579 32
6580 64
6581 2
6582 8
6583 4
6584 32
6585 8
6586 8
6587 4
6588 256
6589 4
6590 8
6591 32
6592 2048
6593 4
6594 16
6595 4
6596 32
6597 16
6598 4
6599 2
6600 512
6601 8
6602 4
6603 8
6604 32
6605 4
6606 32
6607 2
6608 512
6609 4
6610 8
6611 4
6612 64
6613 4
6614 4
6615 256
6616 32
6617 4
6618 8
6619 2
6620 32
6621 4
6622 16
6623 4
6624 4096
6625 32
6626 4
6627 16
6628 16
6629 4
6630 32
6631 4
6632 32
6633 32
6634 8
6635 4
6636 64
6637 2
6638 4
6639 4
6640 512
6641 4
6642 512
6643 8
6644 32
6645 8
6646 4
6647 16
6648 64
6649 4
6650 64
6651 16
6652 16
6653 2
6654 8
6655 32
6656 131072
6657 8
6658 4
6659 2
6660 256
6661 2
6662 4
6663 4
6664 256
6665 8
6666 16
6667 4
6668 16
6669 64
6670 16
6671 4
6672 512
6673 2
6674 8
6675 32
6676 16
6677 4
6678 64
6679 2
6680 64
6681 8
6682 8
6683 4
6684 32
6685 8
6686 4
6687 16
6688 1024
6689 2
6690 16
6691 2
6692 32
6693 8
6694 4
6695 8
6696 512
6697 4
6698 8
6699 16
6700 128
6701 2
6702 8
6703 2
6704 256
6705 32
6706 8
6707 4
6708 64
6709 2
6710 16
6711 4
6712 32
6713 16
6714 32
6715 8
6716 32
6717 4
6718 4
6719 2
6720 8192
6721 8
6722 4
6723 256
6724 64
6725 16
6726 16
6727 16
6728 128
6729 4
6730 8
6731 4
6732 256
6733 2
6734 16
6735 8
6736 256
6737 2
6738 8
6739 4
6740 32
6741 32
6742 4
6743 4
6744 64
6745 8
6746 4
6747 8
6748 32
6749 4
6750 512
6751 4
6752 512
6753 4
6754 8
6755 8
6756 32
6757 4
6758 8
6759 16
6760 256
6761 2
6762 64
6763 2
6764 32
6765 16
6766 8
6767 4
6768 2048
6769 4
6770 8
6771 8
6772 16
6773 4
6774 8
6775 16
6776 256
6777 32
6778 4
6779 2
6780 64
6781 2
6782 4
6783 16
6784 4096
6785 8
6786 64
6787 4
6788 16
6789 8
6790 16
6791 2
6792 64
6793 2
6794 8
6795 32
6796 16
6797 4
6798 16
6799 4
6800 2048
6801 4
6802 8
6803 2
6804 4096
6805 4
6806 8
6807 4
6808 64
6809 4
6810 16
6811 16
6812 32
6813 16
6814 4
6815 8
6816 1024
6817 4
6818 8
6819 4
6820 64
6821 4
6822 32
6823 2
6824 32
6825 64
6826 4
6827 2
6828 32
6829 2
6830 8
6831 64
6832 512
6833 2
6834 16
6835 4
6836 16
6837 8
6838 8
6839 4
6840 512
6841 2
6842 8
6843 4
6844 32
6845 16
6846 16
6847 4
6848 2048
6849 16
6850 32
6851 8
6852 32
6853 8
6854 8
6855 8
6856 32
6857 2
6858 64
6859 16
6860 256
6861 4
6862 8
6863 2
6864 1024
6865 4
6866 4
6867 32
6868 32
6869 2
6870 16
6871 2
6872 32
6873 8
6874 8
6875 256
6876 128
6877 16
6878 8
6879 4
6880 1024
6881 4
6882 16
6883 2
6884 16
6885 512
6886 8
6887 4
6888 128
6889 8
6890 16
6891 4
6892 16
6893 4
6894 32
6895 8
6896 256
6897 32
6898 4
6899 2
6900 256
6901 4
6902 16
6903 32
6904 32
6905 4
6906 8
6907 2
6908 32
6909 32
6910 8
6911 2
6912 524288
6913 4
6914 4
6915 8
6916 64
6917 2
6918 8
6919 8
6920 64
6921 16
6922 4
6923 8
6924 32
6925 16
6926 4
6927 4
6928 256
6929 16
6930 128
6931 4
6932 16
6933 4
6934 4
6935 8
6936 256
6937 4
6938 4
6939 32
6940 32
6941 4
6942 16
6943 4
6944 1024
6945 8
6946 8
6947 2
6948 128
6949 2
6950 32
6951 8
6952 64
6953 4
6954 16
6955 8
6956 32
6957 16
6958 32
6959 2
6960 1024
6961 2
6962 16
6963 8
6964 16
6965 8
6966 512
6967 2
6968 64
6969 8
6970 16
6971 2
6972 64
6973 4
6974 8
6975 128
6976 2048
6977 2
6978 8
6979 4
6980 32
6981 8
6982 4
6983 2
6984 256
6985 8
6986 8
6987 8
6988 16
6989 4
6990 16
6991 2
6992 512
6993 64
6994 8
6995 4
6996 64
6997 2
6998 4
6999 4
7000 512
7001 2
7002 32
7003 4
7004 32
7005 8
7006 8
7007 32
7008 1024
7009 4
7010 8
7011 32
7012 16
7013 2
7014 16
7015 8
7016 32
7017 4
7018 32
7019 2
7020 512
7021 8
7022 4
7023 4
7024 256
7025 16
7026 8
7027 2
7028 32
7029 32
7030 16
7031 4
7032 64
7033 4
7034 4
7035 16
7036 16
7037 4
7038 64
7039 2
7040 8192
7041 4
7042 8
7043 2
7044 32
7045 4
7046 8
7047 512
7048 32
7049 8
7050 64
7051 4
7052 32
7053 4
7054 4
7055 8
7056 8192
7057 2
7058 4
7059 8
7060 32
7061 4
7062 16
7063 4
7064 32
7065 32
7066 4
7067 4
7068 64
7069 2
7070 16
7071 4
7072 1024
7073 4
7074 64
7075 16
7076 32
7077 8
7078 4
7079 2
7080 128
7081 4
7082 4
7083 16
7084 64
7085 8
7086 8
7087 4
7088 256
7089 8
7090 8
7091 4
7092 128
7093 4
7094 4
7095 16
7096 32
7097 4
7098 64
7099 4
7100 128
7101 32
7102 8
7103 2
7104 4096
7105 32
7106 16
7107 8
7108 16
7109 2
7110 64
7111 4
7112 64
7113 4
7114 4
7115 4
7116 32
7117 4
7118 4
7119 32
7120 512
7121 2
7122 8
7123 4
7124 32
7125 64
7126 8
7127 2
7128 4096
7129 2
7130 16
7131 4
7132 16
7133 4
7134 16
7135 4
7136 512
7137 32
7138 8
7139 16
7140 128
7141 4
7142 4
7143 4
7144 64
7145 4
7146 32
7147 4
7148 16
7149 4
7150 64
7151 2
7152 512
7153 4
7154 32
7155 64
7156 16
7157 4
7158 8
7159 2
7160 64
7161 16
7162 4
7163 8
7164 128
7165 4
7166 4
7167 4
7168 524288
7169 4
7170 16
7171 4
7172 32
7173 16
7174 8
7175 32
7176 128
7177 2
7178 8
7179 4
7180 32
7181 4
7182 128
7183 4
7184 256
7185 8
7186 4
7187 2
7188 32
7189 8
7190 8
7191 32
7192 64
7193 2
7194 16
7195 4
7196 32
7197 4
7198 8
7199 4
7200 16384
7201 4
7202 8
7203 256
7204 16
7205 8
7206 8
7207 2
7208 64
7209 256
7210 16
7211 2
7212 32
7213 2
7214 4
7215 16
7216 512
7217 4
7218 32
7219 2
7220 128
7221 8
7222 8
7223 4
7224 128
7225 64
7226 4
7227 32
7228 32
7229 2
7230 16
7231 4
7232 2048
7233 4
7234 4
7235 4
7236 256
7237 2
7238 16
7239 8
7240 64
7241 4
7242 16
7243 2
7244 16
7245 64
7246 4
7247 2
7248 512
7249 4
7250 64
7251 4
7252 128
7253 2
7254 64
7255 4
7256 32
7257 8
7258 8
7259 8
7260 256
7261 4
7262 4
7263 32
7264 512
7265 4
7266 16
7267 16
7268 32
7269 4
7270 8
7271 4
7272 256
7273 4
7274 4
7275 32
7276 32
7277 4
7278 8
7279 4
7280 1024
7281 16
7282 8
7283 2
7284 32
7285 8
7286 4
7287 8
7288 32
7289 4
7290 4096
7291 4
7292 16
7293 16
7294 8
7295 4
7296 8192
7297 2
7298 8
7299 16
7300 128
7301 16
7302 8
7303 4
7304 64
7305 8
7306 8
7307 2
7308 256
7309 2
7310 16
7311 4
7312 256
7313 4
7314 16
7315 16
7316 32
7317 32
7318 4
7319 4
7320 128
7321 2
7322 8
7323 4
7324 16
7325 16
7326 64
7327 4
7328 512
7329 8
7330 8
7331 2
7332 64
7333 2
7334 8
7335 32
7336 64
7337 8
7338 8
7339 4
7340 32
7341 4
7342 4
7343 4
7344 4096
7345 8
7346 4
7347 8
7348 32
7349 2
7350 256
7351 2
7352 32
7353 32
7354 4
7355 4
7356 32
7357 4
7358 8
7359 8
7360 4096
7361 4
7362 32
7363 4
7364 32
7365 8
7366 8
7367 4
7368 64
7369 2
7370 16
7371 512
7372 32
7373 4
7374 8
7375 32
7376 256
7377 4
7378 16
7379 4
7380 256
7381 16
7382 4
7383 8
7384 64
7385 8
7386 8
7387 4
7388 16
7389 16
7390 8
7391 4
7392 2048
7393 2
7394 4
7395 16
7396 64
7397 4
7398 64
7399 16
7400 256
7401 4
7402 4
7403 4
7404 32
7405 4
7406 32
7407 16
7408 256
7409 4
7410 32
7411 2
7412 32
7413 8
7414 8
7415 4
7416 256
7417 2
7418 4
7419 4
7420 64
7421 4
7422 8
7423 4
7424 65536
7425 256
7426 8
7427 4
7428 32
7429 8
7430 8
7431 4
7432 32
7433 2
7434 64
7435 4
7436 128
7437 8
7438 4
7439 4
7440 1024
7441 4
7442 16
7443 16
7444 16
7445 4
7446 16
7447 4
7448 256
7449 8
7450 32
7451 2
7452 2048
7453 4
7454 4
7455 16
7456 512
7457 2
7458 16
7459 2
7460 32
7461 16
7462 16
7463 4
7464 64
7465 4
7466 4
7467 8
7468 16
7469 8
7470 64
7471 4
7472 256
7473 8
7474 8
7475 32
7476 64
7477 2
7478 4
7479 32
7480 128
7481 2
7482 16
7483 4
7484 16
7485 8
7486 8
7487 2
7488 16384
7489 2
7490 16
7491 8
7492 16
7493 4
7494 8
7495 4
7496 32
7497 128
7498 8
7499 2
7500 2048
7501 4
7502 32
7503 8
7504 512
7505 8
7506 64
7507 2
7508 16
7509 4
7510 8
7511 8
7512 64
7513 4
7514 32
7515 32
7516 16
7517 2
7518 16
7519 4
7520 1024
7521 8
7522 4
7523 2
7524 256
7525 32
7526 8
7527 8
7528 32
7529 2
7530 16
7531 4
7532 32
7533 512
7534 4
7535 8
7536 512
7537 2
7538 4
7539 8
7540 64
7541 2
7542 32
7543 4
7544 64
7545 8
7546 64
7547 2
7548 64
7549 2
7550 32
7551 16
7552 4096
7553 8
7554 8
7555 4
7556 16
7557 8
7558 4
7559 2
7560 1024
7561 2
7562 8
7563 4
7564 32
7565 8
7566 16
7567 8
7568 512
7569 64
7570 8
7571 4
7572 32
7573 2
7574 8
7575 32
7576 32
7577 2
7578 32
7579 8
7580 32
7581 32
7582 8
7583 2
7584 1024
7585 8
7586 4
7587 32
7588 32
7589 2
7590 32
7591 2
7592 64
7593 4
7594 4
7595 32
7596 128
7597 4
7598 8
7599 8
7600 2048
7601 4
7602 16
7603 2
7604 16
7605 128
7606 4
7607 2
7608 64
7609 4
7610 8
7611 8
7612 32
7613 4
7614 512
7615 4
7616 4096
7617 4
7618 8
7619 4
7620 64
7621 2
7622 8
7623 128
7624 32
7625 32
7626 16
7627 4
7628 16
7629 4
7630 16
7631 4
7632 2048
7633 4
7634 8
7635 8
7636 32
7637 4
7638 16
7639 2
7640 64
7641 32
7642 4
7643 2
7644 256
7645 8
7646 4
7647 4
7648 512
7649 2
7650 256
7651 4
7652 16
7653 4
7654 8
7655 4
7656 128
7657 8
7658 8
7659 32
7660 32
7661 4
7662 8
7663 4
7664 256
7665 16
7666 4
7667 8
7668 256
7669 2
7670 16
7671 4
7672 64
7673 2
7674 8
7675 16
7676 32
7677 16
7678 8
7679 4
7680 262144
7681 2
7682 8
7683 8
7684 32
7685 8
7686 64
7687 2
7688 128
7689 8
7690 8
7691 2
7692 32
7693 16
7694 4
7695 512
7696 512
7697 4
7698 8
7699 2
7700 256
7701 8
7702 4
7703 2
7704 256
7705 8
7706 4
7707 8
7708 32
7709 4
7710 16
7711 4
7712 512
7713 16
7714 16
7715 4
7716 32
7717 2
7718 8
7719 8
7720 64
7721 4
7722 128
7723 2
7724 16
7725 32
7726 4
7727 2
7728 1024
7729 4
7730 8
7731 16
7732 16
7733 8
7734 8
7735 16
7736 32
7737 4
7738 8
7739 4
7740 256
7741 2
7742 32
7743 8
7744 8192
7745 4
7746 8
7747 4
7748 32
7749 64
7750 64
7751 4
7752 128
7753 2
7754 4
7755 16
7756 32
7757 2
7758 32
7759 2
7760 512
7761 8
7762 4
7763 4
7764 32
7765 4
7766 8
7767 16
7768 32
7769 4
7770 32
7771 4
7772 32
7773 4
7774 32
7775 16
7776 65536
7777 8
7778 4
7779 4
7780 32
7781 4
7782 8
7783 4
7784 64
7785 32
7786 8
7787 4
7788 64
7789 2
7790 16
7791 32
7792 256
7793 2
7794 32
7795 4
7796 16
7797 8
7798 8
7799 4
7800 512
7801 4
7802 8
7803 128
7804 16
7805 8
7806 8
7807 4
7808 4096
7809 8
7810 16
7811 4
7812 256
7813 4
7814 4
7815 8
7816 32
7817 2
7818 8
7819 4
7820 64
7821 32
7822 4
7823 2
7824 512
7825 16
7826 16
7827 4
7828 32
7829 2
7830 128
7831 4
7832 64
7833 8
7834 4
7835 4
7836 32
7837 4
7838 4
7839 32
7840 4096
7841 2
7842 8
7843 8
7844 32
7845 8
7846 4
7847 8
7848 256
7849 4
7850 32
7851 4
7852 32
7853 2
7854 32
7855 4
7856 256
7857 256
7858 4
7859 4
7860 64
7861 4
7862 4
7863 4
7864 32
7865 32
7866 64
7867 2
7868 32
7869 8
7870 8
7871 4
7872 4096
7873 2
7874 8
7875 256
7876 32
7877 2
7878 16
7879 2
7880 64
7881 8
7882 8
7883 2
7884 256
7885 8
7886 4
7887 8
7888 512
7889 32
7890 16
7891 4
7892 16
7893 16
7894 4
7895 4
7896 128
7897 4
7898 8
7899 4
7900 128
7901 2
7902 32
7903 4
7904 1024
7905 16
7906 8
7907 2
7908 32
7909 4
7910 16
7911 32
7912 64
7913 4
7914 8
7915 4
7916 16
7917 16
7918 8
7919 2
7920 4096
7921 8
7922 8
7923 8
7924 32
7925 16
7926 8
7927 2
7928 32
7929 16
7930 16
7931 8
7932 32
7933 2
7934 4
7935 32
7936 65536
7937 2
7938 2048
7939 4
7940 32
7941 4
7942 32
7943 16
7944 64
7945 8
7946 8
7947 16
7948 16
7949 2
7950 64
7951 2
7952 512
7953 8
7954 8
7955 8
7956 256
7957 4
7958 8
7959 8
7960 64
7961 4
7962 8
7963 2
7964 32
7965 64
7966 8
7967 4
7968 1024
7969 4
7970 8
7971 4
7972 16
7973 8
7974 32
7975 32
7976 32
7977 4
7978 4
7979 4
7980 128
7981 4
7982 8
7983 16
7984 256
7985 4
7986 64
7987 16
7988 16
7989 4
7990 16
7991 4
7992 512
7993 2
7994 8
7995 16
7996 16
7997 4
7998 16
7999 4
8000 16384
8001 32
8002 4
8003 4
8004 64
8005 4
8006 4
8007 8
8008 128
8009 2
8010 64
8011 2
8012 16
8013 4
8014 4
8015 8
8016 512
8017 2
8018 8
8019 2048
8020 32
8021 4
8022 16
8023 4
8024 64
8025 32
8026 4
8027 4
8028 128
8029 8
8030 16
8031 4
8032 512
8033 4
8034 16
8035 4
8036 128
8037 32
8038 4
8039 2
8040 128
8041 8
8042 4
8043 8
8044 16
8045 4
8046 64
8047 4
8048 256
8049 4
8050 64
8051 4
8052 64
8053 2
8054 4
8055 32
8056 64
8057 4
8058 16
8059 2
8060 64
8061 4
8062 8
8063 4
8064 32768
8065 4
8066 8
8067 4
8068 16
8069 2
8070 16
8071 4
8072 32
8073 64
8074 8
8075 32
8076 32
8077 4
8078 8
8079 4
8080 512
8081 2
8082 32
8083 4
8084 32
8085 64
8086 8
8087 2
8088 64
8089 2
8090 8
8091 32
8092 128
8093 2
8094 16
8095 4
8096 1024
8097 4
8098 4
8099 8
8100 8192
8101 2
8102 4
8103 8
8104 32
8105 4
8106 16
8107 16
8108 16
8109 32
8110 8
8111 2
8112 2048
8113 8
8114 4
8115 8
8116 16
8117 2
8118 64
8119 4
8120 128
8121 4
8122 8
8123 2
8124 32
8125 256
8126 8
8127 64
8128 2048
8129 4
8130 16
8131 4
8132 32
8133 4
8134 32
8135 4
8136 256
8137 4
8138 8
8139 4
8140 64
8141 4
8142 16
8143 4
8144 256
8145 32
8146 4
8147 2
8148 64
8149 4
8150 32
8151 16
8152 32
8153 4
8154 64
8155 8
8156 16
8157 4
8158 4
8159 4
8160 2048
8161 2
8162 16
8163 16
8164 32
8165 8
8166 8
8167 2
8168 32
8169 8
8170 16
8171 2
8172 128
8173 4
8174 8
8175 32
8176 512
8177 8
8178 16
8179 2
8180 32
8181 256
8182 4
8183 16
8184 128
8185 4
8186 4
8187 4
8188 32
8189 4
8190 128
8191 2
8192 8388608
