1 0
2 1
3 1
4 2
5 1
6 4
7 1
8 4
9 3
10 6
11 1
12 8
13 1
14 8
15 7
16 8
17 1
18 12
19 1
20 12
21 9
22 12
23 1
24 16
25 5
26 14
27 9
28 16
29 1
30 22
31 1
32 16
33 13
34 18
35 11
36 24
37 1
38 20
39 15
40 24
41 1
42 30
43 1
44 24
45 21
46 24
47 1
48 32
49 7
50 30
51 19
52 28
53 1
54 36
55 15
56 32
57 21
58 30
59 1
60 44
61 1
62 32
63 27
64 32
65 17
66 46
67 1
68 36
69 25
70 46
71 1
72 48
73 1
74 38
75 35
76 40
77 17
78 54
79 1
80 48
81 27
82 42
83 1
84 60
85 21
86 44
87 31
88 48
89 1
90 66
91 19
92 48
93 33
94 48
95 23
96 64
97 1
98 56
99 39
100 60
101 1
102 70
103 1
104 56
105 57
106 54
107 1
108 72
109 1
110 70
111 39
112 64
113 1
114 78
115 27
116 60
117 45
118 60
119 23
120 88
121 11
122 62
123 43
124 64
125 25
126 90
127 1
128 64
129 45
130 82
131 1
132 92
133 25
134 68
135 63
136 72
137 1
138 94
139 1
140 92
141 49
142 72
143 23
144 96
145 33
146 74
147 63
148 76
149 1
150 110
151 1
152 80
153 57
154 94
155 35
156 108
157 1
158 80
159 55
160 96
161 29
162 108
163 1
164 84
165 85
166 84
167 1
168 120
169 13
170 106
171 63
172 88
173 1
174 118
175 55
176 96
177 61
178 90
179 1
180 132
181 1
182 110
183 63
184 96
185 41
186 126
187 27
188 96
189 81
190 118
191 1
192 128
193 1
194 98
195 99
196 112
197 1
198 138
199 1
200 120
201 69
202 102
203 35
204 140
205 45
206 104
207 75
208 112
209 29
210 162
211 1
212 108
213 73
214 108
215 47
216 144
217 37
218 110
219 75
220 140
221 29
222 150
223 1
224 128
225 105
226 114
227 1
228 156
229 1
230 142
231 111
232 120
233 1
234 162
235 51
236 120
237 81
238 142
239 1
240 176
241 1
242 132
243 81
244 124
245 77
246 166
247 31
248 128
249 85
250 150
251 1
252 180
253 33
254 128
255 127
256 128
257 1
258 174
259 43
260 164
261 93
262 132
263 1
264 184
265 57
266 158
267 91
268 136
269 1
270 198
271 1
272 144
273 129
274 138
275 75
276 188
277 1
278 140
279 99
280 184
281 1
282 190
283 1
284 144
285 141
286 166
287 47
288 192
289 17
290 178
291 99
292 148
293 1
294 210
295 63
296 152
297 117
298 150
299 35
300 220
301 49
302 152
303 103
304 160
305 65
306 210
307 1
308 188
309 105
310 190
311 1
312 216
313 1
314 158
315 171
316 160
317 1
318 214
319 39
320 192
321 109
322 190
323 35
324 216
325 85
326 164
327 111
328 168
329 53
330 250
331 1
332 168
333 117
334 168
335 71
336 240
337 1
338 182
339 115
340 212
341 41
342 234
343 49
344 176
345 169
346 174
347 1
348 236
349 1
350 230
351 135
352 192
353 1
354 238
355 75
356 180
357 165
358 180
359 1
360 264
361 19
362 182
363 143
364 220
365 77
366 246
367 1
368 192
369 129
370 226
371 59
372 252
373 1
374 214
375 175
376 192
377 41
378 270
379 1
380 236
381 129
382 192
383 1
384 256
385 145
386 194
387 135
388 196
389 1
390 294
391 39
392 224
393 133
394 198
395 83
396 276
397 1
398 200
399 183
400 240
401 1
402 270
403 43
404 204
405 189
406 238
407 47
408 280
409 1
410 250
411 139
412 208
413 65
414 282
415 87
416 224
417 141
418 238
419 1
420 324
421 1
422 212
423 147
424 216
425 105
426 286
427 67
428 216
429 189
430 262
431 1
432 288
433 1
434 254
435 211
436 220
437 41
438 294
439 1
440 280
441 189
442 250
443 1
444 300
445 93
446 224
447 151
448 256
449 1
450 330
451 51
452 228
453 153
454 228
455 167
456 312
457 1
458 230
459 171
460 284
461 1
462 342
463 1
464 240
465 225
466 234
467 1
468 324
469 73
470 286
471 159
472 240
473 53
474 318
475 115
476 284
477 165
478 240
479 1
480 352
481 49
482 242
483 219
484 264
485 101
486 324
487 1
488 248
489 165
490 322
491 1
492 332
493 45
494 278
495 255
496 256
497 77
498 334
499 1
500 300
501 169
502 252
503 1
504 360
505 105
506 286
507 195
508 256
509 1
510 382
511 79
512 256
513 189
514 258
515 107
516 348
517 57
518 302
519 175
520 328
521 1
522 354
523 1
524 264
525 285
526 264
527 47
528 368
529 23
530 322
531 183
532 316
533 53
534 358
535 111
536 272
537 181
538 270
539 119
540 396
541 1
542 272
543 183
544 288
545 113
546 402
547 1
548 276
549 189
550 350
551 47
552 376
553 85
554 278
555 267
556 280
557 1
558 378
559 55
560 368
561 241
562 282
563 1
564 380
565 117
566 284
567 243
568 288
569 1
570 426
571 1
572 332
573 193
574 334
575 135
576 384
577 1
578 306
579 195
580 356
581 89
582 390
583 63
584 296
585 297
586 294
587 1
588 420
589 49
590 358
591 199
592 304
593 1
594 414
595 211
596 300
597 201
598 334
599 1
600 440
601 1
602 350
603 207
604 304
605 165
606 406
607 1
608 320
609 273
610 370
611 59
612 420
613 1
614 308
615 295
616 376
617 1
618 414
619 1
620 380
621 225
622 312
623 95
624 432
625 125
626 314
627 267
628 316
629 53
630 486
631 1
632 320
633 213
634 318
635 131
636 428
637 133
638 358
639 219
640 384
641 1
642 430
643 1
644 380
645 309
646 358
647 1
648 432
649 69
650 410
651 291
652 328
653 1
654 438
655 135
656 336
657 225
658 382
659 1
660 500
661 1
662 332
663 279
664 336
665 233
666 450
667 51
668 336
669 225
670 406
671 71
672 480
673 1
674 338
675 315
676 364
677 1
678 454
679 103
680 424
681 229
682 382
683 1
684 468
685 141
686 392
687 231
688 352
689 65
690 514
691 1
692 348
693 333
694 348
695 143
696 472
697 57
698 350
699 235
700 460
701 1
702 486
703 55
704 384
705 337
706 354
707 107
708 476
709 1
710 430
711 243
712 360
713 53
714 522
715 235
716 360
717 241
718 360
719 1
720 528
721 109
722 380
723 243
724 364
725 165
726 506
727 1
728 440
729 243
730 442
731 59
732 492
733 1
734 368
735 399
736 384
737 77
738 498
739 1
740 452
741 309
742 430
743 1
744 504
745 153
746 374
747 255
748 428
749 113
750 550
751 1
752 384
753 253
754 418
755 155
756 540
757 1
758 380
759 319
760 472
761 1
762 510
763 115
764 384
765 381
766 384
767 71
768 512
769 1
770 530
771 259
772 388
773 1
774 522
775 175
776 392
777 345
778 390
779 59
780 588
781 81
782 430
783 279
784 448
785 161
786 526
787 1
788 396
789 265
790 478
791 119
792 552
793 73
794 398
795 379
796 400
797 1
798 582
799 63
800 480
801 273
802 402
803 83
804 540
805 277
806 446
807 271
808 408
809 1
810 594
811 1
812 476
813 273
814 454
815 167
816 560
817 61
818 410
819 387
820 500
821 1
822 550
823 1
824 416
825 425
826 478
827 1
828 564
829 1
830 502
831 279
832 448
833 161
834 558
835 171
836 476
837 297
838 420
839 1
840 648
841 29
842 422
843 283
844 424
845 221
846 570
847 187
848 432
849 285
850 530
851 59
852 572
853 1
854 494
855 423
856 432
857 1
858 618
859 1
860 524
861 381
862 432
863 1
864 576
865 177
866 434
867 323
868 508
869 89
870 646
871 79
872 440
873 297
874 478
875 275
876 588
877 1
878 440
879 295
880 560
881 1
882 630
883 1
884 500
885 421
886 444
887 1
888 600
889 133
890 538
891 351
892 448
893 65
894 598
895 183
896 512
897 369
898 450
899 59
900 660
901 69
902 502
903 399
904 456
905 185
906 606
907 1
908 456
909 309
910 622
911 1
912 624
913 93
914 458
915 435
916 460
917 137
918 630
919 1
920 568
921 309
922 462
923 83
924 684
925 205
926 464
927 315
928 480
929 1
930 690
931 175
932 468
933 313
934 468
935 295
936 648
937 1
938 542
939 315
940 572
941 1
942 630
943 63
944 480
945 513
946 526
947 1
948 636
949 85
950 590
951 319
952 568
953 1
954 642
955 195
956 480
957 397
958 480
959 143
960 704
961 31
962 530
963 327
964 484
965 197
966 702
967 1
968 528
969 393
970 586
971 1
972 648
973 145
974 488
975 495
976 496
977 1
978 654
979 99
980 644
981 333
982 492
983 1
984 664
985 201
986 538
987 435
988 556
989 65
990 750
991 1
992 512
993 333
994 574
995 203
996 668
997 1
998 500
999 351
1000 600
1001 281
1002 670
1003 75
1004 504
1005 477
1006 504
1007 71
1008 720
1009 1
1010 610
1011 339
1012 572
1013 1
1014 702
1015 343
1016 512
1017 345
1018 510
1019 1
1020 764
1021 1
1022 590
1023 423
1024 512
1025 225
1026 702
1027 91
1028 516
1029 441
1030 622
1031 1
1032 696
1033 1
1034 574
1035 507
1036 604
1037 77
1038 694
1039 1
1040 656
1041 349
1042 522
1043 155
1044 708
1045 325
1046 524
1047 351
1048 528
1049 1
1050 810
1051 1
1052 528
1053 405
1054 574
1055 215
1056 736
1057 157
1058 552
1059 355
1060 644
1061 1
1062 714
1063 1
1064 632
1065 505
1066 586
1067 107
1068 716
1069 1
1070 646
1071 495
1072 544
1073 65
1074 718
1075 235
1076 540
1077 361
1078 658
1079 95
1080 792
1081 69
1082 542
1083 399
1084 544
1085 365
1086 726
1087 1
1088 576
1089 429
1090 658
1091 1
1092 804
1093 1
1094 548
1095 519
1096 552
1097 1
1098 738
1099 163
1100 700
1101 369
1102 598
1103 1
1104 752
1105 337
1106 638
1107 387
1108 556
1109 1
1110 822
1111 111
1112 560
1113 489
1114 558
1115 227
1116 756
1117 1
1118 614
1119 375
1120 736
1121 77
1122 802
1123 1
1124 564
1125 525
1126 564
1127 203
1128 760
1129 1
1130 682
1131 459
1132 568
1133 113
1134 810
1135 231
1136 576
1137 381
1138 570
1139 83
1140 852
1141 169
1142 572
1143 387
1144 664
1145 233
1146 766
1147 67
1148 668
1149 385
1150 710
1151 1
1152 768
1153 1
1154 578
1155 675
1156 612
1157 101
1158 774
1159 79
1160 712
1161 405
1162 670
1163 1
1164 780
1165 237
1166 646
1167 391
1168 592
1169 173
1170 882
1171 1
1172 588
1173 469
1174 588
1175 255
1176 840
1177 117
1178 638
1179 399
1180 716
1181 1
1182 790
1183 247
1184 608
1185 561
1186 594
1187 1
1188 828
1189 69
1190 806
1191 399
1192 600
1193 1
1194 798
1195 243
1196 668
1197 549
1198 600
1199 119
1200 880
1201 1
1202 602
1203 403
1204 700
1205 245
1206 810
1207 87
1208 608
1209 489
1210 770
1211 179
1212 812
1213 1
1214 608
1215 567
1216 640
1217 1
1218 882
1219 75
1220 740
1221 501
1222 670
1223 1
1224 840
1225 385
1226 614
1227 411
1228 616
1229 1
1230 910
1231 1
1232 752
1233 417
1234 618
1235 371
1236 828
1237 1
1238 620
1239 543
1240 760
1241 89
1242 846
1243 123
1244 624
1245 589
1246 718
1247 71
1248 864
1249 1
1250 750
1251 423
1252 628
1253 185
1254 894
1255 255
1256 632
1257 421
1258 682
1259 1
1260 972
1261 109
1262 632
1263 423
1264 640
1265 385
1266 846
1267 187
1268 636
1269 441
1270 766
1271 71
1272 856
1273 85
1274 770
1275 635
1276 716
1277 1
1278 858
1279 1
1280 768
1281 561
1282 642
1283 1
1284 860
1285 261
1286 644
1287 567
1288 760
1289 1
1290 954
1291 1
1292 716
1293 433
1294 648
1295 431
1296 864
1297 1
1298 718
1299 435
1300 820
1301 1
1302 942
1303 1
1304 656
1305 633
1306 654
1307 1
1308 876
1309 349
1310 790
1311 519
1312 672
1313 113
1314 882
1315 267
1316 764
1317 441
1318 660
1319 1
1320 1000
1321 1
1322 662
1323 567
1324 664
1325 285
1326 942
1327 1
1328 672
1329 445
1330 898
1331 121
1332 900
1333 73
1334 718
1335 631
1336 672
1337 197
1338 894
1339 115
1340 812
1341 453
1342 742
1343 95
1344 960
1345 273
1346 674
1347 451
1348 676
1349 89
1350 990
1351 199
1352 728
1353 553
1354 678
1355 275
1356 908
1357 81
1358 782
1359 459
1360 848
1361 1
1362 910
1363 75
1364 764
1365 789
1366 684
1367 1
1368 936
1369 37
1370 826
1371 459
1372 784
1373 1
1374 918
1375 375
1376 704
1377 513
1378 754
1379 203
1380 1028
1381 1
1382 692
1383 463
1384 696
1385 281
1386 1026
1387 91
1388 696
1389 465
1390 838
1391 119
1392 944
1393 205
1394 754
1395 675
1396 700
1397 137
1398 934
1399 1
1400 920
1401 469
1402 702
1403 83
1404 972
1405 285
1406 758
1407 615
1408 768
1409 1
1410 1042
1411 99
1412 708
1413 477
1414 814
1415 287
1416 952
1417 121
1418 710
1419 579
1420 860
1421 245
1422 954
1423 1
1424 720
1425 705
1426 766
1427 1
1428 1044
1429 1
1430 950
1431 495
1432 720
1433 1
1434 958
1435 475
1436 720
1437 481
1438 720
1439 1
1440 1056
1441 141
1442 830
1443 579
1444 760
1445 357
1446 966
1447 1
1448 728
1449 657
1450 890
1451 1
1452 1012
1453 1
1454 728
1455 687
1456 880
1457 77
1458 972
1459 1
1460 884
1461 489
1462 790
1463 383
1464 984
1465 297
1466 734
1467 495
1468 736
1469 125
1470 1134
1471 1
1472 768
1473 493
1474 814
1475 315
1476 996
1477 217
1478 740
1479 583
1480 904
1481 1
1482 1050
1483 1
1484 860
1485 765
1486 744
1487 1
1488 1008
1489 1
1490 898
1491 651
1492 748
1493 1
1494 1002
1495 439
1496 856
1497 501
1498 862
1499 1
1500 1100
1501 97
1502 752
1503 507
1504 768
1505 497
1506 1006
1507 147
1508 836
1509 505
1510 910
1511 1
1512 1080
1513 105
1514 758
1515 715
1516 760
1517 77
1518 1078
1519 259
1520 944
1521 585
1522 762
1523 1
1524 1020
1525 325
1526 878
1527 511
1528 768
1529 149
1530 1146
1531 1
1532 768
1533 669
1534 838
1535 311
1536 1024
1537 81
1538 770
1539 567
1540 1060
1541 89
1542 1030
1543 1
1544 776
1545 729
1546 774
1547 395
1548 1044
1549 1
1550 950
1551 631
1552 784
1553 1
1554 1122
1555 315
1556 780
1557 525
1558 838
1559 1
1560 1176
1561 229
1562 862
1563 523
1564 860
1565 317
1566 1062
1567 1
1568 896
1569 525
1570 946
1571 1
1572 1052
1573 253
1574 788
1575 855
1576 792
1577 101
1578 1054
1579 1
1580 956
1581 621
1582 910
1583 1
1584 1104
1585 321
1586 866
1587 575
1588 796
1589 233
1590 1174
1591 79
1592 800
1593 549
1594 798
1595 475
1596 1164
1597 1
1598 862
1599 639
1600 960
1601 1
1602 1074
1603 235
1604 804
1605 757
1606 886
1607 1
1608 1080
1609 1
1610 1082
1611 543
1612 892
1613 1
1614 1078
1615 463
1616 816
1617 777
1618 810
1619 1
1620 1188
1621 1
1622 812
1623 543
1624 952
1625 425
1626 1086
1627 1
1628 908
1629 549
1630 982
1631 239
1632 1120
1633 93
1634 878
1635 771
1636 820
1637 1
1638 1206
1639 159
1640 1000
1641 549
1642 822
1643 83
1644 1100
1645 541
1646 824
1647 567
1648 832
1649 113
1650 1250
1651 139
1652 956
1653 645
1654 828
1655 335
1656 1128
1657 1
1658 830
1659 723
1660 1004
1661 161
1662 1110
1663 1
1664 896
1665 801
1666 994
1667 1
1668 1116
1669 1
1670 1006
1671 559
1672 952
1673 245
1674 1134
1675 355
1676 840
1677 669
1678 840
1679 95
1680 1296
1681 41
1682 870
1683 723
1684 844
1685 341
1686 1126
1687 247
1688 848
1689 565
1690 1066
1691 107
1692 1140
1693 1
1694 1034
1695 799
1696 864
1697 1
1698 1134
1699 1
1700 1060
1701 729
1702 910
1703 143
1704 1144
1705 505
1706 854
1707 571
1708 988
1709 1
1710 1278
1711 87
1712 864
1713 573
1714 858
1715 539
1716 1236
1717 117
1718 860
1719 579
1720 1048
1721 1
1722 1242
1723 1
1724 864
1725 845
1726 864
1727 167
1728 1152
1729 433
1730 1042
1731 579
1732 868
1733 1
1734 1190
1735 351
1736 1016
1737 585
1738 958
1739 83
1740 1292
1741 1
1742 950
1743 759
1744 880
1745 353
1746 1170
1747 1
1748 956
1749 709
1750 1150
1751 119
1752 1176
1753 1
1754 878
1755 891
1756 880
1757 257
1758 1174
1759 1
1760 1120
1761 589
1762 882
1763 83
1764 1260
1765 357
1766 884
1767 687
1768 1000
1769 89
1770 1306
1771 451
1772 888
1773 597
1774 888
1775 375
1776 1200
1777 1
1778 1022
1779 595
1780 1076
1781 149
1782 1242
1783 1
1784 896
1785 1017
1786 958
1787 1
1788 1196
1789 1
1790 1078
1791 603
1792 1024
1793 173
1794 1266
1795 363
1796 900
1797 601
1798 958
1799 263
1800 1320
1801 1
1802 970
1803 603
1804 1004
1805 437
1806 1302
1807 151
1808 912
1809 621
1810 1090
1811 1
1812 1212
1813 301
1814 908
1815 935
1816 912
1817 101
1818 1218
1819 123
1820 1244
1821 609
1822 912
1823 1
1824 1248
1825 385
1826 1006
1827 819
1828 916
1829 89
1830 1350
1831 1
1832 920
1833 729
1834 1054
1835 371
1836 1260
1837 177
1838 920
1839 615
1840 1136
1841 269
1842 1230
1843 115
1844 924
1845 885
1846 1006
1847 1
1848 1368
1849 43
1850 1130
1851 619
1852 928
1853 125
1854 1242
1855 607
1856 960
1857 621
1858 930
1859 299
1860 1380
1861 1
1862 1106
1863 675
1864 936
1865 377
1866 1246
1867 1
1868 936
1869 813
1870 1230
1871 1
1872 1296
1873 1
1874 938
1875 875
1876 1084
1877 1
1878 1254
1879 1
1880 1144
1881 801
1882 942
1883 275
1884 1260
1885 541
1886 1006
1887 735
1888 960
1889 1
1890 1458
1891 91
1892 1052
1893 633
1894 948
1895 383
1896 1272
1897 277
1898 1034
1899 639
1900 1180
1901 1
1902 1270
1903 183
1904 1136
1905 897
1906 954
1907 1
1908 1284
1909 105
1910 1150
1911 903
1912 960
1913 1
1914 1354
1915 387
1916 960
1917 657
1918 1102
1919 119
1920 1408
1921 129
1922 992
1923 643
1924 1060
1925 725
1926 1290
1927 87
1928 968
1929 645
1930 1162
1931 1
1932 1404
1933 1
1934 968
1935 927
1936 1056
1937 161
1938 1362
1939 283
1940 1172
1941 649
1942 972
1943 95
1944 1296
1945 393
1946 1118
1947 787
1948 976
1949 1
1950 1470
1951 1
1952 992
1953 873
1954 978
1955 547
1956 1308
1957 121
1958 1078
1959 655
1960 1288
1961 89
1962 1314
1963 163
1964 984
1965 925
1966 984
1967 287
1968 1328
1969 189
1970 1186
1971 675
1972 1076
1973 1
1974 1422
1975 415
1976 1112
1977 661
1978 1054
1979 1
1980 1500
1981 289
1982 992
1983 663
1984 1024
1985 401
1986 1326
1987 1
1988 1148
1989 837
1990 1198
1991 191
1992 1336
1993 1
1994 998
1995 1131
1996 1000
1997 1
1998 1350
1999 1
2000 1200
2001 769
2002 1282
2003 1
2004 1340
2005 405
2006 1078
2007 675
2008 1008
2009 329
2010 1482
2011 1
2012 1008
2013 813
2014 1078
2015 575
2016 1440
2017 1
2018 1010
2019 675
2020 1220
2021 89
2022 1350
2023 391
2024 1144
2025 945
2026 1014
2027 1
2028 1404
2029 1
2030 1358
2031 679
2032 1024
2033 125
2034 1362
2035 595
2036 1020
2037 885
2038 1020
2039 1
2040 1528
2041 169
2042 1022
2043 687
2044 1180
2045 413
2046 1446
2047 111
2048 1024
2049 685
2050 1250
2051 299
2052 1404
2053 1
2054 1118
2055 967
2056 1032
2057 297
2058 1470
2059 99
2060 1244
2061 693
2062 1032
2063 1
2064 1392
2065 673
2066 1034
2067 819
2068 1148
2069 1
2070 1542
2071 127
2072 1208
2073 693
2074 1114
2075 435
2076 1388
2077 97
2078 1040
2079 999
2080 1312
2081 1
2082 1390
2083 1
2084 1044
2085 981
2086 1198
2087 1
2088 1416
2089 1
2090 1370
2091 811
2092 1048
2093 509
2094 1398
2095 423
2096 1056
2097 705
2098 1050
2099 1
2100 1620
2101 201
2102 1052
2103 703
2104 1056
2105 425
2106 1458
2107 343
2108 1148
2109 813
2110 1270
2111 1
2112 1472
2113 1
2114 1214
2115 1011
2116 1104
2117 101
2118 1414
2119 175
2120 1288
2121 921
2122 1062
2123 203
2124 1428
2125 525
2126 1064
2127 711
2128 1264
2129 1
2130 1570
2131 1
2132 1172
2133 729
2134 1174
2135 695
2136 1432
2137 1
2138 1070
2139 819
2140 1292
2141 1
2142 1566
2143 1
2144 1088
2145 1185
2146 1138
2147 131
2148 1436
2149 313
2150 1310
2151 723
2152 1080
2153 1
2154 1438
2155 435
2156 1316
2157 721
2158 1174
2159 143
2160 1584
2161 1
2162 1150
2163 939
2164 1084
2165 437
2166 1482
2167 207
2168 1088
2169 729
2170 1450
2171 179
2172 1452
2173 93
2174 1088
2175 1055
2176 1152
2177 317
2178 1518
2179 1
2180 1316
2181 729
2182 1092
2183 95
2184 1608
2185 601
2186 1094
2187 729
2188 1096
2189 209
2190 1614
2191 319
2192 1104
2193 849
2194 1098
2195 443
2196 1476
2197 169
2198 1262
2199 735
2200 1400
2201 101
2202 1470
2203 1
2204 1196
2205 1197
2206 1104
2207 1
2208 1504
2209 47
2210 1442
2211 891
2212 1276
2213 1
2214 1494
2215 447
2216 1112
2217 741
2218 1110
2219 323
2220 1644
2221 1
2222 1222
2223 927
2224 1120
2225 465
2226 1602
2227 147
2228 1116
2229 745
2230 1342
2231 119
2232 1512
2233 553
2234 1118
2235 1051
2236 1228
2237 1
2238 1494
2239 1
2240 1472
2241 765
2242 1198
2243 1
2244 1604
2245 453
2246 1124
2247 975
2248 1128
2249 185
2250 1650
2251 1
2252 1128
2253 753
2254 1330
2255 655
2256 1520
2257 97
2258 1130
2259 759
2260 1364
2261 533
2262 1590
2263 103
2264 1136
2265 1065
2266 1246
2267 1
2268 1620
2269 1
2270 1366
2271 759
2272 1152
2273 1
2274 1518
2275 835
2276 1140
2277 957
2278 1222
2279 95
2280 1704
2281 1
2282 1310
2283 763
2284 1144
2285 461
2286 1530
2287 1
2288 1328
2289 993
2290 1378
2291 107
2292 1532
2293 1
2294 1214
2295 1143
2296 1336
2297 1
2298 1534
2299 319
2300 1420
2301 909
2302 1152
2303 371
2304 1536
2305 465
2306 1154
2307 771
2308 1156
2309 1
2310 1830
2311 1
2312 1224
2313 777
2314 1258
2315 467
2316 1548
2317 337
2318 1238
2319 775
2320 1424
2321 221
2322 1566
2323 123
2324 1340
2325 1125
2326 1164
2327 191
2328 1560
2329 153
2330 1402
2331 1035
2332 1292
2333 1
2334 1558
2335 471
2336 1184
2337 897
2338 1342
2339 1
2340 1764
2341 1
2342 1172
2343 943
2344 1176
2345 761
2346 1642
2347 1
2348 1176
2349 837
2350 1430
2351 1
2352 1680
2353 193
2354 1294
2355 1107
2356 1276
2357 1
2358 1578
2359 343
2360 1432
2361 789
2362 1182
2363 155
2364 1580
2365 685
2366 1430
2367 795
2368 1216
2369 125
2370 1746
2371 1
2372 1188
2373 1029
2374 1188
2375 575
2376 1656
2377 1
2378 1258
2379 939
2380 1612
2381 1
2382 1590
2383 1
2384 1200
2385 1137
2386 1194
2387 587
2388 1596
2389 1
2390 1438
2391 799
2392 1336
2393 1
2394 1746
2395 483
2396 1200
2397 925
2398 1318
2399 1
2400 1760
2401 343
2402 1202
2403 819
2404 1204
2405 677
2406 1606
2407 111
2408 1400
2409 969
2410 1450
2411 1
2412 1620
2413 145
2414 1294
2415 1359
2416 1216
2417 1
2418 1698
2419 99
2420 1540
2421 813
2422 1390
2423 1
2424 1624
2425 505
2426 1214
2427 811
2428 1216
2429 353
2430 1782
2431 511
2432 1280
2433 813
2434 1218
2435 491
2436 1764
2437 1
2438 1294
2439 819
2440 1480
2441 1
2442 1722
2443 355
2444 1340
2445 1149
2446 1224
2447 1
2448 1680
2449 109
2450 1610
2451 939
2452 1228
2453 233
2454 1638
2455 495
2456 1232
2457 1161
2458 1230
2459 1
2460 1820
2461 129
2462 1232
2463 823
2464 1504
2465 673
2466 1650
2467 1
2468 1236
2469 825
2470 1606
2471 359
2472 1656
2473 1
2474 1238
2475 1275
2476 1240
2477 1
2478 1782
2479 103
2480 1520
2481 829
2482 1330
2483 203
2484 1692
2485 805
2486 1366
2487 831
2488 1248
2489 149
2490 1834
2491 99
2492 1436
2493 837
2494 1318
2495 503
2496 1728
2497 237
2498 1250
2499 1155
2500 1500
2501 101
2502 1674
2503 1
2504 1256
2505 1177
2506 1438
2507 131
2508 1788
2509 205
2510 1510
2511 891
2512 1264
2513 365
2514 1678
2515 507
2516 1364
2517 841
2518 1260
2519 239
2520 1944
2521 1
2522 1370
2523 899
2524 1264
2525 525
2526 1686
2527 475
2528 1280
2529 849
2530 1650
2531 1
2532 1692
2533 165
2534 1454
2535 1287
2536 1272
2537 101
2538 1710
2539 1
2540 1532
2541 1221
2542 1342
2543 1
2544 1712
2545 513
2546 1358
2547 855
2548 1540
2549 1
2550 1910
2551 1
2552 1432
2553 969
2554 1278
2555 827
2556 1716
2557 1
2558 1280
2559 855
2560 1536
2561 209
2562 1842
2563 243
2564 1284
2565 1269
2566 1284
2567 167
2568 1720
2569 373
2570 1546
2571 859
2572 1288
2573 113
2574 1854
2575 535
2576 1520
2577 861
2578 1290
2579 1
2580 1908
2581 117
2582 1292
2583 1143
2584 1432
2585 745
2586 1726
2587 211
2588 1296
2589 865
2590 1726
2591 1
2592 1728
2593 1
2594 1298
2595 1219
2596 1436
2597 413
2598 1734
2599 135
2600 1640
2601 969
2602 1302
2603 155
2604 1884
2605 525
2606 1304
2607 1047
2608 1312
2609 1
2610 1938
2611 379
2612 1308
2613 1029
2614 1308
2615 527
2616 1752
2617 1
2618 1658
2619 891
2620 1580
2621 1
2622 1830
2623 103
2624 1344
2625 1425
2626 1426
2627 107
2628 1764
2629 249
2630 1582
2631 879
2632 1528
2633 1
2634 1758
2635 715
2636 1320
2637 885
2638 1320
2639 623
2640 2000
2641 157
2642 1322
2643 883
2644 1324
2645 621
2646 1890
2647 1
2648 1328
2649 885
2650 1610
2651 251
2652 1884
2653 385
2654 1328
2655 1263
2656 1344
2657 1
2658 1774
2659 1
2660 1796
2661 889
2662 1452
2663 1
2664 1800
2665 745
2666 1406
2667 1155
2668 1436
2669 173
2670 1966
2671 1
2672 1344
2673 1053
2674 1534
2675 555
2676 1788
2677 1
2678 1454
2679 1023
2680 1624
2681 389
2682 1794
2683 1
2684 1484
2685 1261
2686 1438
2687 1
2688 1920
2689 1
2690 1618
2691 1107
2692 1348
2693 1
2694 1798
2695 1015
2696 1352
2697 1017
2698 1438
2699 1
2700 1980
2701 109
2702 1550
2703 1039
2704 1456
2705 545
2706 1906
2707 1
2708 1356
2709 1197
2710 1630
2711 1
2712 1816
2713 1
2714 1438
2715 1275
2716 1564
2717 557
2718 1818
2719 1
2720 1696
2721 909
2722 1362
2723 395
2724 1820
2725 565
2726 1438
2727 927
2728 1528
2729 1
2730 2154
2731 1
2732 1368
2733 913
2734 1368
2735 551
2736 1872
2737 625
2738 1406
2739 1099
2740 1652
2741 1
2742 1830
2743 223
2744 1568
2745 1305
2746 1374
2747 107
2748 1836
2749 1
2750 1750
2751 1191
2752 1408
2753 1
2754 1890
2755 739
2756 1508
2757 921
2758 1582
2759 119
2760 2056
2761 261
2762 1382
2763 927
2764 1384
2765 893
2766 1846
2767 1
2768 1392
2769 1089
2770 1666
2771 179
2772 2052
2773 105
2774 1478
2775 1335
2776 1392
2777 1
2778 1854
2779 403
2780 1676
2781 945
2782 1510
2783 363
2784 1888
2785 561
2786 1598
2787 931
2788 1508
2789 1
2790 2070
2791 1
2792 1400
2793 1281
2794 1534
2795 779
2796 1868
2797 1
2798 1400
2799 939
2800 1840
2801 1
2802 1870
2803 1
2804 1404
2805 1525
2806 1486
2807 407
2808 1944
2809 53
2810 1690
2811 939
2812 1516
2813 125
2814 2022
2815 567
2816 1536
2817 945
2818 1410
2819 1
2820 2084
2821 661
2822 1510
2823 943
2824 1416
2825 585
2826 1890
2827 267
2828 1628
2829 1069
2830 1702
2831 167
2832 1904
2833 1
2834 1538
2835 1539
2836 1420
2837 1
2838 1998
2839 183
2840 1720
2841 949
2842 1666
2843 1
2844 1908
2845 573
2846 1424
2847 1119
2848 1440
2849 689
2850 2130
2851 1
2852 1532
2853 957
2854 1428
2855 575
2856 2088
2857 1
2858 1430
2859 955
2860 1900
2861 1
2862 1926
2863 415
2864 1440
2865 1345
2866 1434
2867 107
2868 1916
2869 169
2870 1910
2871 1191
2872 1440
2873 377
2874 1918
2875 675
2876 1440
2877 1245
2878 1440
2879 1
2880 2112
2881 109
2882 1582
2883 1023
2884 1660
2885 581
2886 2022
2887 1
2888 1520
2889 981
2890 1802
2891 455
2892 1932
2893 273
2894 1448
2895 1359
2896 1456
2897 1
2898 2106
2899 235
2900 1780
2901 969
2902 1452
2903 1
2904 2024
2905 937
2906 1454
2907 1179
2908 1456
2909 1
2910 2142
2911 111
2912 1760
2913 973
2914 1534
2915 835
2916 1944
2917 1
2918 1460
2919 1263
2920 1768
2921 149
2922 1950
2923 115
2924 1580
2925 1485
2926 1846
2927 1
2928 1968
2929 129
2930 1762
2931 979
2932 1468
2933 425
2934 1962
2935 591
2936 1472
2937 1177
2938 1594
2939 1
2940 2268
2941 189
2942 1472
2943 999
2944 1536
2945 785
2946 1966
2947 427
2948 1628
2949 985
2950 1790
2951 239
2952 1992
2953 1
2954 1694
2955 1387
2956 1480
2957 1
2958 2062
2959 279
2960 1808
2961 1305
2962 1482
2963 1
2964 2100
2965 597
2966 1484
2967 1119
2968 1720
2969 1
2970 2250
2971 1
2972 1488
2973 993
2974 1488
2975 1055
2976 2016
2977 241
2978 1490
2979 999
2980 1796
2981 281
2982 2142
2983 175
2984 1496
2985 1401
2986 1494
2987 131
2988 2004
2989 469
2990 1934
2991 999
2992 1712
2993 113
2994 1998
2995 603
2996 1724
2997 1053
2998 1500
2999 1
3000 2200
3001 1
3002 1598
3003 1563
3004 1504
3005 605
3006 2010
3007 127
3008 1536
3009 1153
3010 2002
3011 1
3012 2012
3013 153
3014 1654
3015 1431
3016 1672
3017 437
3018 2014
3019 1
3020 1820
3021 1149
3022 1512
3023 1
3024 2160
3025 825
3026 1618
3027 1011
3028 1516
3029 245
3030 2230
3031 439
3032 1520
3033 1017
3034 1594
3035 611
3036 2156
3037 1
3038 1778
3039 1015
3040 1888
3041 1
3042 2106
3043 195
3044 1524
3045 1701
3046 1524
3047 287
3048 2040
3049 1
3050 1850
3051 1035
3052 1756
3053 113
3054 2038
3055 847
3056 1536
3057 1021
3058 1678
3059 683
3060 2292
3061 1
3062 1532
3063 1023
3064 1536
3065 617
3066 2202
3067 1
3068 1676
3069 1269
3070 1846
3071 119
3072 2048
3073 445
3074 1618
3075 1475
3076 1540
3077 197
3078 2106
3079 1
3080 2120
3081 1209
3082 1630
3083 1
3084 2060
3085 621
3086 1544
3087 1323
3088 1552
3089 1
3090 2274
3091 291
3092 1548
3093 1033
3094 1942
3095 623
3096 2088
3097 181
3098 1550
3099 1035
3100 1900
3101 449
3102 2182
3103 135
3104 1568
3105 1521
3106 1554
3107 251
3108 2244
3109 1
3110 1870
3111 1191
3112 1560
3113 293
3114 2082
3115 1003
3116 1676
3117 1041
3118 1560
3119 1
3120 2352
3121 1
3122 1790
3123 1047
3124 1724
3125 625
3126 2086
3127 111
3128 1720
3129 1353
3130 1882
3131 131
3132 2124
3133 253
3134 1568
3135 1695
3136 1792
3137 1
3138 2094
3139 115
3140 1892
3141 1053
3142 1572
3143 455
3144 2104
3145 841
3146 1826
3147 1051
3148 1576
3149 113
3150 2430
3151 159
3152 1584
3153 1053
3154 1678
3155 635
3156 2108
3157 757
3158 1580
3159 1215
3160 1912
3161 137
3162 2202
3163 1
3164 1820
3165 1485
3166 1584
3167 1
3168 2208
3169 1
3170 1906
3171 1371
3172 1732
3173 185
3174 2162
3175 655
3176 1592
3177 1065
3178 1822
3179 459
3180 2348
3181 1
3182 1670
3183 1063
3184 1600
3185 1169
3186 2142
3187 1
3188 1596
3189 1065
3190 2070
3191 1
3192 2328
3193 133
3194 1598
3195 1515
3196 1724
3197 161
3198 2238
3199 463
3200 1920
3201 1281
3202 1602
3203 1
3204 2148
3205 645
3206 1838
3207 1071
3208 1608
3209 1
3210 2362
3211 403
3212 1772
3213 1485
3214 1608
3215 647
3216 2160
3217 1
3218 1610
3219 1203
3220 2164
3221 1
3222 2154
3223 303
3224 1784
3225 1545
3226 1614
3227 467
3228 2156
3229 1
3230 2078
3231 1083
3232 1632
3233 113
3234 2394
3235 651
3236 1620
3237 1269
3238 1620
3239 119
3240 2376
3241 469
3242 1622
3243 1219
3244 1624
3245 925
3246 2166
3247 207
3248 1904
3249 1197
3250 2050
3251 1
3252 2172
3253 1
3254 1628
3255 1815
3256 1816
3257 1
3258 2178
3259 1
3260 1964
3261 1089
3262 1870
3263 263
3264 2240
3265 657
3266 1726
3267 1287
3268 1756
3269 473
3270 2406
3271 1
3272 1640
3273 1093
3274 1638
3275 675
3276 2412
3277 141
3278 1798
3279 1095
3280 2000
3281 209
3282 2190
3283 511
3284 1644
3285 1557
3286 1726
3287 191
3288 2200
3289 649
3290 2186
3291 1099
3292 1648
3293 125
3294 2214
3295 663
3296 1664
3297 1425
3298 1762
3299 1
3300 2500
3301 1
3302 1790
3303 1107
3304 1912
3305 665
3306 2298
3307 1
3308 1656
3309 1105
3310 1990
3311 791
3312 2256
3313 1
3314 1658
3315 1779
3316 1660
3317 137
3318 2382
3319 1
3320 2008
3321 1161
3322 1822
3323 1
3324 2220
3325 1165
3326 1664
3327 1111
3328 1792
3329 1
3330 2466
3331 1
3332 1988
3333 1333
3334 1668
3335 871
3336 2232
3337 117
3338 1670
3339 1467
3340 2012
3341 269
3342 2230
3343 1
3344 1904
3345 1569
3346 1918
3347 1
3348 2268
3349 213
3350 2030
3351 1119
3352 1680
3353 485
3354 2346
3355 955
3356 1680
3357 1125
3358 1774
3359 1
3360 2592
3361 1
3362 1722
3363 1275
3364 1740
3365 677
3366 2406
3367 775
3368 1688
3369 1125
3370 2026
3371 1
3372 2252
3373 1
3374 1934
3375 1575
3376 1696
3377 317
3378 2254
3379 139
3380 2132
3381 1533
3382 1798
3383 215
3384 2280
3385 681
3386 1694
3387 1131
3388 2068
3389 1
3390 2494
3391 1
3392 1728
3393 1377
3394 1698
3395 1091
3396 2268
3397 121
3398 1700
3399 1359
3400 2120
3401 197
3402 2430
3403 123
3404 1820
3405 1597
3406 1846
3407 1
3408 2288
3409 493
3410 2210
3411 1143
3412 1708
3413 1
3414 2278
3415 687
3416 1976
3417 1305
3418 1710
3419 275
3420 2556
3421 321
3422 1798
3423 1479
3424 1728
3425 705
3426 2286
3427 171
3428 1716
3429 1161
3430 2254
3431 119
3432 2472
3433 1
3434 1834
3435 1611
3436 1720
3437 497
3438 2298
3439 199
3440 2096
3441 1281
3442 1722
3443 323
3444 2484
3445 949
3446 1724
3447 1155
3448 1728
3449 1
3450 2570
3451 763
3452 1728
3453 1153
3454 1894
3455 695
3456 2304
3457 1
3458 2162
3459 1155
3460 2084
3461 1
3462 2310
3463 1
3464 1736
3465 2025
3466 1734
3467 1
3468 2380
3469 1
3470 2086
3471 1359
3472 2032
3473 173
3474 2322
3475 715
3476 1916
3477 1317
3478 1822
3479 539
3480 2584
3481 59
3482 1742
3483 1215
3484 1900
3485 925
3486 2502
3487 327
3488 1760
3489 1165
3490 2098
3491 1
3492 2340
3493 505
3494 1748
3495 1639
3496 1912
3497 281
3498 2458
3499 1
3500 2300
3501 1173
3502 1870
3503 143
3504 2352
3505 705
3506 1754
3507 1515
3508 1756
3509 429
3510 2646
3511 1
3512 1760
3513 1173
3514 2014
3515 923
3516 2348
3517 1
3518 1760
3519 1407
3520 2240
3521 509
3522 2350
3523 283
3524 1764
3525 1685
3526 1846
3527 1
3528 2520
3529 1
3530 2122
3531 1411
3532 1768
3533 1
3534 2454
3535 1135
3536 2000
3537 1197
3538 1858
3539 1
3540 2612
3541 1
3542 2222
3543 1183
3544 1776
3545 713
3546 2370
3547 1
3548 1776
3549 1677
3550 2150
3551 119
3552 2400
3553 673
3554 1778
3555 1683
3556 2044
3557 1
3558 2374
3559 1
3560 2152
3561 1189
3562 1930
3563 515
3564 2484
3565 925
3566 1784
3567 1327
3568 1792
3569 125
3570 2802
3571 1
3572 1916
3573 1197
3574 1788
3575 1175
3576 2392
3577 553
3578 1790
3579 1195
3580 2156
3581 1
3582 2394
3583 1
3584 2048
3585 1681
3586 1966
3587 227
3588 2532
3589 133
3590 2158
3591 1647
3592 1800
3593 1
3594 2398
3595 723
3596 1916
3597 1437
3598 2062
3599 119
3600 2640
3601 289
3602 1802
3603 1203
3604 1940
3605 1157
3606 2406
3607 1
3608 2008
3609 1209
3610 2242
3611 179
3612 2604
3613 1
3614 1958
3615 1695
3616 1824
3617 1
3618 2430
3619 859
3620 2180
3621 1381
3622 1812
3623 1
3624 2424
3625 825
3626 2114
3627 1467
3628 1816
3629 209
3630 2750
3631 1
3632 1824
3633 1569
3634 1918
3635 731
3636 2436
3637 1
3638 1942
3639 1215
3640 2488
3641 341
3642 2430
3643 1
3644 1824
3645 1701
3646 1824
3647 527
3648 2496
3649 129
3650 2210
3651 1219
3652 2012
3653 293
3654 2646
3655 967
3656 1832
3657 1369
3658 1918
3659 1
3660 2700
3661 529
3662 1832
3663 1503
3664 1840
3665 737
3666 2562
3667 211
3668 2108
3669 1225
3670 2206
3671 1
3672 2520
3673 1
3674 2014
3675 1995
3676 1840
3677 1
3678 2454
3679 295
3680 2272
3681 1233
3682 2110
3683 155
3684 2460
3685 1045
3686 1958
3687 1231
3688 1848
3689 809
3690 2730
3691 1
3692 2012
3693 1233
3694 1848
3695 743
3696 2736
3697 1
3698 1892
3699 1251
3700 2260
3701 1
3702 2470
3703 667
3704 1856
3705 1977
3706 1978
3707 347
3708 2484
3709 1
3710 2462
3711 1239
3712 1920
3713 125
3714 2478
3715 747
3716 1860
3717 1629
3718 2158
3719 1
3720 2760
3721 61
3722 1862
3723 1419
3724 2212
3725 765
3726 2538
3727 1
3728 1872
3729 1489
3730 2242
3731 851
3732 2492
3733 1
3734 1868
3735 1767
3736 1872
3737 137
3738 2682
3739 1
3740 2460
3741 1389
3742 1872
3743 215
3744 2592
3745 1201
3746 1874
3747 1251
3748 1876
3749 185
3750 2750
3751 451
3752 2168
3753 1269
3754 1878
3755 755
3756 2508
3757 493
3758 1880
3759 1623
3760 2288
3761 1
3762 2682
3763 123
3764 1884
3765 1765
3766 2158
3767 1
3768 2520
3769 1
3770 2426
3771 1263
3772 2012
3773 833
3774 2622
3775 775
3776 1920
3777 1261
3778 1890
3779 1
3780 2916
3781 217
3782 1982
3783 1479
3784 2104
3785 761
3786 2526
3787 547
3788 1896
3789 1269
3790 2278
3791 239
3792 2544
3793 1
3794 2174
3795 2035
3796 2068
3797 1
3798 2538
3799 159
3800 2360
3801 1641
3802 1902
3803 1
3804 2540
3805 765
3806 2086
3807 1323
3808 2272
3809 305
3810 2802
3811 139
3812 1908
3813 1413
3814 1908
3815 1223
3816 2568
3817 357
3818 2014
3819 1443
3820 2300
3821 1
3822 2814
3823 1
3824 1920
3825 1905
3826 1914
3827 131
3828 2708
3829 553
3830 2302
3831 1279
3832 1920
3833 1
3834 2574
3835 1051
3836 2204
3837 1281
3838 2038
3839 359
3840 2816
3841 189
3842 2050
3843 1683
3844 1984
3845 773
3846 2566
3847 1
3848 2120
3849 1285
3850 2650
3851 1
3852 2580
3853 1
3854 2014
3855 1807
3856 1936
3857 833
3858 2574
3859 243
3860 2324
3861 1701
3862 1932
3863 1
3864 2808
3865 777
3866 1934
3867 1291
3868 1936
3869 125
3870 2862
3871 595
3872 2112
3873 1293
3874 2098
3875 875
3876 2724
3877 1
3878 2222
3879 1299
3880 2344
3881 1
3882 2590
3883 363
3884 1944
3885 2157
3886 2038
3887 455
3888 2592
3889 1
3890 2338
3891 1299
3892 2236
3893 245
3894 2734
3895 1015
3896 1952
3897 1305
3898 1950
3899 563
3900 2940
3901 129
3902 1952
3903 1303
3904 1984
3905 1105
3906 2826
3907 1
3908 1956
3909 1305
3910 2502
3911 1
3912 2616
3913 889
3914 2078
3915 1899
3916 2156
3917 1
3918 2614
3919 1
3920 2576
3921 1309
3922 2050
3923 1
3924 2628
3925 805
3926 2126
3927 2007
3928 1968
3929 1
3930 2890
3931 1
3932 1968
3933 1557
3934 2254
3935 791
3936 2656
3937 157
3938 2158
3939 1539
3940 2372
3941 569
3942 2646
3943 1
3944 2152
3945 1849
3946 1974
3947 1
3948 2844
3949 369
3950 2390
3951 1323
3952 2224
3953 125
3954 2638
3955 1267
3956 2108
3957 1321
3958 1980
3959 143
3960 3000
3961 249
3962 2270
3963 1323
3964 1984
3965 1085
3966 2646
3967 1
3968 2048
3969 1701
3970 2386
3971 551
3972 2652
3973 165
3974 1988
3975 1895
3976 2296
3977 137
3978 2826
3979 195
3980 2396
3981 1329
3982 2182
3983 575
3984 2672
3985 801
3986 1994
3987 1335
3988 1996
3989 1
3990 3126
3991 319
3992 2000
3993 1573
3994 1998
3995 1051
3996 2700
3997 577
3998 2000
3999 1479
4000 2400
4001 1
4002 2770
4003 1
4004 2564
4005 1893
4006 2004
4007 1
4008 2680
4009 229
4010 2410
4011 1731
4012 2156
4013 1
4014 2682
4015 1135
4016 2016
4017 1569
4018 2338
4019 1
4020 2964
4021 1
4022 2012
4023 1359
4024 2016
4025 1385
4026 2826
4027 1
4028 2156
4029 1533
4030 2590
4031 167
4032 2880
4033 145
4034 2018
4035 1891
4036 2020
4037 377
4038 2694
4039 583
4040 2440
4041 1353
4042 2110
4043 323
4044 2700
4045 813
4046 2414
4047 1527
4048 2288
4049 1
4050 2970
4051 1
4052 2028
4053 1749
4054 2028
4055 815
4056 2808
4057 1
4058 2030
4059 1659
4060 2716
4061 161
4062 2710
4063 255
4064 2048
4065 1905
4066 2158
4067 623
4068 2724
4069 325
4070 2630
4071 1519
4072 2040
4073 1
4074 2922
4075 835
4076 2040
4077 1377
4078 2040
4079 1
4080 3056
4081 961
4082 2210
4083 1363
4084 2044
4085 1061
4086 2730
4087 127
4088 2360
4089 1513
4090 2458
4091 1
4092 2892
4093 1
4094 2158
4095 2367
4096 2048
4097 257
4098 2734
4099 1
4100 2500
4101 1369
4102 2350
4103 383
4104 2808
4105 825
4106 2054
4107 1443
4108 2236
4109 593
4110 3022
4111 1
4112 2064
4113 1377
4114 2354
4115 827
4116 2940
4117 201
4118 2158
4119 1375
4120 2488
4121 329
4122 2754
4123 883
4124 2064
4125 2125
4126 2064
4127 1
4128 2784
4129 1
4130 2738
4131 1539
4132 2068
4133 1
4134 2886
4135 831
4136 2296
4137 1785
4138 2070
4139 1
4140 3084
4141 141
4142 2198
4143 1383
4144 2416
4145 833
4146 2766
4147 787
4148 2228
4149 1389
4150 2510
4151 599
4152 2776
4153 1
4154 2174
4155 1947
4156 2080
4157 1
4158 3078
4159 1
4160 2624
4161 1569
4162 2082
4163 203
4164 2780
4165 1477
4166 2084
4167 1395
4168 2088
4169 389
4170 3066
4171 139
4172 2396
4173 1629
4174 2088
4175 855
4176 2832
4177 1
4178 2090
4179 1803
4180 2740
4181 149
4182 2902
4183 135
4184 2096
4185 2025
4186 2602
4187 131
4188 2796
4189 129
4190 2518
4191 1671
4192 2112
4193 605
4194 2802
4195 843
4196 2100
4197 1401
4198 2100
4199 743
4200 3240
4201 1
4202 2302
4203 1407
4204 2104
4205 957
4206 2806
4207 607
4208 2112
4209 1569
4210 2530
4211 1
4212 2916
4213 393
4214 2450
4215 1975
4216 2296
4217 1
4218 2922
4219 1
4220 2540
4221 1845
4222 2112
4223 143
4224 2944
4225 1105
4226 2114
4227 1411
4228 2428
4229 1
4230 3126
4231 1
4232 2208
4233 1609
4234 2218
4235 1595
4236 2828
4237 241
4238 2294
4239 1431
4240 2576
4241 1
4242 3042
4243 1
4244 2124
4245 1989
4246 2326
4247 167
4248 2856
4249 613
4250 2650
4251 1659
4252 2128
4253 1
4254 2838
4255 1087
4256 2528
4257 1737
4258 2130
4259 1
4260 3140
4261 1
4262 2132
4263 1911
4264 2344
4265 857
4266 2862
4267 267
4268 2348
4269 1425
4270 2830
4271 1
4272 2864
4273 1
4274 2138
4275 2115
4276 2140
4277 965
4278 2958
4279 399
4280 2584
4281 1429
4282 2142
4283 1
4284 3132
4285 861
4286 2144
4287 1431
4288 2176
4289 1
4290 3330
4291 619
4292 2276
4293 1485
4294 2278
4295 863
4296 2872
4297 1
4298 2462
4299 1435
4300 2620
4301 781
4302 2874
4303 343
4304 2160
4305 2385
4306 2154
4307 131
4308 2876
4309 169
4310 2590
4311 1443
4312 2632
4313 245
4314 2878
4315 867
4316 2348
4317 1441
4318 2302
4319 623
4320 3168
4321 177
4322 2162
4323 1723
4324 2300
4325 885
4326 3102
4327 1
4328 2168
4329 1737
4330 2602
4331 131
4332 2964
4333 625
4334 2374
4335 2159
4336 2176
4337 1
4338 2898
4339 1
4340 2900
4341 1449
4342 2350
4343 143
4344 2904
4345 1225
4346 2266
4347 1971
4348 2176
4349 1
4350 3230
4351 247
4352 2304
4353 1453
4354 2494
4355 1187
4356 3036
4357 1
4358 2180
4359 1455
4360 2632
4361 665
4362 2910
4363 1
4364 2184
4365 2061
4366 2278
4367 407
4368 3216
4369 273
4370 2786
4371 1611
4372 2188
4373 1
4374 2916
4375 1375
4376 2192
4377 1461
4378 2398
4379 179
4380 3228
4381 349
4382 2510
4383 1467
4384 2208
4385 881
4386 3042
4387 147
4388 2196
4389 2229
4390 2638
4391 1
4392 2952
4393 213
4394 2366
4395 2059
4396 2524
4397 1
4398 2934
4399 135
4400 2800
4401 1485
4402 2302
4403 947
4404 2940
4405 885
4406 2204
4407 1719
4408 2392
4409 1
4410 3402
4411 411
4412 2208
4413 1473
4414 2208
4415 887
4416 3008
4417 637
4418 2256
4419 1479
4420 2884
4421 1
4422 3102
4423 1
4424 2552
4425 2105
4426 2214
4427 251
4428 2988
4429 145
4430 2662
4431 1911
4432 2224
4433 833
4434 2958
4435 891
4436 2220
4437 1749
4438 2542
4439 215
4440 3288
4441 1
4442 2222
4443 1483
4444 2444
4445 1421
4446 3150
4447 1
4448 2240
4449 1485
4450 2690
4451 1
4452 3204
4453 133
4454 2374
4455 2295
4456 2232
4457 1
4458 2974
4459 931
4460 2684
4461 1489
4462 2350
4463 1
4464 3024
4465 1153
4466 2786
4467 1491
4468 2236
4469 149
4470 3286
4471 279
4472 2456
4473 1953
4474 2238
4475 915
4476 2988
4477 517
4478 2240
4479 1495
4480 2944
4481 1
4482 3006
4483 1
4484 2396
4485 2373
4486 2244
4487 647
4488 3208
4489 67
4490 2698
4491 1503
4492 2248
4493 1
4494 3222
4495 1135
4496 2256
4497 1501
4498 2434
4499 419
4500 3300
4501 649
4502 2252
4503 1695
4504 2256
4505 1177
4506 3006
4507 1
4508 2660
4509 1521
4510 2910
4511 359
4512 3040
4513 1
4514 2354
4515 2499
4516 2260
4517 1
4518 3018
4519 1
4520 2728
4521 1801
4522 2794
4523 1
4524 3180
4525 925
4526 2366
4527 1515
4528 2272
4529 653
4530 3330
4531 219
4532 2492
4533 1513
4534 2268
4535 911
4536 3240
4537 361
4538 2270
4539 1723
4540 2732
4541 257
4542 3030
4543 1063
4544 2304
4545 2145
4546 2274
4547 1
4548 3036
4549 1
4550 3110
4551 1671
4552 2280
4553 185
4554 3234
4555 915
4556 2444
4557 2037
4558 2374
4559 143
4560 3408
4561 1
4562 2282
4563 1755
4564 2620
4565 1285
4566 3046
4567 1
4568 2288
4569 1525
4570 2746
4571 659
4572 3060
4573 285
4574 2288
4575 2175
4576 2656
4577 221
4578 3282
4579 259
4580 2756
4581 1533
4582 2398
4583 1
4584 3064
4585 1465
4586 2294
4587 1827
4588 2428
4589 365
4590 3438
4591 1
4592 2672
4593 1533
4594 2298
4595 923
4596 3068
4597 1
4598 2618
4599 2007
4600 2840
4601 149
4602 3210
4603 1
4604 2304
4605 2157
4606 2674
4607 287
4608 3072
4609 429
4610 2770
4611 1699
4612 2308
4613 665
4614 3078
4615 1255
4616 2312
4617 1701
4618 2310
4619 179
4620 3660
4621 1
4622 2312
4623 1719
4624 2448
4625 1025
4626 3090
4627 667
4628 2516
4629 1545
4630 2782
4631 431
4632 3096
4633 153
4634 2654
4635 2187
4636 2476
4637 1
4638 3094
4639 1
4640 2848
4641 2337
4642 2542
4643 1
4644 3132
4645 933
4646 2446
4647 1551
4648 2680
4649 1
4650 3450
4651 1
4652 2328
4653 1893
4654 2518
4655 1631
4656 3120
4657 1
4658 2482
4659 1555
4660 2804
4661 137
4662 3366
4663 1
4664 2584
4665 2185
4666 2334
4667 371
4668 3116
4669 973
4670 2806
4671 1575
4672 2368
4673 1
4674 3234
4675 1475
4676 2684
4677 1561
4678 2340
4679 1
4680 3528
4681 181
4682 2342
4683 2019
4684 2344
4685 941
4686 3286
4687 151
4688 2352
4689 1569
4690 3106
4691 1
4692 3284
4693 589
4694 2348
4695 2199
4696 2352
4697 1097
4698 3186
4699 163
4700 2860
4701 1569
4702 2352
4703 1
4704 3360
4705 945
4706 2546
4707 1575
4708 2588
4709 293
4710 3462
4711 679
4712 2552
4713 1573
4714 2358
4715 1195
4716 3156
4717 141
4718 2702
4719 2079
4720 2864
4721 1
4722 3150
4723 1
4724 2364
4725 2565
4726 2518
4727 191
4728 3160
4729 1
4730 3050
4731 1779
4732 2860
4733 1
4734 3162
4735 951
4736 2432
4737 1581
4738 2494
4739 683
4740 3492
4741 441
4742 2372
4743 1863
4744 2376
4745 1289
4746 3402
4747 147
4748 2376
4749 1585
4750 2950
4751 1
4752 3312
4753 721
4754 2378
4755 2227
4756 2516
4757 137
4758 3318
4759 1
4760 3224
4761 1725
4762 2382
4763 443
4764 3180
4765 957
4766 2384
4767 2055
4768 2400
4769 269
4770 3522
4771 379
4772 2388
4773 1749
4774 2974
4775 975
4776 3192
4777 297
4778 2390
4779 1647
4780 2876
4781 689
4782 3190
4783 1
4784 2672
4785 2545
4786 2394
4787 1
4788 3492
4789 1
4790 2878
4791 1599
4792 2400
4793 1
4794 3322
4795 1531
4796 2636
4797 1917
4798 2400
4799 1
4800 3520
4801 1
4802 2744
4803 1603
4804 2404
4805 1085
4806 3222
4807 847
4808 2408
4809 2073
4810 3082
4811 299
4812 3212
4813 1
4814 2518
4815 2271
4816 2800
4817 1
4818 3378
4819 139
4820 2900
4821 1609
4822 2412
4823 1079
4824 3240
4825 985
4826 2558
4827 1611
4828 2588
4829 449
4830 3774
4831 1
4832 2432
4833 1629
4834 2418
4835 971
4836 3396
4837 697
4838 2518
4839 1615
4840 3080
4841 149
4842 3234
4843 195
4844 2780
4845 2541
4846 2424
4847 167
4848 3248
4849 385
4850 2930
4851 2331
4852 2428
4853 233
4854 3238
4855 975
4856 2432
4857 1621
4858 2782
4859 155
4860 3564
4861 1
4862 2942
4863 1623
4864 2560
4865 1553
4866 3246
4867 187
4868 2436
4869 1629
4870 2926
4871 1
4872 3528
4873 453
4874 2438
4875 2475
4876 2588
4877 1
4878 3258
4879 1039
4880 2960
4881 1629
4882 2442
4883 275
4884 3444
4885 981
4886 2798
4887 1647
4888 2680
4889 1
4890 3594
4891 139
4892 2448
4893 2109
4894 2448
4895 1375
4896 3360
4897 141
4898 2558
4899 1819
4900 3220
4901 533
4902 3390
4903 1
4904 2456
4905 2313
4906 2686
4907 707
4908 3276
4909 1
4910 2950
4911 1639
4912 2464
4913 289
4914 3618
4915 987
4916 2460
4917 1957
4918 2460
4919 1
4920 3640
4921 1033
4922 2590
4923 1647
4924 2464
4925 1005
4926 3286
4927 391
4928 3008
4929 1809
4930 3138
4931 1
4932 3300
4933 1
4934 2468
4935 2727
4936 2472
4937 1
4938 3294
4939 459
4940 3212
4941 1701
4942 2830
4943 1
4944 3312
4945 1249
4946 2474
4947 1875
4948 2476
4949 749
4950 3750
4951 1
4952 2480
4953 1929
4954 2478
4955 995
4956 3564
4957 1
4958 2582
4959 1935
4960 3040
4961 561
4962 3310
4963 715
4964 2660
4965 2325
4966 2686
4967 1
4968 3384
4969 1
4970 3290
4971 1659
4972 2732
4973 1
4974 3318
4975 1015
4976 2496
4977 2169
4978 2638
4979 395
4980 3668
4981 309
4982 2590
4983 1983
4984 2872
4985 1001
4986 3330
4987 1
4988 2636
4989 1665
4990 2998
4991 1031
4992 3456
4993 1
4994 2734
4995 2403
4996 2500
4997 281
4998 3654
4999 1
5000 3000
5001 1669
5002 2602
5003 1
5004 3348
5005 2125
5006 2504
5007 1671
5008 2512
5009 1
5010 3682
5011 1
5012 2876
5013 1677
5014 2638
5015 1303
5016 3576
5017 201
5018 2714
5019 2163
5020 3020
5021 1
5022 3402
5023 1
5024 2528
5025 2385
5026 2878
5027 467
5028 3356
5029 153
5030 3022
5031 2007
5032 2728
5033 725
5034 3358
5035 1291
5036 2520
5037 1869
5038 2758
5039 1
5040 3888
5041 71
5042 2522
5043 1763
5044 2740
5045 1013
5046 3422
5047 763
5048 2528
5049 2169
5050 3050
5051 1
5052 3372
5053 193
5054 3002
5055 2367
5056 2560
5057 401
5058 3378
5059 1
5060 3300
5061 2181
5062 2532
5063 143
5064 3384
5065 1017
5066 2698
5067 1695
5068 2908
5069 173
5070 3822
5071 471
5072 2544
5073 1905
5074 2638
5075 1715
5076 3420
5077 1
5078 2540
5079 1695
5080 3064
5081 1
5082 3762
5083 859
5084 2684
5085 2397
5086 2544
5087 1
5088 3424
5089 733
5090 3058
5091 1699
5092 2716
5093 473
5094 3402
5095 1023
5096 3080
5097 1701
5098 2550
5099 1
5100 3820
5101 1
5102 2552
5103 2187
5104 2864
5105 1025
5106 3522
5107 1
5108 2556
5109 1989
5110 3382
5111 287
5112 3432
5113 1
5114 2558
5115 2715
5116 2560
5117 1085
5118 3414
5119 1
5120 3072
5121 1713
5122 2770
5123 155
5124 3684
5125 1125
5126 2806
5127 1711
5128 2568
5129 245
5130 3834
5131 739
5132 2568
5133 1885
5134 2734
5135 1391
5136 3440
5137 477
5138 2942
5139 1719
5140 3092
5141 149
5142 3430
5143 175
5144 2576
5145 2793
5146 2686
5147 1
5148 3708
5149 289
5150 3110
5151 1951
5152 3040
5153 1
5154 3438
5155 1035
5156 2580
5157 1737
5158 2580
5159 1199
5160 3816
5161 409
5162 2698
5163 1723
5164 2584
5165 1037
5166 3726
5167 1
5168 2864
5169 1725
5170 3330
5171 1
5172 3452
5173 745
5174 2798
5175 2535
5176 2592
5177 197
5178 3454
5179 1
5180 3452
5181 2061
5182 2592
5183 143
5184 3456
5185 1345
5186 2594
5187 2595
5188 2596
5189 1
5190 3814
5191 207
5192 2872
5193 1737
5194 3010
5195 1043
5196 3468
5197 1
5198 2734
5199 1735
5200 3280
5201 749
5202 3570
5203 583
5204 2604
5205 2437
5206 2758
5207 167
5208 3768
5209 1
5210 3130
5211 1755
5212 2608
5213 413
5214 3654
5215 1663
5216 2624
5217 1905
5218 2610
5219 323
5220 3876
5221 249
5222 2990
5223 1743
5224 2616
5225 1625
5226 3642
5227 1
5228 2616
5229 2277
5230 3142
5231 1
5232 3504
5233 1
5234 2618
5235 2451
5236 3316
5237 1
5238 3510
5239 559
5240 3160
5241 1749
5242 2622
5243 791
5244 3660
5245 1053
5246 2726
5247 2127
5248 2688
5249 209
5250 4050
5251 147
5252 2852
5253 1989
5254 2734
5255 1055
5256 3528
5257 757
5258 2878
5259 1755
5260 3164
5261 1
5262 3510
5263 295
5264 3056
5265 2673
5266 2634
5267 251
5268 3516
5269 489
5270 3350
5271 2271
5272 2640
5273 1
5274 3522
5275 1075
5276 2640
5277 1761
5278 3262
5279 1
5280 4000
5281 1
5282 2798
5283 1767
5284 2644
5285 1685
5286 3526
5287 327
5288 2648
5289 1929
5290 3266
5291 971
5292 3780
5293 145
5294 2648
5295 2479
5296 2656
5297 1
5298 3534
5299 763
5300 3220
5301 2061
5302 2902
5303 1
5304 3768
5305 1065
5306 3038
5307 1947
5308 2656
5309 1
5310 3918
5311 159
5312 2688
5313 2673
5314 2658
5315 1067
5316 3548
5317 421
5318 2660
5319 1791
5320 3592
5321 329
5322 3550
5323 1
5324 2904
5325 2525
5326 2664
5327 767
5328 3600
5329 73
5330 3410
5331 1779
5332 2812
5333 1
5334 3822
5335 1495
5336 2872
5337 1785
5338 2842
5339 299
5340 3932
5341 805
5342 2672
5343 2079
5344 2688
5345 1073
5346 3726
5347 1
5348 3068
5349 1785
5350 3230
5351 1
5352 3576
5353 153
5354 2678
5355 3051
5356 2908
5357 497
5358 3702
5359 255
5360 3248
5361 1789
5362 3070
5363 203
5364 3588
5365 1333
5366 2684
5367 1791
5368 2968
5369 1193
5370 3946
5371 171
5372 2876
5373 1809
5374 2688
5375 1175
5376 3840
5377 301
5378 2690
5379 2139
5380 3236
5381 1
5382 3798
5383 775
5384 2696
5385 2521
5386 2694
5387 1
5388 3596
5389 333
5390 3710
5391 1803
5392 2704
5393 1
5394 3714
5395 1459
5396 2876
5397 2325
5398 2700
5399 1
5400 3960
5401 501
5402 2810
5403 1803
5404 3100
5405 1357
5406 3742
5407 1
5408 2912
5409 1809
5410 3250
5411 779
5412 3812
5413 1
5414 2708
5415 2679
5416 2712
5417 1
5418 3906
5419 1
5420 3260
5421 2109
5422 2712
5423 943
5424 3632
5425 1825
5426 2714
5427 1863
5428 2876
5429 149
5430 3990
5431 1
5432 3128
5433 1813
5434 3274
5435 1091
5436 3636
5437 1
5438 2720
5439 2415
5440 3392
5441 1
5442 3630
5443 1
5444 2724
5445 2805
5446 3118
5447 431
5448 3640
5449 1
5450 3290
5451 2019
5452 2876
5453 1133
5454 3654
5455 1095
5456 3056
5457 2065
5458 2730
5459 155
5460 4308
5461 169
5462 2732
5463 1827
5464 2736
5465 1097
5466 3646
5467 1267
5468 2736
5469 1825
5470 3286
5471 1
5472 3744
5473 433
5474 3362
5475 2595
5476 2812
5477 1
5478 3838
5479 1
5480 3304
5481 2457
5482 2742
5483 1
5484 3660
5485 1101
5486 2966
5487 2007
5488 3136
5489 509
5490 4050
5491 595
5492 2748
5493 1833
5494 2854
5495 1751
5496 3672
5497 261
5498 2750
5499 2187
5500 3500
5501 1
5502 3942
5503 1
5504 2816
5505 2577
5506 2754
5507 1
5508 3780
5509 793
5510 3494
5511 2191
5512 3016
5513 185
5514 3678
5515 1107
5516 3164
5517 1845
5518 2878
5519 1
5520 4112
5521 1
5522 3022
5523 2379
5524 2764
5525 1685
5526 3690
5527 1
5528 2768
5529 2073
5530 3658
5531 1
5532 3692
5533 513
5534 2768
5535 2655
5536 2784
5537 833
5538 3858
5539 219
5540 3332
5541 1849
5542 2950
5543 263
5544 4104
5545 1113
5546 2878
5547 1935
5548 2956
5549 209
5550 4110
5551 1231
5552 2784
5553 1857
5554 2778
5555 1555
5556 3708
5557 1
5558 3182
5559 2103
5560 3352
5561 149
5562 3726
5563 1
5564 3020
5565 3069
5566 3146
5567 311
5568 3776
5569 1
5570 3346
5571 1863
5572 3196
5573 1
5574 3718
5575 1135
5576 3016
5577 2457
5578 2790
5579 803
5580 4140
5581 1
5582 2792
5583 1863
5584 2800
5585 1121
5586 4074
5587 187
5588 3068
5589 2025
5590 3574
5591 1
5592 3736
5593 1177
5594 2798
5595 2619
5596 2800
5597 221
5598 3738
5599 519
5600 3680
5601 1869
5602 2802
5603 443
5604 3740
5605 1429
5606 2804
5607 2439
5608 2808
5609 149
5610 4330
5611 211
5612 2972
5613 1873
5614 3214
5615 1127
5616 3888
5617 177
5618 2862
5619 1875
5620 3380
5621 1301
5622 3750
5623 1
5624 3032
5625 2625
5626 2938
5627 347
5628 4044
5629 445
5630 3382
5631 1879
5632 3072
5633 173
5634 3762
5635 1939
5636 2820
5637 1881
5638 2820
5639 1
5640 4168
5641 1
5642 3482
5643 2403
5644 3020
5645 1133
5646 3766
5647 1
5648 2832
5649 2433
5650 3410
5651 1
5652 3780
5653 1
5654 3094
5655 2967
5656 3256
5657 1
5658 3898
5659 1
5660 3404
5661 2205
5662 2998
5663 815
5664 3808
5665 1585
5666 2834
5667 1891
5668 3076
5669 1
5670 4374
5671 159
5672 2840
5673 2073
5674 2838
5675 1155
5676 3996
5677 817
5678 3022
5679 1899
5680 3440
5681 929
5682 3790
5683 1
5684 3332
5685 2661
5686 2844
5687 627
5688 3816
5689 1
5690 3418
5691 2451
5692 2848
5693 1
5694 3966
5695 1471
5696 2880
5697 1917
5698 3538
5699 179
5700 4260
5701 1
5702 2852
5703 1903
5704 3064
5705 1817
5706 3810
5707 451
5708 2856
5709 2269
5710 3430
5711 1
5712 4176
5713 225
5714 2858
5715 2691
5716 2860
5717 1
5718 3814
5719 1183
5720 3800
5721 1909
5722 2862
5723 155
5724 3852
5725 1165
5726 3278
5727 2119
5728 2880
5729 353
5730 4210
5731 531
5732 2868
5733 2709
5734 2974
5735 1415
5736 3832
5737 1
5738 3038
5739 1915
5740 3820
5741 1
5742 4062
5743 1
5744 2880
5745 2689
5746 3250
5747 827
5748 3836
5749 1
5750 3550
5751 1971
5752 2880
5753 533
5754 4122
5755 1155
5756 2880
5757 2157
5758 2880
5759 455
5760 4224
5761 829
5762 2990
5763 2179
5764 3164
5765 1157
5766 3906
5767 151
5768 3320
5769 1929
5770 3466
5771 227
5772 4044
5773 273
5774 2888
5775 3375
5776 3040
5777 161
5778 3870
5779 1
5780 3604
5781 2101
5782 3346
5783 1
5784 3864
5785 1561
5786 3166
5787 1935
5788 2896
5789 833
5790 4254
5791 1
5792 2912
5793 1933
5794 2898
5795 1475
5796 4212
5797 997
5798 3134
5799 1935
5800 3560
5801 1
5802 3870
5803 835
5804 2904
5805 2781
5806 2904
5807 1
5808 4048
5809 193
5810 3842
5811 2259
5812 2908
5813 1
5814 4086
5815 1167
5816 2912
5817 2505
5818 2910
5819 759
5820 4284
5821 1
5822 3022
5823 1947
5824 3520
5825 1185
5826 3886
5827 1
5828 3068
5829 2133
5830 3750
5831 1127
5832 3888
5833 325
5834 2918
5835 2731
5836 2920
5837 461
5838 4182
5839 1
5840 3536
5841 2361
5842 3070
5843 1
5844 3900
5845 1861
5846 3038
5847 1951
5848 3160
5849 1
5850 4410
5851 1
5852 3692
5853 1953
5854 2928
5855 1175
5856 3936
5857 1
5858 3058
5859 2619
5860 3524
5861 1
5862 3910
5863 1063
5864 2936
5865 3049
5866 3358
5867 1
5868 3924
5869 1
5870 3526
5871 2199
5872 2944
5873 845
5874 4114
5875 1275
5876 3188
5877 1965
5878 2940
5879 1
5880 4536
5881 1
5882 3130
5883 2139
5884 2944
5885 1645
5886 3942
5887 1015
5888 3072
5889 2289
5890 3730
5891 179
5892 3932
5893 153
5894 3374
5895 2775
5896 3256
5897 1
5898 3934
5899 363
5900 3580
5901 2541
5902 3190
5903 1
5904 3984
5905 1185
5906 2954
5907 2347
5908 3388
5909 329
5910 4342
5911 279
5912 2960
5913 2025
5914 2958
5915 2171
5916 4124
5917 157
5918 3238
5919 1975
5920 3616
5921 221
5922 4266
5923 1
5924 2964
5925 2805
5926 2964
5927 1
5928 4200
5929 1309
5930 3562
5931 1983
5932 2968
5933 365
5934 4086
5935 1191
5936 3440
5937 1981
5938 2970
5939 1
5940 4500
5941 469
5942 2972
5943 2559
5944 2976
5945 1465
5946 3966
5947 331
5948 2976
5949 1989
5950 4030
5951 551
5952 4032
5953 1
5954 3218
5955 2787
5956 2980
5957 1205
5958 3978
5959 159
5960 3592
5961 1989
5962 3262
5963 155
5964 4284
5965 1197
5966 3158
5967 2511
5968 2992
5969 173
5970 4386
5971 859
5972 2988
5973 2373
5974 3118
5975 1215
5976 4008
5977 181
5978 3458
5979 1995
5980 3868
5981 1
5982 3990
5983 223
5984 3424
5985 3393
5986 3106
5987 1
5988 3996
5989 165
5990 3598
5991 1999
5992 3448
5993 473
5994 4050
5995 1675
5996 3000
5997 2001
5998 3000
5999 863
6000 4400
6001 369
6002 3002
6003 2307
6004 3196
6005 1205
6006 4566
6007 1
6008 3008
6009 2005
6010 3610
6011 1
6012 4020
6013 865
6014 3134
6015 2815
6016 3072
6017 557
6018 4162
6019 475
6020 4004
6021 2025
6022 3012
6023 335
6024 4024
6025 1225
6026 3166
6027 2667
6028 3308
6029 1
6030 4446
6031 199
6032 3344
6033 2013
6034 3454
6035 1555
6036 4028
6037 1
6038 3020
6039 2439
6040 3640
6041 869
6042 4170
6043 1
6044 3024
6045 3165
6046 3024
6047 1
6048 4320
6049 285
6050 3850
6051 2019
6052 3236
6053 1
6054 4038
6055 1927
6056 3032
6057 2025
6058 3274
6059 155
6060 4460
6061 1021
6062 3470
6063 2199
6064 3040
6065 1217
6066 4050
6067 1
6068 3188
6069 2805
6070 3646
6071 479
6072 4312
6073 1
6074 3038
6075 2835
6076 3556
6077 161
6078 4054
6079 1
6080 3776
6081 2029
6082 3042
6083 1403
6084 4212
6085 1221
6086 3238
6087 2031
6088 3048
6089 1
6090 4746
6091 1
6092 3048
6093 2037
6094 3334
6095 1519
6096 4080
6097 1345
6098 3050
6099 2283
6100 3700
6101 1
6102 4086
6103 375
6104 3512
6105 3225
6106 3166
6107 227
6108 4076
6109 189
6110 3902
6111 2655
6112 3072
6113 1
6114 4078
6115 1227
6116 3356
6117 2041
6118 3742
6119 239
6120 4584
6121 1
6122 3062
6123 2379
6124 3064
6125 1925
6126 4086
6127 567
6128 3072
6129 2061
6130 3682
6131 1
6132 4404
6133 1
6134 3068
6135 2871
6136 3352
6137 665
6138 4338
6139 883
6140 3692
6141 2269
6142 3190
6143 1
6144 4096
6145 1233
6146 3518
6147 2055
6148 3236
6149 1109
6150 4550
6151 1
6152 3080
6153 2649
6154 3274
6155 1235
6156 4212
6157 177
6158 3080
6159 2055
6160 4240
6161 161
6162 4290
6163 1
6164 3260
6165 2901
6166 3084
6167 887
6168 4120
6169 229
6170 3706
6171 2651
6172 3088
6173 1
6174 4410
6175 1855
6176 3104
6177 2257
6178 3090
6179 203
6180 4548
6181 889
6182 3382
6183 2079
6184 3096
6185 1241
6186 4126
6187 291
6188 3884
6189 2065
6190 3718
6191 191
6192 4176
6193 573
6194 3278
6195 3411
6196 3100
6197 1
6198 4134
6199 1
6200 3800
6201 2457
6202 3550
6203 1
6204 4364
6205 1597
6206 3238
6207 2071
6208 3136
6209 893
6210 4626
6211 1
6212 3108
6213 2325
6214 3358
6215 1735
6216 4488
6217 1
6218 3110
6219 2079
6220 3740
6221 1
6222 4302
6223 931
6224 3120
6225 2945
6226 3406
6227 491
6228 4164
6229 1
6230 4118
6231 2271
6232 3352
6233 293
6234 4158
6235 1531
6236 3120
6237 2997
6238 3120
6239 383
6240 4704
6241 79
6242 3122
6243 2083
6244 3580
6245 1253
6246 4170
6247 1
6248 3448
6249 2085
6250 3750
6251 1283
6252 4172
6253 637
6254 3238
6255 2943
6256 3440
6257 1
6258 4482
6259 579
6260 3764
6261 2089
6262 3262
6263 1
6264 4248
6265 1993
6266 3386
6267 2091
6268 3136
6269 1
6270 4830
6271 1
6272 3584
6273 2433
6274 3138
6275 1275
6276 4188
6277 1
6278 3254
6279 3111
6280 3784
6281 581
6282 4194
6283 163
6284 3144
6285 2941
6286 3598
6287 1
6288 4208
6289 349
6290 3986
6291 2115
6292 3652
6293 1253
6294 4198
6295 1263
6296 3152
6297 2101
6298 3262
6299 1
6300 4860
6301 1
6302 3310
6303 2503
6304 3168
6305 1697
6306 4206
6307 1315
6308 3356
6309 2109
6310 3790
6311 1
6312 4216
6313 165
6314 3914
6315 2955
6316 3160
6317 1
6318 4374
6319 159
6320 3824
6321 2793
6322 3298
6323 1
6324 4404
6325 1925
6326 3164
6327 2439
6328 3640
6329 1
6330 4650
6331 499
6332 3168
6333 2113
6334 3168
6335 2015
6336 4416
6337 1
6338 3170
6339 2115
6340 3812
6341 389
6342 4542
6343 1
6344 3464
6345 3033
6346 3358
6347 587
6348 4324
6349 913
6350 3830
6351 2319
6352 3184
6353 1
6354 4242
6355 1555
6356 3644
6357 2469
6358 3638
6359 1
6360 4696
6361 1
6362 3182
6363 2763
6364 3340
6365 1613
6366 4246
6367 1
6368 3200
6369 2529
6370 4354
6371 299
6372 4284
6373 1
6374 3188
6375 3175
6376 3192
6377 917
6378 4254
6379 1
6380 4140
6381 2133
6382 3192
6383 503
6384 4656
6385 1281
6386 3326
6387 2131
6388 3196
6389 1
6390 4710
6391 1471
6392 3448
6393 2133
6394 3358
6395 1283
6396 4476
6397 1
6398 3662
6399 2187
6400 3840
6401 209
6402 4482
6403 355
6404 3204
6405 3525
6406 3204
6407 191
6408 4296
6409 1033
6410 3850
6411 2139
6412 3676
6413 693
6414 4278
6415 1287
6416 3216
6417 2457
6418 3210
6419 959
6420 4724
6421 1
6422 3614
6423 2143
6424 3544
6425 1305
6426 4698
6427 1
6428 3216
6429 2145
6430 3862
6431 167
6432 4320
6433 925
6434 3218
6435 3555
6436 3220
6437 197
6438 4422
6439 183
6440 4328
6441 2409
6442 3222
6443 395
6444 4308
6445 1293
6446 3526
6447 2775
6448 3568
6449 1
6450 4770
6451 1
6452 3228
6453 2169
6454 3694
6455 1295
6456 4312
6457 597
6458 3230
6459 2155
6460 4156
6461 1421
6462 4314
6463 303
6464 3264
6465 3025
6466 3346
6467 251
6468 4788
6469 1
6470 3886
6471 2163
6472 3240
6473 1
6474 4506
6475 2155
6476 3240
6477 2445
6478 3358
6479 1079
6480 4752
6481 1
6482 3710
6483 2163
6484 3244
6485 1301
6486 4462
6487 511
6488 3248
6489 2817
6490 4170
6491 1
6492 4332
6493 193
6494 3454
6495 3039
6496 3808
6497 161
6498 4446
6499 163
6500 4100
6501 2581
6502 3252
6503 935
6504 4344
6505 1305
6506 3254
6507 2187
6508 3256
6509 305
6510 5070
6511 399
6512 3632
6513 2529
6514 3258
6515 1307
6516 4356
6517 1225
6518 3260
6519 2359
6520 3928
6521 1
6522 4350
6523 603
6524 3740
6525 3165
6526 3526
6527 167
6528 4480
6529 1
6530 3922
6531 2811
6532 3452
6533 185
6534 4554
6535 1311
6536 3512
6537 2181
6538 3742
6539 515
6540 4812
6541 241
6542 3272
6543 2187
6544 3280
6545 2705
6546 4366
6547 1
6548 3276
6549 2373
6550 3950
6551 1
6552 4824
6553 1
6554 3418
6555 3387
6556 3596
6557 161
6558 4374
6559 943
6560 4000
6561 2187
6562 3490
6563 1
6564 4380
6565 1765
6566 3794
6567 2607
6568 3288
6569 1
6570 4842
6571 1
6572 3452
6573 2829
6574 3478
6575 1335
6576 4400
6577 1
6578 3938
6579 2547
6580 4372
6581 1
6582 4390
6583 255
6584 3296
6585 3081
6586 3418
6587 947
6588 4428
6589 609
6590 3958
6591 2535
6592 3328
6593 365
6594 4722
6595 1323
6596 3524
6597 2205
6598 3300
6599 1
6600 5000
6601 1321
6602 3302
6603 2403
6604 3580
6605 1325
6606 4410
6607 1
6608 3824
6609 2205
6610 3970
6611 611
6612 4596
6613 405
6614 3308
6615 3591
6616 3312
6617 521
6618 4414
6619 1
6620 3980
6621 2209
6622 4102
6623 215
6624 4512
6625 1425
6626 3314
6627 2303
6628 3316
6629 953
6630 5094
6631 367
6632 3320
6633 2673
6634 3454
6635 1331
6636 4764
6637 1
6638 3320
6639 2215
6640 4016
6641 257
6642 4482
6643 1459
6644 3644
6645 3109
6646 3324
6647 663
6648 4440
6649 169
6650 4490
6651 2223
6652 3328
6653 1
6654 4438
6655 1815
6656 3584
6657 2865
6658 3330
6659 1
6660 4932
6661 1
6662 3332
6663 2223
6664 3976
6665 1625
6666 4666
6667 171
6668 3336
6669 2781
6670 4206
6671 959
6672 4464
6673 1
6674 3454
6675 3155
6676 3340
6677 617
6678 4806
6679 1
6680 4024
6681 2521
6682 3610
6683 203
6684 4460
6685 2125
6686 3344
6687 2235
6688 3808
6689 1
6690 4914
6691 1
6692 3836
6693 2469
6694 3348
6695 1799
6696 4536
6697 217
6698 3562
6699 3339
6700 4060
6701 1
6702 4470
6703 1
6704 3360
6705 3153
6706 3838
6707 371
6708 4692
6709 1
6710 4310
6711 2239
6712 3360
6713 1001
6714 4482
6715 1723
6716 3548
6717 2241
6718 3360
6719 1
6720 5184
6721 1201
6722 3362
6723 2295
6724 3444
6725 1365
6726 4638
6727 1147
6728 3480
6729 2245
6730 4042
6731 179
6732 4812
6733 1
6734 4142
6735 3151
6736 3376
6737 1
6738 4494
6739 315
6740 4052
6741 2925
6742 3372
6743 623
6744 4504
6745 1705
6746 3374
6747 2619
6748 3868
6749 413
6750 4950
6751 199
6752 3392
6753 2253
6754 3694
6755 2147
6756 4508
6757 261
6758 3518
6759 2259
6760 4264
6761 1
6762 4914
6763 1
6764 3596
6765 3565
6766 3598
6767 167
6768 4560
6769 973
6770 4066
6771 2451
6772 3388
6773 533
6774 4518
6775 1375
6776 4136
6777 2277
6778 3390
6779 1
6780 4988
6781 1
6782 3392
6783 3327
6784 3456
6785 1681
6786 4770
6787 627
6788 3396
6789 2469
6790 4486
6791 1
6792 4536
6793 1
6794 3518
6795 3195
6796 3400
6797 977
6798 4758
6799 535
6800 4240
6801 2269
6802 3598
6803 1
6804 4860
6805 1365
6806 3526
6807 2271
6808 3640
6809 629
6810 5002
6811 1015
6812 3692
6813 2277
6814 3408
6815 1663
6816 4576
6817 417
6818 3902
6819 2275
6820 4420
6821 377
6822 4554
6823 1
6824 3416
6825 3945
6826 3414
6827 1
6828 4556
6829 1
6830 4102
6831 2871
6832 3952
6833 1
6834 4722
6835 1371
6836 3420
6837 2469
6838 3694
6839 983
6840 5112
6841 1
6842 3742
6843 2283
6844 3596
6845 1517
6846 4902
6847 207
6848 3456
6849 2289
6850 4130
6851 1091
6852 4572
6853 1573
6854 3598
6855 3207
6856 3432
6857 1
6858 4590
6859 361
6860 4508
6861 2289
6862 3550
6863 1
6864 4944
6865 1377
6866 3434
6867 2979
6868 3668
6869 1
6870 5046
6871 1
6872 3440
6873 2505
6874 3934
6875 1875
6876 4596
6877 805
6878 3638
6879 2295
6880 4192
6881 989
6882 4722
6883 1
6884 3444
6885 3429
6886 3766
6887 167
6888 4968
6889 83
6890 4394
6891 2299
6892 3448
6893 173
6894 4602
6895 2191
6896 3456
6897 2937
6898 3450
6899 1
6900 5140
6901 169
6902 4214
6903 2727
6904 3456
6905 1385
6906 4606
6907 1
6908 3788
6909 3045
6910 4150
6911 1
6912 4608
6913 253
6914 3458
6915 3235
6916 4324
6917 1
6918 4614
6919 1159
6920 4168
6921 2313
6922 3462
6923 1379
6924 4620
6925 1405
6926 3464
6927 2311
6928 3472
6929 689
6930 5490
6931 267
6932 3468
6933 2313
6934 3468
6935 1751
6936 4760
6937 997
6938 3470
6939 2331
6940 4172
6941 641
6942 4830
6943 183
6944 4064
6945 3249
6946 3646
6947 1
6948 4644
6949 1
6950 4190
6951 2991
6952 3832
6953 425
6954 4794
6955 1867
6956 3644
6957 2325
6958 4018
6959 1
6960 5168
6961 1
6962 3540
6963 2763
6964 3484
6965 2213
6966 4698
6967 1
6968 3800
6969 2569
6970 4410
6971 1
6972 5004
6973 385
6974 3814
6975 3375
6976 3520
6977 1
6978 4654
6979 1003
6980 4196
6981 2709
6982 3492
6983 1
6984 4680
6985 1945
6986 3998
6987 2635
6988 3496
6989 269
6990 5134
6991 1
6992 3824
6993 3105
6994 3778
6995 1403
6996 4916
6997 1
6998 3500
6999 2335
7000 4600
7001 1
7002 4674
7003 195
7004 3740
7005 3277
7006 3646
7007 1967
7008 4704
7009 205
7010 4210
7011 2691
7012 3508
7013 1
7014 5022
7015 1735
7016 3512
7017 2341
7018 3938
7019 1
7020 5292
7021 1453
7022 3512
7023 2343
7024 3520
7025 1425
7026 4686
7027 1
7028 4028
7029 2829
7030 4438
7031 167
7032 4696
7033 553
7034 3518
7035 3867
7036 3520
7037 257
7038 4926
7039 1
7040 4480
7041 2349
7042 4030
7043 1
7044 4700
7045 1413
7046 3806
7047 2511
7048 3528
7049 1433
7050 5210
7051 651
7052 3692
7053 2353
7054 3528
7055 1807
7056 5040
7057 1
7058 3530
7059 2739
7060 4244
7061 329
7062 4942
7063 1015
7064 3536
7065 3321
7066 3534
7067 227
7068 4908
7069 1
7070 4670
7071 2359
7072 4000
7073 653
7074 4734
7075 1435
7076 3716
7077 3045
7078 3540
7079 1
7080 5224
7081 169
7082 3542
7083 2367
7084 4444
7085 1901
7086 4726
7087 391
7088 3552
7089 2673
7090 4258
7091 1019
7092 4740
7093 213
7094 3548
7095 3735
7096 3552
7097 197
7098 5226
7099 259
7100 4300
7101 2385
7102 3670
7103 1
7104 4800
7105 2401
7106 4226
7107 2619
7108 3556
7109 1
7110 5238
7111 559
7112 4088
7113 2373
7114 3558
7115 1427
7116 4748
7117 657
7118 3560
7119 3087
7120 4304
7121 1
7122 4750
7123 435
7124 3860
7125 3525
7126 4078
7127 1
7128 4968
7129 1
7130 4490
7131 2379
7132 3568
7133 1025
7134 4894
7135 1431
7136 3584
7137 2817
7138 3694
7139 759
7140 5604
7141 229
7142 3572
7143 2383
7144 3832
7145 1433
7146 4770
7147 1027
7148 3576
7149 2385
7150 4750
7151 1
7152 4784
7153 333
7154 4130
7155 3411
7156 3580
7157 437
7158 4774
7159 1
7160 4312
7161 3561
7162 3582
7163 1115
7164 4788
7165 1437
7166 3584
7167 2391
7168 4096
7169 173
7170 5266
7171 171
7172 3932
7173 2397
7174 3814
7175 2375
7176 5064
7177 1
7178 3722
7179 2395
7180 4316
7181 209
7182 5238
7183 663
7184 3600
7185 3361
7186 3594
7187 1
7188 4796
7189 1573
7190 4318
7191 2775
7192 3832
7193 1
7194 5034
7195 1443
7196 4124
7197 2401
7198 3718
7199 335
7200 5280
7201 397
7202 3890
7203 3087
7204 3604
7205 2005
7206 4806
7207 1
7208 3880
7209 2457
7210 4762
7211 1
7212 4812
7213 1
7214 3608
7215 3759
7216 4016
7217 1037
7218 4818
7219 1
7220 4484
7221 2629
7222 3790
7223 263
7224 5208
7225 1785
7226 3614
7227 2907
7228 3916
7229 1
7230 5310
7231 1039
7232 3648
7233 2413
7234 3618
7235 1451
7236 4860
7237 1
7238 4478
7239 2703
7240 4360
7241 569
7242 5002
7243 1
7244 3624
7245 4077
7246 3624
7247 1
7248 4848
7249 669
7250 4450
7251 2419
7252 4228
7253 1
7254 5094
7255 1455
7256 3632
7257 2617
7258 3838
7259 1499
7260 5500
7261 189
7262 3632
7263 2439
7264 3648
7265 1457
7266 5202
7267 715
7268 3836
7269 2425
7270 4366
7271 671
7272 4872
7273 1045
7274 3638
7275 3435
7276 3884
7277 401
7278 4854
7279 279
7280 4976
7281 2433
7282 3982
7283 1
7284 4860
7285 1765
7286 3644
7287 3135
7288 3648
7289 233
7290 5346
7291 339
7292 3648
7293 3453
7294 4174
7295 1463
7296 4992
7297 1
7298 3778
7299 2439
7300 4420
7301 1085
7302 4870
7303 175
7304 4024
7305 3417
7306 3946
7307 1
7308 5292
7309 1
7310 4622
7311 2439
7312 3664
7313 173
7314 5026
7315 2995
7316 3836
7317 2457
7318 3660
7319 575
7320 5400
7321 1
7322 4190
7323 2443
7324 3664
7325 1485
7326 5166
7327 447
7328 3680
7329 3153
7330 4402
7331 1
7332 5124
7333 1
7334 3878
7335 3447
7336 4216
7337 1177
7338 4894
7339 219
7340 4412
7341 2449
7342 3672
7343 1055
7344 5040
7345 1969
7346 3674
7347 2667
7348 4028
7349 1
7350 5670
7351 1
7352 3680
7353 2817
7354 3678
7355 1475
7356 4908
7357 1057
7358 3974
7359 2919
7360 4544
7361 449
7362 4914
7363 235
7364 4220
7365 3445
7366 3838
7367 191
7368 4920
7369 1
7370 4730
7371 3483
7372 3916
7373 173
7374 4918
7375 1575
7376 3696
7377 2461
7378 4498
7379 203
7380 5460
7381 781
7382 3692
7383 2719
7384 4024
7385 2345
7386 4926
7387 171
7388 3696
7389 2469
7390 4438
7391 407
7392 5472
7393 1
7394 3698
7395 3811
7396 3784
7397 581
7398 4950
7399 1099
7400 4520
7401 2469
7402 3702
7403 683
7404 4940
7405 1485
7406 4370
7407 2475
7408 3712
7409 269
7410 5682
7411 1
7412 3956
7413 3189
7414 4054
7415 1487
7416 4968
7417 1
7418 3710
7419 2475
7420 4924
7421 221
7422 4950
7423 583
7424 3840
7425 3825
7426 3838
7427 1067
7428 4956
7429 1093
7430 4462
7431 2479
7432 3720
7433 1
7434 5346
7435 1491
7436 4316
7437 2685
7438 3720
7439 215
7440 5520
7441 1069
7442 3782
7443 2487
7444 3724
7445 1493
7446 5142
7447 687
7448 4424
7449 2889
7450 4490
7451 1
7452 5076
7453 285
7454 3728
7455 4095
7456 3744
7457 1
7458 5218
7459 1
7460 4484
7461 2493
7462 4582
7463 455
7464 4984
7465 1497
7466 3734
7467 2787
7468 3736
7469 1709
7470 5502
7471 271
7472 3744
7473 2689
7474 3874
7475 2195
7476 5364
7477 1
7478 3740
7479 2511
7480 4920
7481 1
7482 5130
7483 1075
7484 3744
7485 3501
7486 3958
7487 1
7488 5184
7489 1
7490 4946
7491 2971
7492 3748
7493 185
7494 4998
7495 1503
7496 3752
7497 3465
7498 3934
7499 1
7500 5500
7501 589
7502 4202
7503 2703
7504 4336
7505 1889
7506 5022
7507 1
7508 3756
7509 2505
7510 4510
7511 1463
7512 5016
7513 693
7514 4250
7515 3531
7516 3760
7517 1
7518 5382
7519 175
7520 4576
7521 2769
7522 3762
7523 1
7524 5364
7525 2485
7526 3886
7527 2919
7528 3768
7529 1
7530 5530
7531 459
7532 4316
7533 2673
7534 3768
7535 2095
7536 5040
7537 1
7538 3770
7539 3243
7540 4852
7541 1
7542 5034
7543 415
7544 4024
7545 3529
7546 4606
7547 1
7548 5244
7549 1
7550 4550
7551 2523
7552 3840
7553 1649
7554 5038
7555 1515
7556 3780
7557 2997
7558 3780
7559 1
7560 5832
7561 1
7562 3998
7563 2523
7564 3964
7565 1933
7566 5262
7567 1495
7568 4208
7569 2697
7570 4546
7571 179
7572 5052
7573 1
7574 4334
7575 3575
7576 3792
7577 1
7578 5058
7579 1339
7580 4556
7581 3477
7582 4030
7583 1
7584 5088
7585 1825
7586 3794
7587 2547
7588 4348
7589 1
7590 5830
7591 1
7592 4136
7593 2533
7594 3798
7595 2555
7596 5076
7597 177
7598 3958
7599 2863
7600 4720
7601 701
7602 5442
7603 1
7604 3804
7605 3861
7606 3804
7607 1
7608 5080
7609 1093
7610 4570
7611 2739
7612 4172
7613 353
7614 5130
7615 1527
7616 4544
7617 2541
7618 4114
7619 419
7620 5604
7621 1
7622 3950
7623 3663
7624 3816
7625 1625
7626 5226
7627 291
7628 3816
7629 2545
7630 5038
7631 599
7632 5136
7633 465
7634 4174
7635 3571
7636 4028
7637 1097
7638 5262
7639 1
7640 4600
7641 2565
7642 3822
7643 1
7644 5628
7645 2125
7646 3824
7647 2551
7648 3840
7649 1
7650 5730
7651 1099
7652 3828
7653 2553
7654 3958
7655 1535
7656 5416
7657 1177
7658 4382
7659 2907
7660 4604
7661 209
7662 5110
7663 175
7664 3840
7665 4209
7666 3834
7667 1267
7668 5148
7669 1
7670 4886
7671 2559
7672 4408
7673 1
7674 5118
7675 1555
7676 4076
7677 2565
7678 4198
7679 1103
7680 5632
7681 1
7682 4030
7683 2979
7684 4100
7685 1861
7686 5526
7687 1
7688 3968
7689 3049
7690 4618
7691 1
7692 5132
7693 1141
7694 3848
7695 3807
7696 4240
7697 221
7698 5134
7699 1
7700 5300
7701 2901
7702 3852
7703 1
7704 5160
7705 1897
7706 3854
7707 3315
7708 4028
7709 605
7710 5662
7711 711
7712 3872
7713 2577
7714 4690
7715 1547
7716 5148
7717 1
7718 4102
7719 2799
7720 4648
7721 1109
7722 5562
7723 1
7724 3864
7725 3645
7726 3864
7727 1
7728 5616
7729 189
7730 4642
7731 2583
7732 3868
7733 1253
7734 5158
7735 3127
7736 3872
7737 2581
7738 3994
7739 179
7740 5724
7741 1
7742 4466
7743 2815
7744 4224
7745 1553
7746 5166
7747 187
7748 4196
7749 3429
7750 4750
7751 359
7752 5448
7753 1
7754 3878
7755 4075
7756 4444
7757 1
7758 5178
7759 1
7760 4688
7761 3009
7762 3882
7763 1115
7764 5180
7765 1557
7766 4246
7767 2595
7768 3888
7769 473
7770 6042
7771 427
7772 4076
7773 2593
7774 4342
7775 1575
7776 5184
7777 1777
7778 3890
7779 2595
7780 4676
7781 281
7782 5190
7783 223
7784 4472
7785 3657
7786 4138
7787 611
7788 5468
7789 1
7790 4910
7791 3423
7792 3904
7793 1
7794 5202
7795 1563
7796 3900
7797 2869
7798 4462
7799 719
7800 5880
7801 297
7802 4030
7803 2907
7804 3904
7805 2477
7806 5206
7807 247
7808 3968
7809 2913
7810 5010
7811 179
7812 5652
7813 613
7814 3908
7815 3655
7816 3912
7817 1
7818 5214
7819 1123
7820 5004
7821 3141
7822 3912
7823 1
7824 5232
7825 1585
7826 4802
7827 2611
7828 4156
7829 1
7830 5814
7831 231
7832 4312
7833 3369
7834 3918
7835 1571
7836 5228
7837 477
7838 3920
7839 3087
7840 5152
7841 1
7842 5230
7843 1243
7844 4100
7845 3669
7846 3924
7847 1583
7848 5256
7849 213
7850 4730
7851 2619
7852 4252
7853 1
7854 5934
7855 1575
7856 3936
7857 2673
7858 3930
7859 299
7860 5780
7861 1129
7862 3932
7863 2623
7864 3936
7865 2585
7866 5490
7867 1
7868 4508
7869 2829
7870 4726
7871 479
7872 5312
7873 1
7874 4094
7875 4275
7876 4316
7877 1
7878 5478
7879 1
7880 4744
7881 2841
7882 4510
7883 1
7884 5292
7885 1981
7886 3944
7887 3127
7888 4304
7889 1421
7890 5794
7891 619
7892 3948
7893 2637
7894 3948
7895 1583
7896 5688
7897 201
7898 4318
7899 2635
7900 4780
7901 1
7902 5274
7903 1135
7904 4448
7905 4065
7906 4078
7907 1
7908 5276
7909 729
7910 5222
7911 2655
7912 4216
7913 233
7914 5278
7915 1587
7916 3960
7917 3885
7918 4102
7919 1
7920 6000
7921 89
7922 4210
7923 2955
7924 4540
7925 1605
7926 5286
7927 1
7928 3968
7929 2649
7930 5050
7931 1811
7932 5292
7933 1
7934 3968
7935 3887
7936 4096
7937 1
7938 5670
7939 483
7940 4772
7941 2649
7942 4522
7943 767
7944 5304
7945 2521
7946 4138
7947 2655
7948 3976
7949 1
7950 5870
7951 1
7952 4592
7953 3153
7954 4114
7955 1907
7956 5652
7957 181
7958 4174
7959 3423
7960 4792
7961 437
7962 5310
7963 1
7964 4364
7965 3789
7966 4558
7967 287
7968 5344
7969 625
7970 4786
7971 2659
7972 3988
7973 1637
7974 5322
7975 2375
7976 3992
7977 2661
7978 3990
7979 179
7980 6252
7981 369
7982 4310
7983 2667
7984 4000
7985 1601
7986 5566
7987 1183
7988 3996
7989 2665
7990 5046
7991 191
7992 5400
7993 1
7994 4574
7995 4155
7996 4000
7997 737
7998 5478
7999 439
8000 4800
8001 3465
8002 4002
8003 203
8004 5540
8005 1605
8006 4004
8007 3015
8008 5128
8009 1
8010 5898
8011 1
8012 4008
8013 2673
8014 4008
8015 2543
8016 5360
8017 1
8018 4238
8019 3159
8020 4820
8021 629
8022 5742
8023 183
8024 4312
8025 3785
8026 4014
8027 371
8028 5364
8029 1549
8030 5150
8031 2679
8032 4032
8033 305
8034 5586
8035 1611
8036 4676
8037 3069
8038 4020
8039 1
8040 5928
8041 1321
8042 4022
8043 3459
8044 4024
8045 1613
8046 5382
8047 631
8048 4032
8049 2685
8050 5410
8051 179
8052 5652
8053 1
8054 4028
8055 3783
8056 4312
8057 1157
8058 5562
8059 1
8060 5180
8061 2689
8062 4198
8063 743
8064 5760
8065 1617
8066 4178
8067 2691
8068 4036
8069 1
8070 5926
8071 1159
8072 4040
8073 3321
8074 4414
8075 2315
8076 5388
8077 237
8078 4622
8079 2695
8080 4880
8081 1
8082 5394
8083 195
8084 4220
8085 4725
8086 4366
8087 1
8088 5400
8089 1
8090 4858
8091 3051
8092 4828
8093 1
8094 5574
8095 1623
8096 4576
8097 2701
8098 4050
8099 1763
8100 5940
8101 1
8102 4052
8103 2919
8104 4056
8105 1625
8106 5802
8107 847
8108 4056
8109 3117
8110 4870
8111 1
8112 5616
8113 1633
8114 4058
8115 3795
8116 4060
8117 1
8118 5718
8119 375
8120 5432
8121 2709
8122 4222
8123 1
8124 5420
8125 2125
8126 4318
8127 3591
8128 4096
8129 749
8130 5970
8131 219
8132 4316
8133 2713
8134 4690
8135 1631
8136 5448
8137 181
8138 4394
8139 2715
8140 5260
8141 1169
8142 5590
8143 495
8144 4080
8145 3825
8146 4074
8147 1
8148 5844
8149 309
8150 4910
8151 3831
8152 4080
8153 293
8154 5454
8155 2587
8156 4080
8157 2721
8158 4080
8159 239
8160 6112
8161 1
8162 5042
8163 2727
8164 4420
8165 2005
8166 5446
8167 1
8168 4088
8169 3513
8170 5146
8171 1
8172 5460
8173 753
8174 4214
8175 3855
8176 4720
8177 1265
8178 5602
8179 1
8180 4916
8181 2781
8182 4092
8183 1211
8184 5784
8185 1641
8186 4094
8187 2731
8188 4316
8189 449
8190 6462
8191 1
8192 4096
8193 2733
8194 4354
8195 2275
8196 5468
8197 1177
8198 4100
8199 2739
8200 5000
8201 197
8202 5470
8203 643
8204 4700
8205 3837
8206 4486
8207 311
8208 5616
8209 1
8210 4930
8211 3987
8212 4108
8213 233
8214 5550
8215 1975
8216 4472
8217 3297
8218 4702
8219 1
8220 6044
8221 1
8222 4112
8223 2743
8224 4128
8225 2705
8226 5490
8227 451
8228 4708
8229 3189
8230 4942
8231 1
8232 5880
8233 1
8234 4318
8235 3915
8236 4316
8237 1
8238 5494
8239 1879
8240 4976
8241 2961
8242 4450
8243 1
8244 5508
8245 2101
8246 5006
8247 2751
8248 4128
8249 185
8250 6250
8251 259
8252 4128
8253 3573
8254 4128
8255 2207
8256 5568
8257 381
8258 4130
8259 2755
8260 5476
8261 761
8262 5670
8263 1
8264 4136
8265 4233
8266 4134
8267 1187
8268 5772
8269 1
8270 4966
8271 2763
8272 4592
8273 1
8274 5922
8275 1675
8276 4140
8277 2997
8278 4140
8279 503
8280 6168
8281 1729
8282 4282
8283 3283
8284 4396
8285 1661
8286 5526
8287 1
8288 4832
8289 2781
8290 4978
8291 1
8292 5532
8293 1
8294 4934
8295 4551
8296 4456
8297 1
8298 5538
8299 235
8300 5020
8301 2769
8302 4750
8303 779
8304 5552
8305 2305
8306 4154
8307 3267
8308 4348
8309 1193
8310 6102
8311 1
8312 4160
8313 3129
8314 4158
8315 1667
8316 6156
8317 1
8318 4160
8319 2983
8320 5248
8321 209
8322 5730
8323 1603
8324 4164
8325 4005
8326 4366
8327 767
8328 5560
8329 1
8330 5642
8331 2779
8332 4168
8333 653
8334 5562
8335 1671
8336 4176
8337 3585
8338 4558
8339 299
8340 6132
8341 457
8342 4310
8343 2835
8344 4792
8345 1673
8346 5802
8347 507
8348 4176
8349 3509
8350 5030
8351 1199
8352 5664
8353 1
8354 4178
8355 3907
8356 4180
8357 197
8358 5982
8359 655
8360 5480
8361 2793
8362 4330
8363 1
8364 5804
8365 2653
8366 4318
8367 2791
8368 4192
8369 1
8370 6210
8371 771
8372 5204
8373 2793
8374 4318
8375 1775
8376 5592
8377 1
8378 4318
8379 3843
8380 5036
8381 765
8382 5862
8383 183
8384 4224
8385 4353
8386 4798
8387 1
8388 5604
8389 1
8390 5038
8391 2799
8392 4200
8393 1913
8394 5598
8395 2059
8396 4200
8397 2817
8398 4942
8399 263
8400 6480
8401 301
8402 4202
8403 2803
8404 4604
8405 1845
8406 5610
8407 1207
8408 4208
8409 2805
8410 5162
8411 659
8412 5612
8413 225
8414 4814
8415 4575
8416 4224
8417 461
8418 5778
8419 1
8420 5060
8421 3621
8422 4212
8423 1
8424 5832
8425 1705
8426 4606
8427 2915
8428 4900
8429 1
8430 6190
8431 1
8432 4592
8433 2817
8434 4218
8435 2675
8436 5844
8437 1477
8438 4220
8439 3063
8440 5080
8441 389
8442 6066
8443 1
8444 4224
8445 3949
8446 4366
8447 1
8448 5888
8449 1729
8450 5330
8451 2835
8452 4228
8453 185
8454 5638
8455 2119
8456 4856
8457 2821
8458 4230
8459 779
8460 6252
8461 1
8462 4232
8463 4143
8464 4416
8465 1697
8466 5842
8467 1
8468 4436
8469 2829
8470 5830
8471 239
8472 5656
8473 265
8474 4478
8475 3995
8476 4588
8477 1253
8478 5670
8479 199
8480 5152
8481 3361
8482 4242
8483 515
8484 6084
8485 1701
8486 4244
8487 3207
8488 4248
8489 665
8490 6234
8491 1219
8492 4652
8493 3165
8494 4414
8495 1703
8496 5712
8497 321
8498 4862
8499 2835
8500 5300
8501 1
8502 5910
8503 783
8504 4256
8505 4617
8506 4254
8507 227
8508 5676
8509 193
8510 5342
8511 2839
8512 5056
8513 1
8514 5994
8515 2275
8516 4260
8517 3205
8518 4260
8519 1223
8520 6280
8521 1
8522 4262
8523 2847
8524 4264
8525 2525
8526 6174
8527 1
8528 4688
8529 2845
8530 5122
8531 467
8532 5724
8533 1669
8534 4534
8535 3991
8536 4696
8537 1
8538 5694
8539 1
8540 5660
8541 3357
8542 4272
8543 1
8544 5728
8545 1713
8546 4274
8547 4227
8548 4276
8549 185
8550 6390
8551 519
8552 4280
8553 2853
8554 5242
8555 2059
8556 5916
8557 241
8558 4678
8559 2871
8560 5168
8561 1229
8562 5710
8563 1
8564 4284
8565 4005
8566 4284
8567 671
8568 6264
8569 1369
8570 5146
8571 2859
8572 4288
8573 1
8574 5718
8575 2695
8576 4352
8577 2865
8578 4290
8579 395
8580 6660
8581 1
8582 4910
8583 2863
8584 4552
8585 2185
8586 5778
8587 307
8588 4556
8589 3693
8590 5158
8591 891
8592 5744
8593 673
8594 4298
8595 4035
8596 4924
8597 1
8598 5734
8599 1
8600 5240
8601 3081
8602 5082
8603 1235
8604 5748
8605 1725
8606 4646
8607 3207
8608 4320
8609 1
8610 6690
8611 187
8612 4308
8613 3573
8614 4438
8615 1727
8616 5752
8617 1237
8618 4478
8619 3627
8620 5180
8621 269
8622 5754
8623 1
8624 5264
8625 4225
8626 4558
8627 1
8628 5756
8629 1
8630 5182
8631 3735
8632 4696
8633 185
8634 5758
8635 2395
8636 4604
8637 2881
8638 4942
8639 215
8640 6336
8641 1
8642 4498
8643 3099
8644 4324
8645 3461
8646 6046
8647 1
8648 4600
8649 3069
8650 5210
8651 251
8652 6204
8653 525
8654 4328
8655 4047
8656 4336
8657 797
8658 6066
8659 1243
8660 5204
8661 2889
8662 4462
8663 1
8664 5928
8665 1737
8666 4958
8667 2943
8668 4748
8669 1
8670 6494
8671 1279
8672 4352
8673 3801
8674 4338
8675 1755
8676 5796
8677 1
8678 4340
8679 3439
8680 5800
8681 1
8682 5790
8683 475
8684 4700
8685 4077
8686 4486
8687 1775
8688 5808
8689 1
8690 5570
8691 2899
8692 4532
8693 1
8694 6318
8695 2071
8696 4352
8697 3369
8698 4350
8699 1
8700 6460
8701 1981
8702 4598
8703 2907
8704 4608
8705 1745
8706 5806
8707 1
8708 4988
8709 2905
8710 5542
8711 311
8712 6072
8713 1
8714 4358
8715 4779
8716 4360
8717 401
8718 5814
8719 1
8720 5264
8721 3537
8722 5026
8723 1523
8724 5820
8725 1765
8726 4364
8727 2911
8728 4368
8729 1673
8730 6426
8731 1
8732 4556
8733 3133
8734 4774
8735 1751
8736 6432
8737 1
8738 4642
8739 2919
8740 5572
8741 1
8742 5982
8743 1255
8744 4376
8745 4585
8746 4374
8747 1
8748 5832
8749 685
8750 5750
8751 2919
8752 4384
8753 1
8754 5838
8755 2227
8756 4796
8757 3789
8758 4558
8759 479
8760 6456
8761 1
8762 4730
8763 3219
8764 5020
8765 1757
8766 5850
8767 807
8768 4416
8769 3153
8770 5266
8771 1295
8772 6084
8773 313
8774 4534
8775 4455
8776 4392
8777 197
8778 6618
8779 1
8780 5276
8781 2929
8782 4392
8783 1
8784 5904
8785 2785
8786 4606
8787 3187
8788 4732
8789 1429
8790 6454
8791 207
8792 5048
8793 2937
8794 4398
8795 1763
8796 5868
8797 481
8798 4534
8799 3783
8800 5600
8801 689
8802 5886
8803 1
8804 4604
8805 4117
8806 5350
8807 1
8808 5880
8809 405
8810 5290
8811 3531
8812 4408
8813 1265
8814 6126
8815 2095
8816 4784
8817 2941
8818 4410
8819 1
8820 6804
8821 1
8822 4822
8823 3319
8824 4416
8825 1785
8826 5886
8827 1915
8828 4416
8829 2997
8830 5302
8831 1
8832 6016
8833 913
8834 5054
8835 4515
8836 4512
8837 1
8838 5898
8839 1
8840 5768
8841 3801
8842 4422
8843 275
8844 6204
8845 2125
8846 4424
8847 2955
8848 5104
8849 1
8850 6530
8851 219
8852 4428
8853 3429
8854 4678
8855 3575
8856 5976
8857 537
8858 4574
8859 2955
8860 5324
8861 1
8862 6342
8863 1
8864 4448
8865 4161
8866 5266
8867 1
8868 5916
8869 1309
8870 5326
8871 2959
8872 4440
8873 485
8874 6186
8875 1875
8876 5084
8877 3517
8878 4654
8879 695
8880 6576
8881 189
8882 4442
8883 3915
8884 4444
8885 1781
8886 5926
8887 1
8888 4888
8889 2965
8890 5866
8891 539
8892 6300
8893 1
8894 4448
8895 4159
8896 4480
8897 1697
8898 5934
8899 819
8900 5380
8901 3357
8902 4452
8903 335
8904 6408
8905 2377
8906 4586
8907 2971
8908 4748
8909 209
8910 6750
8911 1783
8912 4464
8913 2973
8914 4458
8915 1787
8916 5948
8917 277
8918 5390
8919 2979
8920 5368
8921 821
8922 5950
8923 1
8924 4700
8925 5085
8926 4464
8927 191
8928 6048
8929 1
8930 5618
8931 3459
8932 5572
8933 1
8934 5958
8935 1791
8936 4472
8937 2997
8938 4618
8939 1283
8940 6572
8941 1
8942 4750
8943 3543
8944 4912
8945 1793
8946 6426
8947 411
8948 4476
8949 3333
8950 5390
8951 1
8952 5976
8953 1285
8954 4994
8955 4203
8956 4480
8957 845
8958 5974
8959 799
8960 5888
8961 3249
8962 4482
8963 1
8964 6012
8965 2485
8966 4484
8967 3927
8968 4792
8969 1
8970 6858
8971 1
8972 4488
8973 2997
8974 5134
8975 1815
8976 6416
8977 237
8978 4556
8979 3219
8980 5396
8981 1289
8982 5994
8983 703
8984 4496
8985 4201
8986 4494
8987 1427
8988 6444
8989 189
8990 5630
8991 3159
8992 4512
8993 897
8994 5998
8995 2851
8996 4868
8997 3001
8998 4918
8999 1
9000 6600
9001 1
9002 5150
9003 3003
9004 4504
9005 1805
9006 6198
9007 1
9008 4512
9009 4689
9010 5682
9011 1
9012 6012
9013 1
9014 4508
9015 4215
9016 5320
9017 197
9018 6030
9019 339
9020 5820
9021 3261
9022 4870
9023 1295
9024 6080
9025 2185
9026 4514
9027 3459
9028 4708
9029 1
9030 7014
9031 831
9032 4520
9033 3013
9034 4518
9035 2411
9036 6036
9037 1297
9038 4520
9039 3319
9040 5456
9041 1
9042 6322
9043 1
9044 5588
9045 4293
9046 4524
9047 191
9048 6360
9049 1
9050 5450
9051 3891
9052 4732
9053 833
9054 6042
9055 1815
9056 4544
9057 3021
9058 5182
9059 1
9060 6660
9061 1381
9062 4750
9063 3447
9064 4984
9065 3017
9066 6046
9067 1
9068 4536
9069 3025
9070 5446
9071 239
9072 6480
9073 253
9074 4898
9075 4675
9076 4540
9077 341
9078 6262
9079 1303
9080 5464
9081 3033
9082 4798
9083 323
9084 6060
9085 2221
9086 5606
9087 3519
9088 4608
9089 209
9090 6690
9091 1
9092 4548
9093 3909
9094 4548
9095 2311
9096 6072
9097 837
9098 4550
9099 3051
9100 6220
9101 497
9102 6222
9103 1
9104 4560
9105 4257
9106 4738
9107 1307
9108 6468
9109 1
9110 5470
9111 3039
9112 4888
9113 713
9114 6594
9115 1827
9116 4748
9117 3045
9118 4702
9119 839
9120 6816
9121 1309
9122 4562
9123 3043
9124 4564
9125 1925
9126 6318
9127 1
9128 5240
9129 3433
9130 5850
9131 419
9132 6092
9133 1
9134 4568
9135 5103
9136 4576
9137 1
9138 6094
9139 1363
9140 5492
9141 3621
9142 5230
9143 263
9144 6120
9145 2185
9146 4858
9147 3051
9148 4576
9149 1313
9150 6750
9151 1
9152 5312
9153 3105
9154 4798
9155 1835
9156 6564
9157 1
9158 4838
9159 3279
9160 5512
9161 1
9162 6114
9163 2443
9164 4796
9165 4749
9166 4584
9167 191
9168 6128
9169 225
9170 6050
9171 3063
9172 4588
9173 1
9174 6414
9175 1855
9176 4856
9177 4425
9178 4954
9179 203
9180 6876
9181 1
9182 4592
9183 3063
9184 5344
9185 2545
9186 6126
9187 1
9188 4596
9189 3069
9190 5518
9191 1991
9192 6136
9193 345
9194 4598
9195 4299
9196 5236
9197 557
9198 6606
9199 1
9200 5680
9201 3069
9202 4750
9203 1
9204 6420
9205 2917
9206 4604
9207 3807
9208 4608
9209 1
9210 6762
9211 211
9212 5348
9213 3309
9214 4894
9215 2303
9216 6144
9217 721
9218 5038
9219 3963
9220 5540
9221 1
9222 6310
9223 423
9224 4616
9225 4425
9226 5278
9227 1
9228 6156
9229 849
9230 5870
9231 3471
9232 4624
9233 1325
9234 6318
9235 1851
9236 4620
9237 3081
9238 4798
9239 1
9240 7320
9241 1
9242 4622
9243 3627
9244 4624
9245 2021
9246 6342
9247 1327
9248 4896
9249 3085
9250 5650
9251 1131
9252 6180
9253 505
9254 5294
9255 4327
9256 5032
9257 1
9258 6174
9259 243
9260 5564
9261 3969
9262 5062
9263 215
9264 6192
9265 2353
9266 4786
9267 3091
9268 5308
9269 1349
9270 6822
9271 199
9272 4952
9273 3673
9274 4638
9275 3035
9276 6188
9277 1
9278 4640
9279 3099
9280 5696
9281 1
9282 6978
9283 1
9284 5084
9285 4341
9286 4644
9287 287
9288 6264
9289 1333
9290 5578
9291 3459
9292 4892
9293 1
9294 6198
9295 3055
9296 5360
9297 3105
9298 4650
9299 563
9300 6900
9301 201
9302 4652
9303 3999
9304 4656
9305 1865
9306 6546
9307 267
9308 5036
9309 3373
9310 6286
9311 1
9312 6240
9313 205
9314 4658
9315 4563
9316 4964
9317 2057
9318 6214
9319 1
9320 5608
9321 3609
9322 4798
9323 1
9324 6732
9325 1885
9326 4664
9327 3111
9328 5168
9329 509
9330 6850
9331 1771
9332 4668
9333 3573
9334 5038
9335 1871
9336 6232
9337 1
9338 5642
9339 3699
9340 5612
9341 1
9342 6246
9343 1
9344 4736
9345 5121
9346 4674
9347 731
9348 6468
9349 1
9350 6150
9351 3123
9352 5368
9353 245
9354 6238
9355 1875
9356 4680
9357 3121
9358 4680
9359 1379
9360 7056
9361 1441
9362 4862
9363 3123
9364 4684
9365 1877
9366 6702
9367 1303
9368 4688
9369 3141
9370 5626
9371 1
9372 6572
9373 2029
9374 4838
9375 4375
9376 4704
9377 1
9378 6258
9379 195
9380 6212
9381 3349
9382 4692
9383 863
9384 6568
9385 1881
9386 5282
9387 4059
9388 4696
9389 269
9390 6894
9391 1
9392 4704
9393 3393
9394 5794
9395 1883
9396 6372
9397 1
9398 4862
9399 3639
9400 5720
9401 1913
9402 6270
9403 1
9404 4704
9405 5085
9406 4704
9407 431
9408 6720
9409 97
9410 5650
9411 3139
9412 5092
9413 1
9414 6282
9415 2983
9416 5176
9417 3369
9418 5002
9419 1
9420 6924
9421 1
9422 5390
9423 3159
9424 5104
9425 2705
9426 6286
9427 867
9428 4716
9429 4053
9430 5910
9431 1
9432 6312
9433 1
9434 4858
9435 4827
9436 5404
9437 1
9438 6798
9439 1
9440 5728
9441 3153
9442 4722
9443 1883
9444 6300
9445 1893
9446 4724
9447 3375
9448 4728
9449 869
9450 7290
9451 739
9452 5036
9453 3469
9454 4918
9455 2255
9456 6320
9457 1393
9458 4730
9459 3159
9460 6100
9461 1
9462 6510
9463 1
9464 5720
9465 4425
9466 4734
9467 1
9468 6324
9469 573
9470 5686
9471 4671
9472 4864
9473 1
9474 6318
9475 1915
9476 4988
9477 3645
9478 5422
9479 1
9480 6984
9481 517
9482 5182
9483 3435
9484 4744
9485 3005
9486 6606
9487 231
9488 4752
9489 3165
9490 6034
9491 1
9492 6804
9493 873
9494 4894
9495 4455
9496 4752
9497 1
9498 6334
9499 1843
9500 5900
9501 3169
9502 4752
9503 1439
9504 6624
9505 1905
9506 5474
9507 3171
9508 4756
9509 293
9510 6982
9511 1
9512 5032
9513 4113
9514 4894
9515 2635
9516 6636
9517 337
9518 4760
9519 3543
9520 6448
9521 1
9522 6486
9523 195
9524 4764
9525 4485
9526 5206
9527 1367
9528 6360
9529 745
9530 5722
9531 3195
9532 4768
9533 1
9534 6822
9535 1911
9536 4800
9537 4097
9538 5038
9539 1
9540 7044
9541 1813
9542 5150
9543 3183
9544 4776
9545 2329
9546 6522
9547 1
9548 5948
9549 3189
9550 5750
9551 1
9552 6384
9553 273
9554 5074
9555 5523
9556 4780
9557 521
9558 6426
9559 979
9560 5752
9561 3189
9562 5470
9563 203
9564 6380
9565 1917
9566 4784
9567 3195
9568 5344
9569 1373
9570 7330
9571 579
9572 4788
9573 3193
9574 4788
9575 1935
9576 6984
9577 217
9578 4790
9579 3459
9580 5756
9581 1661
9582 6390
9583 1591
9584 4800
9585 4545
9586 4794
9587 1
9588 6644
9589 265
9590 6326
9591 3519
9592 5272
9593 233
9594 6714
9595 2395
9596 4800
9597 4125
9598 4800
9599 359
9600 7040
9601 1
9602 4802
9603 3843
9604 5488
9605 2437
9606 6406
9607 751
9608 4808
9609 3205
9610 5890
9611 1379
9612 6444
9613 1
9614 5654
9615 4495
9616 4816
9617 221
9618 6882
9619 1
9620 6164
9621 3213
9622 5110
9623 1
9624 6424
9625 3625
9626 4814
9627 3211
9628 5036
9629 1
9630 7086
9631 1
9632 5600
9633 4017
9634 4818
9635 2275
9636 6756
9637 441
9638 4958
9639 4455
9640 5800
9641 341
9642 6430
9643 1
9644 4824
9645 4509
9646 5902
9647 887
9648 6480
9649 1
9650 5810
9651 3219
9652 5116
9653 1421
9654 6438
9655 1935
9656 5176
9657 3609
9658 5278
9659 755
9660 7548
9661 1
9662 4832
9663 3223
9664 4864
9665 1937
9666 6462
9667 1387
9668 4836
9669 3829
9670 5806
9671 527
9672 6792
9673 585
9674 5534
9675 4635
9676 5036
9677 1
9678 6454
9679 1
9680 6160
9681 4161
9682 4990
9683 443
9684 6468
9685 2581
9686 5038
9687 3231
9688 5560
9689 1
9690 7386
9691 891
9692 4848
9693 3249
9694 5014
9695 3071
9696 6496
9697 1
9698 5234
9699 3459
9700 5860
9701 197
9702 7182
9703 343
9704 4856
9705 4537
9706 5086
9707 587
9708 6476
9709 1933
9710 5830
9711 3807
9712 4864
9713 893
9714 6478
9715 2323
9716 5564
9717 3477
9718 5014
9719 1
9720 7128
9721 1
9722 4862
9723 4179
9724 5884
9725 1965
9726 6486
9727 207
9728 5120
9729 3657
9730 6418
9731 299
9732 6492
9733 1
9734 5054
9735 5095
9736 4872
9737 2105
9738 6498
9739 1
9740 5852
9741 3661
9742 4872
9743 1
9744 7056
9745 1953
9746 5326
9747 3591
9748 4876
9749 1
9750 7350
9751 1435
9752 5176
9753 3253
9754 4878
9755 1955
9756 6516
9757 897
9758 5918
9759 3255
9760 5920
9761 269
9762 6510
9763 763
9764 4884
9765 5445
9766 5158
9767 1
9768 6888
9769 1
9770 5866
9771 3259
9772 5596
9773 365
9774 6534
9775 2735
9776 5360
9777 3261
9778 4890
9779 2219
9780 7188
9781 1
9782 5030
9783 3267
9784 4896
9785 2441
9786 7002
9787 1
9788 4896
9789 3789
9790 6270
9791 1
9792 6720
9793 1405
9794 5038
9795 4579
9796 5116
9797 197
9798 6718
9799 279
9800 6440
9801 3861
9802 5434
9803 1
9804 6780
9805 2317
9806 4904
9807 4215
9808 4912
9809 593
9810 7218
9811 1
9812 5372
9813 3273
9814 5614
9815 2615
9816 6552
9817 1
9818 4910
9819 3279
9820 5900
9821 1901
9822 6550
9823 1543
9824 4928
9825 4625
9826 5202
9827 347
9828 7236
9829 1
9830 5902
9831 3559
9832 4920
9833 1
9834 6874
9835 3115
9836 4920
9837 3285
9838 4920
9839 1
9840 7280
9841 769
9842 5954
9843 3699
9844 5180
9845 2725
9846 6570
9847 271
9848 4928
9849 4305
9850 5930
9851 1
9852 6572
9853 225
9854 5318
9855 4671
9856 6016
9857 1
9858 6738
9859 1
9860 6276
9861 3669
9862 4932
9863 1415
9864 6600
9865 1977
9866 4934
9867 4587
9868 4936
9869 209
9870 7662
9871 1
9872 4944
9873 3297
9874 4938
9875 2075
9876 6588
9877 2005
9878 5398
9879 3543
9880 6424
9881 281
9882 6642
9883 1
9884 5660
9885 4621
9886 4944
9887 1
9888 6624
9889 1489
9890 6194
9891 4275
9892 4948
9893 773
9894 6822
9895 1983
9896 4952
9897 3301
9898 5698
9899 539
9900 7500
9901 1
9902 4952
9903 3303
9904 4960
9905 3137
9906 6882
9907 1
9908 4956
9909 3321
9910 5950
9911 1591
9912 7128
9913 453
9914 4958
9915 4635
9916 5164
9917 257
9918 6894
9919 2143
9920 6080
9921 3309
9922 5522
9923 1
9924 6620
9925 2005
9926 5678
9927 3315
9928 5320
9929 1
9930 7290
9931 1
9932 5372
9933 4893
9934 4968
9935 1991
9936 6768
9937 541
9938 4970
9939 3315
9940 6580
9941 1
9942 6630
9943 223
9944 5464
9945 5337
9946 4974
9947 1715
9948 6636
9949 1
9950 5990
9951 3591
9952 4992
9953 305
9954 7146
9955 2755
9956 5276
9957 3321
9958 5374
9959 455
9960 7336
9961 1429
9962 5290
9963 3483
9964 5180
9965 1997
9966 6966
9967 1
9968 5744
9969 3325
9970 5986
9971 923
9972 6660
9973 1
9974 4988
9975 5655
9976 5272
9977 917
9978 6654
9979 603
9980 5996
9981 3333
9982 6022
9983 215
9984 6912
9985 2001
9986 4994
9987 3331
9988 5468
9989 1433
9990 7398
9991 199
9992 5000
9993 3333
9994 5278
9995 2003
9996 7308
9997 781
9998 5000
9999 3999
10000 6000







