1 1
2 3
3 7
4 11
5 21
6 21
7 43
8 43
9 61
10 63
11 111
12 77
13 157
14 129
15 147
16 171
17 273
18 183
19 343
20 231
21 301
22 333
23 507
24 301
25 521
26 471
27 547
28 473
29 813
30 441
31 931
32 683
33 777
34 819
35 903
36 671
37 1333
38 1029
39 1099
40 903
41 1641
42 903
43 1807
44 1221
45 1281
46 1521
47 2163
48 1197
49 2101
50 1563
51 1911
52 1727
53 2757
54 1641
55 2331
56 1849
57 2401
58 2439
59 3423
60 1617
61 3661
62 2793
63 2623
64 2731
65 3297
66 2331
67 4423
68 3003
69 3549
70 2709
71 4971
72 2623
73 5257
74 3999
75 3647
76 3773
77 4773
78 3297
79 6163
80 3591
81 4921
82 4923
83 6807
84 3311
85 5733
86 5421
87 5691
88 4773
89 7833
90 3843
91 6751
92 5577
93 6517
94 6489
95 7203
96 4781
97 9313
98 6303
99 6771
100 5731
101 10101
102 5733
103 10507
104 6751
105 6321
106 8271
107 11343
108 6017
109 11773
110 6993
111 9331
112 7353
113 12657
114 7203
115 10647
116 8943
117 9577
118 10269
119 11739
120 6321
121 13421
122 10983
123 11487
124 10241
125 13021
126 7869
127 16003
128 10923
129 12649
130 9891
131 17031
132 8547
133 14749
134 13269
135 11487
136 11739
137 18633
138 10647
139 19183
140 9933
141 15141
142 14913
143 17427
144 10431
145 17073
146 15771
147 14707
148 14663
149 22053
150 10941
151 22651
152 14749
153 16653
154 14319
155 19551
156 12089
157 24493
158 18489
159 19299
160 14343
161 21801
162 14763
163 26407
164 18051
165 16317
166 20421
167 27723
168 12943
169 26521
170 17199
171 20923
172 19877
173 29757
174 17073
175 22403
176 18981
177 23961
178 23499
179 31863
180 14091
181 32581
182 20253
183 25627
184 21801
185 27993
186 19551
187 30303
188 23793
189 23521
190 21609
191 36291
192 19117
193 37057
194 27939
195 23079
196 23111
197 38613
198 20313
199 39403
200 22403
201 30961
202 30303
203 34959
204 21021
205 34461
206 31521
207 30927
208 26847
209 38073
210 18963
211 44311
212 30327
213 34797
214 34029
215 37947
216 23521
217 40033
218 35319
219 36799
220 25641
221 42861
222 27993
223 49507
224 29369
225 31781
226 37971
227 51303
228 26411
229 52213
230 31941
231 33411
232 34959
233 54057
234 28731
235 45423
236 37653
237 43141
238 35217
239 56883
240 25137
241 57841
242 40263
243 44287
244 40271
245 44121
246 34461
247 53851
248 40033
249 47649
250 39063
251 62751
252 28853
253 56277
254 48009
255 40131
256 43691
257 65793
258 37947
259 57319
260 36267
261 49593
262 51093
263 68907
264 33411
265 57897
266 44247
267 54831
268 48653
269 72093
270 34461
271 73171
272 46683
273 47257
274 55899
275 57831
276 39039
277 76453
278 57549
279 56791
280 38829
281 78681
282 45423
283 79807
284 54681
285 50421
286 52281
287 70563
288 41663
289 78881
290 51219
291 65191
292 57827
293 85557
294 44121
295 71883
296 57319
297 60717
298 66159
299 79599
300 40117
301 77701
302 67953
303 70707
304 58653
305 76881
306 49959
307 93943
308 52503
309 73549
310 58653
311 96411
312 47257
313 97657
314 73479
315 55083
316 67793
317 100173
318 57897
319 90243
320 57351
321 79401
322 65403
323 93639
324 54131
325 81797
326 79221
327 82411
328 70563
329 93009
330 48951
331 109231
332 74877
333 81313
334 83169
335 92883
336 51471
337 113233
338 79563
339 88599
340 63063
341 103341
342 62769
343 102943
344 77701
345 74529
346 89271
347 120063
348 62601
349 121453
350 67209
351 85879
352 75813
353 124257
354 71883
355 104391
356 86163
357 82173
358 95589
359 128523
360 55083
361 123805
362 97743
363 93947
364 74261
365 110397
366 76881
367 134323
368 86697
369 100101
370 83979
371 118551
372 71687
373 138757
374 90909
375 91147
376 93009
377 127641
378 70563
379 143263
380 79233
381 112021
382 108873
383 146307
384 76461
385 100233
386 111171
387 110227
388 102443
389 150933
390 69237
391 138411
392 90343
393 119217
394 115839
395 129423
396 74481
397 157213
398 118209
399 103243
400 89091
401 160401
402 92883
403 146167
404 111111
405 103341
406 104877
407 147963
408 82173
409 166873
410 103383
411 130431
412 115577
413 147189
414 92781
415 142947
416 107231
417 134281
418 114219
419 175143
420 69531
421 176821
422 132933
423 131943
424 118551
425 142233
426 104391
427 157423
428 124773
429 121989
430 113841
431 185331
432 93537
433 187057
434 120099
435 119511
436 129503
437 173901
438 110397
439 192283
440 100233
441 128161
442 128583
443 195807
444 102641
445 164493
446 148521
447 154371
448 117433
449 201153
450 95343
451 182151
452 139227
453 158557
454 153909
455 141771
456 103243
457 208393
458 156639
459 149331
460 117117
461 212061
462 100233
463 213907
464 139023
465 136857
466 162171
467 217623
468 105347
469 190189
470 136269
471 171451
472 147189
473 200577
474 129423
475 178703
476 129129
477 168177
478 170649
479 228963
480 100401
481 209281
482 173523
483 152607
484 147631
485 195573
486 132861
487 236683
488 157423
489 184849
490 132363
491 240591
492 126357
493 221949
494 161553
495 142191
496 159201
497 213753
498 142947
499 248503
500 143231
501 194061
502 188253
503 252507
504 112789
505 212121
506 168831
507 185647
508 176033
509 258573
510 120393
511 226051
512 174763
513 187621
514 197379
515 220647
516 139139
517 240093
518 171957
519 208299
520 141771
521 270921
522 148779
523 273007
524 187341
525 156821
526 206721
527 254163
528 132867
529 268181
530 173691
531 208803
532 162239
533 257637
534 164493
535 238203
536 190189
537 223041
538 216279
539 233211
540 126357
541 292141
542 219513
543 228067
544 186459
545 247233
546 141771
547 298663
548 204963
549 223321
550 173493
551 278859
552 152607
553 265009
554 229359
555 195951
556 211013
557 309693
558 170373
559 283699
560 154413
561 212121
562 236043
563 316407
564 166551
565 265797
566 239421
567 211603
568 213753
569 323193
570 151263
571 325471
572 191697
573 254037
574 211689
575 264147
576 166591
577 332353
578 236643
579 259399
580 187803
581 292701
582 195573
583 306027
584 226051
585 201117
586 256671
587 343983
588 161777
589 319333
590 215649
591 270291
592 227943
593 351057
594 182151
595 246519
596 242583
597 275821
598 238797
599 358203
600 156821
601 360601
602 233103
603 269803
604 249161
605 281841
606 212121
607 367843
608 234269
609 244713
610 230643
611 339591
612 183183
613 375157
614 281829
615 241227
616 205239
617 380073
618 220647
619 382543
620 215061
621 277329
622 289233
623 336819
624 187929
625 325521
626 292971
627 266511
628 269423
629 363909
630 165249
631 397531
632 265009
633 310177
634 300519
635 336063
636 212289
637 329857
638 270729
639 303231
640 229383
641 410241
642 238203
643 412807
644 239811
645 265629
646 280917
647 417963
648 211603
649 379953
650 245391
651 280231
652 290477
653 425757
654 247233
655 357651
656 280611
657 320677
658 279027
659 433623
660 179487
661 436261
662 327693
663 300027
664 292701
665 309729
666 243939
667 412191
668 304953
669 346549
670 278649
671 406371
672 205583
673 452257
674 339699
675 284987
676 291731
677 457653
678 265797
679 400459
680 246519
681 359121
682 310023
683 465807
684 230153
685 391293
686 308829
687 365491
688 308997
689 432849
690 223587
691 476791
692 327327
693 291153
694 360189
695 402843
696 244713
697 447993
698 364359
699 378399
700 246433
701 490701
702 257637
703 457219
704 303141
705 317961
706 372771
707 434343
708 263571
709 501973
710 313173
711 375943
712 336819
713 472017
714 246519
715 365967
716 350493
717 398181
718 385569
719 516243
720 219051
721 451801
722 371415
723 404887
724 358391
725 423573
726 281841
727 527803
728 290293
729 398581
730 331191
731 493311
732 281897
733 536557
734 402969
735 308847
736 346281
737 490953
738 300303
739 545383
740 307923
741 376957
742 355653
743 551307
744 280231
745 463113
746 416271
747 415227
748 333333
749 487749
750 273441
751 563251
752 369873
753 439257
754 382923
755 475671
756 258731
757 572293
758 429789
759 393939
760 309729
761 578361
762 336063
763 506239
764 399201
765 349713
766 438921
767 537411
768 305837
769 590593
770 300699
771 460551
772 407627
773 596757
774 330681
775 485051
776 400459
777 401233
778 452799
779 562863
780 253869
781 551781
782 415233
783 444711
784 359271
785 514353
786 357651
787 618583
788 424743
789 482349
790 388269
791 544251
792 291153
793 574777
794 471639
795 405279
796 433433
797 634413
798 309729
799 590499
800 355843
801 477813
802 481203
803 583527
804 340571
805 457821
806 438501
807 504651
808 434343
809 653673
810 310023
811 656911
812 384549
813 512197
814 443889
815 554547
816 326781
817 619801
818 500619
819 411811
820 379071
821 673221
822 391293
823 676507
824 451801
825 404817
826 441567
827 683103
828 340197
829 686413
830 428841
831 535171
832 428767
833 573573
834 402843
835 582183
836 418803
837 509257
838 525429
839 703083
840 271803
841 683705
842 530463
843 550767
844 487421
845 556941
846 395829
847 577103
848 471447
849 558649
850 426699
851 675831
852 382767
853 726757
854 472269
855 439383
856 487749
857 733593
858 365967
859 737023
860 417417
861 493941
862 555993
863 743907
864 373601
865 624897
866 561171
867 552167
868 440363
869 684093
870 358533
871 694411
872 506239
873 568093
874 521703
875 559903
876 404789
877 768253
878 576849
879 598899
880 398601
881 775281
882 384483
883 778807
884 471471
885 503181
886 587421
887 785883
888 401233
889 688129
890 493479
891 546231
892 544577
893 741909
894 463113
895 669123
896 469689
897 557193
898 603459
899 756903
900 349591
901 752661
902 546453
903 543907
904 544251
905 684201
906 475671
907 821743
908 564333
909 616161
910 425313
911 829011
912 410571
913 755577
914 625179
915 538167
916 574343
917 732333
918 447993
919 843643
920 457821
921 657601
922 636183
923 780447
924 367521
925 694493
926 641721
927 640927
928 555279
929 862113
930 410571
931 720643
932 594627
933 674877
934 652869
935 636363
936 411811
937 877033
938 570567
939 683599
940 499653
941 884541
942 514353
943 831987
944 585333
945 493941
946 601731
947 895863
948 474551
949 825349
950 536109
951 701211
952 504777
953 907257
954 504531
955 762111
956 625713
957 631701
958 686889
959 801219
960 401457
961 894661
962 627843
963 691923
964 636251
965 778197
966 457821
967 934123
968 577103
969 655473
970 586719
971 941871
972 487157
973 824869
974 710049
975 572579
976 626031
977 953553
978 554547
979 869463
980 485331
981 718153
982 721773
983 965307
984 493941
985 810873
986 665847
987 651063
988 592361
989 916149
990 426573
991 981091
992 635873
993 764617
994 641259
995 827463
996 524139
997 993013
998 745509
999 729151
1000 559903







