1 0
2 0
3 0
4 0
5 0
6 1
7 1
8 0
9 1
10 0
11 0
12 1
13 1
14 0
15 1
16 0
17 1
18 0
19 2
20 1
21 0
22 1
23 0
24 0
25 0
26 1
27 0
28 1
29 0
30 2
31 1
32 0
33 1
34 1
35 1
36 0
37 2
38 0
39 0
40 0
41 0
42 1
43 1
44 0
45 0
46 0
47 0
48 1
49 1
50 1
51 1
52 0
53 1
54 0
55 0
56 1
57 0
58 1
59 0
60 0
61 1
62 1
63 1
64 0
65 2
66 0
67 1
68 1
69 1
70 1
71 1
72 1
73 0
74 0
75 1
76 0
77 0
78 1
79 1
80 0
81 0
82 0
83 0
84 1
85 1
86 2
87 1
88 0
89 1
90 1
91 2
92 1
93 0
94 1
95 0
96 1
97 1
98 1
99 0
100 0
101 0
102 0
103 1
104 1
105 1
106 1
107 1
108 0
109 0
110 2
111 0
112 0
113 0
114 1
115 1
116 0
117 1
118 0
119 0
120 1
121 0
122 0
123 1
124 2
125 0
126 2
127 2
128 0
129 0
130 1
131 0
132 2
133 1
134 1
135 0
136 1
137 0
138 0
139 1
140 1
141 1
142 1
143 1
144 0
145 0
146 0
147 0
148 0
149 0
150 0
151 1
152 2
153 2
154 0
155 0
156 1
157 1
158 0
159 1
160 1
161 1
162 1
163 2
164 1
165 0
166 1
167 0
168 0
169 1
170 1
171 1
172 1
173 0
174 0
175 0
176 1
177 1
178 1
179 1
180 1
181 0
182 2
183 2
184 0
185 0
186 1
187 1
188 0
189 1
190 0
191 0
192 0
193 1
194 0
195 1
196 0
197 1
198 1
199 0
200 0
201 2
202 1
203 2
204 0
205 1
206 1
207 0
208 1
209 2
210 2
211 1
212 1
213 1
214 1
215 1
216 0
217 2
218 2
219 2
220 0
221 0
222 1
223 1
224 1
225 0
226 0
227 0
228 1
229 1
230 0
231 1
232 0
233 1
234 0
235 0
236 1
237 0
238 1
239 0
240 2
241 1
242 0
243 1
244 1
245 0
246 2
247 1
248 1
249 1
250 0
251 1
252 0
253 0
254 2
255 0
256 0
257 0
258 1
259 1
260 0
261 0
262 0
263 0
264 1
265 1
266 0
267 1
268 0
269 1
270 0
271 2
272 1
273 2
274 1
275 1
276 0
277 1
278 1
279 1
280 1
281 0
282 2
283 1
284 1
285 1
286 1
287 1
288 0
289 1
290 0
291 0
292 0
293 0
294 1
295 1
296 2
297 0
298 0
299 0
300 0
301 1
302 0
303 1
304 0
305 1
306 1
307 0
308 1
309 2
310 1
311 0
312 0
313 1
314 1
315 0
316 1
317 0
318 0
319 1
320 0
321 1
322 1
323 1
324 1
325 1
326 0
327 0
328 0
329 0
330 1
331 1
332 0
333 1
334 0
335 2
336 1
337 1
338 0
339 1
340 0
341 1
342 2
343 0
344 1
345 2
346 1
347 0
348 2
349 1
350 0
351 1
352 0
353 0
354 0
355 1
356 1
357 1
358 1
359 1
360 0
361 0
362 0
363 1
364 0
365 0
366 1
367 1
368 0
369 0
370 2
371 0
372 1
373 1
374 0
375 0
376 0
377 1
378 0
379 2
380 1
381 0
382 1
383 0
384 1
385 1
386 1
387 1
388 1
389 0
390 2
391 1
392 1
393 1
394 1
395 1
396 1
397 2
398 0
399 2
400 1
401 0
402 1
403 1
404 0
405 1
406 0
407 2
408 1
409 1
410 0
411 1
412 0
413 1
414 1
415 0
416 0
417 0
418 1
419 0
420 2
421 1
422 1
423 0
424 1
425 1
426 0
427 1
428 1
429 1
430 1
431 1
432 0
433 2
434 0
435 2
436 2
437 0
438 1
439 1
440 0
441 1
442 0
443 0
444 1
445 1
446 2
447 1
448 1
449 1
450 1
451 0
452 1
453 2
454 1
455 0
456 0
457 1
458 1
459 1
460 1
461 0
462 2
463 1
464 1
465 1
466 1
467 1
468 2
469 2
470 0
471 0
472 0
473 0
474 1
475 0
476 0
477 2
478 0
479 0
480 0
481 1
482 0
483 1
484 1
485 1
486 0
487 0
488 1
489 0
490 1
491 0
492 0
493 1
494 1
495 1
496 1
497 2
498 2
499 1
500 0
501 1
502 1
503 1
504 1
505 0
506 2
507 0
508 0
509 0
510 1
511 1
512 0
513 2
514 0
515 0
516 1
517 1
518 0
519 1
520 2
521 1
522 1
523 2
524 1
525 1
526 1
527 0
528 0
529 0
530 1
531 0
532 1
533 0
534 0
535 1
536 1
537 1
538 1
539 1
540 1
541 0
542 0
543 0
544 1
545 0
546 1
547 1
548 0
549 1
550 1
551 0
552 1
553 1
554 2
555 1
556 0
557 1
558 0
559 2
560 1
561 0
562 1
563 0
564 0
565 1
566 1
567 0
568 1
569 0
570 0
571 1
572 1
573 1
574 1
575 0
576 1
577 0
578 1
579 2
580 0
581 2
582 1
583 1
584 0
585 0
586 0
587 0
588 1
589 1
590 2
591 1
592 0
593 1
594 1
595 0
596 1
597 0
598 1
599 0
600 1
601 1
602 1
603 1
604 1
605 1
606 0
607 1
608 0
609 1
610 1
611 1
612 1
613 0
614 2
615 2
616 0
617 0
618 1
619 1
620 0
621 0
622 0
623 0
624 1
625 0
626 0
627 1
628 2
629 1
630 1
631 2
632 1
633 0
634 1
635 2
636 0
637 1
638 1
639 2
640 0
641 0
642 0
643 1
644 1
645 1
646 1
647 1
648 0
649 0
650 1
651 2
652 0
653 0
654 1
655 1
656 0
657 3
658 2
659 0
660 1
661 1
662 0
663 1
664 0
665 1
666 0
667 0
668 1
669 0
670 1
671 2
672 1
673 1
674 1
675 0
676 1
677 0
678 0
679 1
680 1
681 1
682 1
683 1
684 0
685 0
686 0
687 0
688 2
689 0
690 1
691 1
692 0
693 0
694 0
695 0
696 1
697 1
698 0
699 1
700 1
701 1
702 1
703 0
704 0
705 0
706 1
707 0
708 0
709 1
710 1
711 1
712 1
713 2
714 2
715 1
716 1
717 1
718 1
719 1
720 1
721 2
722 0
723 0
724 0
725 1
726 0
727 1
728 2
729 0
730 2
731 0
732 1
733 1
734 0
735 1
736 1
737 1
738 1
739 0
740 1
741 0
742 1
743 0
744 0
745 1
746 1
747 0
748 1
749 0
750 1
751 1
752 1
753 1
754 1
755 1
756 1
757 0
758 0
759 0
760 0
761 0
762 1
763 1
764 0
765 1
766 0
767 0
768 1
769 1
770 0
771 1
772 0
773 1
774 0
775 1
776 1
777 0
778 1
779 0
780 0
781 1
782 1
783 0
784 1
785 0
786 2
787 1
788 1
789 1
790 1
791 1
792 0
793 2
794 2
795 0
796 0
797 0
798 1
799 1
800 0
801 0
802 0
803 0
804 1
805 1
806 0
807 1
808 0
809 1
810 2
811 0
812 1
813 2
814 1
815 0
816 0
817 1
818 1
819 1
820 1
821 0
822 0
823 1
824 1
825 2
826 1
827 1
828 1
829 2
830 0
831 0
832 1
833 0
834 1
835 1
836 0
837 1
838 0
839 0
840 1
841 0
842 0
843 1
844 0
845 1
846 1
847 1
848 1
849 0
850 0
851 2
852 0
853 1
854 3
855 2
856 1
857 0
858 0
859 1
860 1
861 1
862 1
863 1
864 0
865 0
866 2
867 1
868 0
869 0
870 1
871 1
872 0
873 1
874 2
875 1
876 1
877 1
878 0
879 1
880 2
881 1
882 0
883 2
884 1
885 2
886 1
887 0
888 0
889 1
890 1
891 1
892 1
893 0
894 0
895 1
896 0
897 1
898 1
899 1
900 1
901 2
902 0
903 2
904 0
905 2
906 1
907 1
908 0
909 0
910 0
911 0
912 1
913 1
914 0
915 1
916 2
917 1
918 1
919 2
920 1
921 0
922 1
923 0
924 2
925 0
926 1
927 1
928 0
929 0
930 2
931 1
932 1
933 1
934 1
935 1
936 1
937 2
938 0
939 0
940 2
941 0
942 1
943 1
944 0
945 1
946 2
947 0
948 1
949 1
950 1
951 1
952 0
953 1
954 1
955 0
956 1
957 2
958 1
959 0
960 1
961 1
962 1
963 0
964 1
965 0
966 2
967 1
968 0
969 1
970 1
971 1
972 0
973 2
974 0
975 1
976 0
977 0
978 1
979 1
980 0
981 1
982 0
983 0
984 1
985 1
986 0
987 1
988 2
989 1
990 0
991 0
992 2
993 0
994 1
995 2
996 0
997 1
998 1
999 2
1000 0
1001 2
1002 0
1003 1
1004 1
1005 1
1006 1
1007 1
1008 2
1009 0
1010 0
1011 0
1012 0
1013 0
1014 1
1015 1
1016 2
1017 0
1018 0
1019 0
1020 3
1021 1
1022 2
1023 1
1024 0
1025 0
1026 0
1027 2
1028 1
1029 0
1030 1
1031 0
1032 0
1033 1
1034 1
1035 1
1036 1
1037 0
1038 2
1039 1
1040 1
1041 1
1042 1
1043 1
1044 1
1045 0
1046 0
1047 0
1048 0
1049 0
1050 0
1051 1
1052 0
1053 0
1054 0
1055 2
1056 2
1057 1
1058 1
1059 1
1060 0
1061 1
1062 1
1063 2
1064 1
1065 0
1066 1
1067 0
1068 0
1069 1
1070 1
1071 0
1072 1
1073 2
1074 0
1075 0
1076 1
1077 1
1078 1
1079 1
1080 0
1081 0
1082 0
1083 0
1084 0
1085 0
1086 1
1087 1
1088 1
1089 0
1090 0
1091 0
1092 1
1093 1
1094 0
1095 1
1096 0
1097 1
1098 0
1099 2
1100 0
1101 2
1102 1
1103 0
1104 0
1105 1
1106 1
1107 0
1108 1
1109 0
1110 0
1111 1
1112 1
1113 1
1114 1
1115 1
1116 0
1117 0
1118 0
1119 0
1120 1
1121 0
1122 3
1123 1
1124 0
1125 1
1126 0
1127 0
1128 1
1129 1
1130 2
1131 1
1132 2
1133 1
1134 1
1135 0
1136 1
1137 0
1138 1
1139 0
1140 2
1141 1
1142 1
1143 1
1144 1
1145 0
1146 0
1147 1
1148 1
1149 1
1150 2
1151 1
1152 0
1153 0
1154 0
1155 2
1156 1
1157 0
1158 1
1159 1
1160 0
1161 1
1162 0
1163 0
1164 1
1165 1
1166 0
1167 1
1168 0
1169 1
1170 1
1171 2
1172 1
1173 0
1174 1
1175 1
1176 0
1177 1
1178 1
1179 0
1180 1
1181 0
1182 0
1183 1
1184 0
1185 1
1186 1
1187 1
1188 0
1189 0
1190 2
1191 0
1192 0
1193 0
1194 1
1195 1
1196 0
1197 1
1198 0
1199 0
1200 0
1201 1
1202 2
1203 1
1204 0
1205 1
1206 2
1207 0
1208 1
1209 2
1210 0
1211 0
1212 0
1213 1
1214 1
1215 0
1216 2
1217 0
1218 0
1219 1
1220 1
1221 1
1222 1
1223 1
1224 2
1225 1
1226 0
1227 0
1228 2
1229 0
1230 1
1231 1
1232 0
1233 0
1234 0
1235 0
1236 1
1237 1
1238 0
1239 1
1240 0
1241 3
1242 0
1243 0
1244 1
1245 0
1246 1
1247 0
1248 1
1249 1
1250 0
1251 1
1252 1
1253 0
1254 2
1255 1
1256 1
1257 1
1258 1
1259 1
1260 1
1261 2
1262 0
1263 0
1264 0
1265 2
1266 1
1267 3
1268 0
1269 0
1270 2
1271 0
1272 1
1273 1
1274 0
1275 0
1276 0
1277 1
1278 1
1279 0
1280 1
1281 0
1282 1
1283 0
1284 0
1285 1
1286 1
1287 0
1288 1
1289 0
1290 2
1291 1
1292 1
1293 1
1294 1
1295 1
1296 1
1297 0
1298 0
1299 0
1300 1
1301 0
1302 1
1303 1
1304 2
1305 1
1306 0
1307 0
1308 1
1309 1
1310 0
1311 1
1312 1
1313 1
1314 0
1315 0
1316 1
1317 2
1318 1
1319 0
1320 0
1321 1
1322 1
1323 1
1324 1
1325 1
1326 0
1327 1
1328 1
1329 1
1330 3
1331 0
1332 2
1333 0
1334 0
1335 0
1336 0
1337 0
1338 1
1339 3
1340 0
1341 0
1342 0
1343 2
1344 0
1345 1
1346 0
1347 1
1348 0
1349 1
1350 1
1351 0
1352 1
1353 2
1354 1
1355 0
1356 2
1357 1
1358 1
1359 1
1360 1
1361 0
1362 2
1363 1
1364 1
1365 1
1366 1
1367 1
1368 1
1369 0
1370 2
1371 0
1372 0
1373 0
1374 1
1375 0
1376 1
1377 1
1378 2
1379 2
1380 1
1381 1
1382 0
1383 1
1384 0
1385 1
1386 1
1387 2
1388 1
1389 0
1390 1
1391 0
1392 0
1393 1
1394 1
1395 2
1396 1
1397 0
1398 0
1399 1
1400 0
1401 1
1402 1
1403 1
1404 0
1405 0
1406 2
1407 0
1408 1
1409 0
1410 1
1411 1
1412 0
1413 1
1414 0
1415 0
1416 1
1417 1
1418 0
1419 1
1420 0
1421 1
1422 0
1423 0
1424 1
1425 1
1426 3
1427 0
1428 2
1429 1
1430 1
1431 1
1432 1
1433 0
1434 0
1435 1
1436 1
1437 1
1438 1
1439 1
1440 1
1441 0
1442 0
1443 2
1444 0
1445 1
1446 1
1447 1
1448 0
1449 0
1450 1
1451 0
1452 0
1453 1
1454 2
1455 1
1456 2
1457 1
1458 0
1459 2
1460 1
1461 0
1462 1
1463 2
1464 2
1465 1
1466 1
1467 1
1468 1
1469 0
1470 0
1471 1
1472 0
1473 1
1474 1
1475 0
1476 1
1477 0
1478 2
1479 0
1480 0
1481 0
1482 3
1483 1
1484 0
1485 0
1486 0
1487 0
1488 1
1489 1
1490 2
1491 1
1492 0
1493 1
1494 1
1495 0
1496 1
1497 2
1498 1
1499 0
1500 1
1501 1
1502 1
1503 0
1504 0
1505 2
1506 0
1507 1
1508 1
1509 1
1510 1
1511 1
1512 1
1513 2
1514 0
1515 2
1516 0
1517 0
1518 1
1519 1
1520 0
1521 1
1522 0
1523 0
1524 1
1525 0
1526 0
1527 1
1528 0
1529 1
1530 0
1531 2
1532 1
1533 2
1534 1
1535 0
1536 0
1537 1
1538 1
1539 0
1540 1
1541 0
1542 0
1543 1
1544 1
1545 1
1546 1
1547 1
1548 0
1549 0
1550 1
1551 2
1552 0
1553 0
1554 3
1555 1
1556 0
1557 0
1558 0
1559 0
1560 1
1561 1
1562 0
1563 1
1564 0
1565 1
1566 1
1567 2
1568 0
1569 2
1570 1
1571 0
1572 0
1573 0
1574 1
1575 0
1576 1
1577 2
1578 0
1579 1
1580 1
1581 1
1582 1
1583 1
1584 1
1585 0
1586 0
1587 1
1588 2
1589 0
1590 1
1591 1
1592 0
1593 0
1594 0
1595 2
1596 1
1597 1
1598 0
1599 1
1600 0
1601 1
1602 1
1603 2
1604 1
1605 2
1606 1
1607 0
1608 2
1609 1
1610 1
1611 2
1612 1
1613 0
1614 0
1615 1
1616 1
1617 1
1618 1
1619 1
1620 0
1621 2
1622 2
1623 0
1624 2
1625 1
1626 1
1627 1
1628 0
1629 1
1630 0
1631 0
1632 0
1633 1
1634 0
1635 1
1636 0
1637 1
1638 0
1639 0
1640 1
1641 0
1642 1
1643 0
1644 2
1645 1
1646 1
1647 1
1648 1
1649 0
1650 1
1651 1
1652 1
1653 1
1654 1
1655 1
1656 0
1657 2
1658 0
1659 0
1660 0
1661 0
1662 1
1663 1
1664 1
1665 2
1666 0
1667 0
1668 1
1669 1
1670 0
1671 1
1672 2
1673 1
1674 1
1675 1
1676 1
1677 0
1678 1
1679 0
1680 2
1681 0
1682 0
1683 1
1684 1
1685 2
1686 0
1687 1
1688 1
1689 1
1690 1
1691 1
1692 1
1693 0
1694 1
1695 0
1696 1
1697 0
1698 1
1699 1
1700 1
1701 1
1702 0
1703 2
1704 1
1705 1
1706 0
1707 1
1708 0
1709 1
1710 1
1711 0
1712 1
1713 0
1714 1
1715 0
1716 0
1717 1
1718 1
1719 0
1720 1
1721 0
1722 2
1723 1
1724 1
1725 0
1726 1
1727 1
1728 0
1729 2
1730 0
1731 0
1732 0
1733 0
1734 0
1735 1
1736 2
1737 1
1738 0
1739 2
1740 1
1741 1
1742 2
1743 1
1744 2
1745 1
1746 0
1747 0
1748 1
1749 0
1750 0
1751 0
1752 2
1753 1
1754 1
1755 2
1756 1
1757 2
1758 0
1759 1
1760 0
1761 1
1762 1
1763 1
1764 0
1765 0
1766 0
1767 0
1768 0
1769 0
1770 1
1771 1
1772 0
1773 2
1774 0
1775 1
1776 1
1777 1
1778 0
1779 1
1780 0
1781 1
1782 0
1783 0
1784 1
1785 2
1786 1
1787 0
1788 0
1789 1
1790 1
1791 1
1792 1
1793 0
1794 2
1795 1
1796 1
1797 1
1798 3
1799 1
1800 0
1801 2
1802 0
1803 0
1804 2
1805 0
1806 1
1807 1
1808 0
1809 1
1810 0
1811 0
1812 1
1813 1
1814 0
1815 2
1816 0
1817 1
1818 1
1819 0
1820 1
1821 0
1822 1
1823 0
1824 1
1825 0
1826 1
1827 0
1828 1
1829 0
1830 0
1831 1
1832 1
1833 1
1834 1
1835 1
1836 1
1837 0
1838 0
1839 2
1840 0
1841 0
1842 1
1843 1
1844 0
1845 1
1846 0
1847 0
1848 1
1849 1
1850 1
1851 1
1852 0
1853 3
1854 2
1855 0
1856 0
1857 2
1858 1
1859 0
1860 0
1861 1
1862 1
1863 1
1864 1
1865 0
1866 2
1867 1
1868 1
1869 1
1870 1
1871 1
1872 0
1873 0
1874 0
1875 1
1876 2
1877 0
1878 1
1879 1
1880 0
1881 0
1882 0
1883 0
1884 1
1885 1
1886 0
1887 1
1888 1
1889 1
1890 1
1891 2
1892 3
1893 0
1894 1
1895 2
1896 0
1897 1
1898 1
1899 1
1900 0
1901 0
1902 0
1903 1
1904 1
1905 1
1906 1
1907 1
1908 1
1909 0
1910 0
1911 0
1912 0
1913 0
1914 1
1915 1
1916 0
1917 1
1918 0
1919 0
1920 2
1921 1
1922 0
1923 1
1924 0
1925 2
1926 1
1927 0
1928 1
1929 0
1930 1
1931 0
1932 0
1933 1
1934 1
1935 0
1936 0
1937 0
1938 0
1939 1
1940 1
1941 1
1942 1
1943 1
1944 1
1945 0
1946 2
1947 2
1948 0
1949 0
1950 0
1951 1
1952 1
1953 1
1954 0
1955 2
1956 1
1957 1
1958 2
1959 1
1960 0
1961 1
1962 0
1963 0
1964 1
1965 0
1966 1
1967 2
1968 2
1969 1
1970 1
1971 0
1972 1
1973 0
1974 0
1975 0
1976 1
1977 1
1978 1
1979 1
1980 2
1981 2
1982 0
1983 2
1984 1
1985 0
1986 1
1987 1
1988 2
1989 0
1990 0
1991 0
1992 1
1993 1
1994 2
1995 1
1996 2
1997 1
1998 0
1999 0
2000 0
2001 2
2002 1
2003 0
2004 2
2005 1
2006 1
2007 1
2008 1
2009 2
2010 0
2011 1
2012 1
2013 1
2014 1
2015 3
2016 0
2017 0
2018 0
2019 0
2020 0
2021 2
2022 1
2023 0
2024 0
2025 1
2026 0
2027 0
2028 1
2029 1
2030 0
2031 1
2032 2
2033 1
2034 1
2035 0
2036 1
2037 0
2038 1
2039 0
2040 0
2041 1
2042 1
2043 0
2044 1
2045 2
2046 2
2047 1
2048 0
2049 1
2050 2
2051 1
2052 0
2053 0
2054 0
2055 0
2056 0
2057 1
2058 1
2059 1
2060 2
2061 1
2062 0
2063 0
2064 1
2065 1
2066 0
2067 1
2068 0
2069 1
2070 2
2071 2
2072 1
2073 0
2074 1
2075 1
2076 0
2077 1
2078 1
2079 0
2080 0
2081 0
2082 0
2083 1
2084 1
2085 1
2086 1
2087 1
2088 0
2089 2
2090 0
2091 2
2092 0
2093 2
2094 1
2095 1
2096 0
2097 2
2098 0
2099 0
2100 2
2101 1
2102 2
2103 1
2104 0
2105 1
2106 1
2107 2
2108 1
2109 0
2110 1
2111 0
2112 1
2113 1
2114 1
2115 1
2116 0
2117 0
2118 0
2119 1
2120 1
2121 1
2122 1
2123 1
2124 1
2125 1
2126 0
2127 0
2128 0
2129 0
2130 1
2131 1
2132 0
2133 1
2134 0
2135 2
2136 1
2137 1
2138 2
2139 1
2140 0
2141 1
2142 1
2143 0
2144 0
2145 0
2146 1
2147 2
2148 0
2149 1
2150 0
2151 0
2152 1
2153 0
2154 2
2155 1
2156 1
2157 1
2158 1
2159 1
2160 0
2161 0
2162 2
2163 0
2164 0
2165 0
2166 1
2167 1
2168 2
2169 1
2170 2
2171 0
2172 1
2173 1
2174 0
2175 0
2176 1
2177 1
2178 1
2179 0
2180 1
2181 2
2182 1
2183 0
2184 2
2185 1
2186 1
2187 0
2188 1
2189 2
2190 0
2191 1
2192 1
2193 1
2194 1
2195 1
2196 2
2197 0
2198 2
2199 0
2200 1
2201 0
2202 1
2203 1
2204 0
2205 2
2206 0
2207 0
2208 0
2209 0
2210 0
2211 1
2212 0
2213 1
2214 0
2215 0
2216 1
2217 0
2218 1
2219 0
2220 0
2221 1
2222 1
2223 1
2224 1
2225 1
2226 0
2227 1
2228 1
2229 1
2230 1
2231 1
2232 1
2233 0
2234 0
2235 0
2236 0
2237 0
2238 1
2239 1
2240 1
2241 0
2242 0
2243 0
2244 1
2245 1
2246 0
2247 1
2248 0
2249 1
2250 0
2251 0
2252 1
2253 0
2254 1
2255 2
2256 2
2257 1
2258 1
2259 2
2260 1
2261 2
2262 2
2263 1
2264 1
2265 1
2266 1
2267 1
2268 1
2269 2
2270 0
2271 2
2272 1
2273 0
2274 1
2275 0
2276 0
2277 1
2278 0
2279 0
2280 1
2281 1
2282 2
2283 1
2284 0
2285 1
2286 0
2287 0
2288 1
2289 2
2290 1
2291 0
2292 0
2293 1
2294 1
2295 1
2296 1
2297 0
2298 2
2299 0
2300 0
2301 1
2302 1
2303 1
2304 0
2305 0
2306 0
2307 0
2308 0
2309 0
2310 3
2311 1
2312 1
2313 0
2314 0
2315 0
2316 1
2317 1
2318 0
2319 1
2320 0
2321 1
2322 2
2323 0
2324 1
2325 1
2326 1
2327 0
2328 0
2329 1
2330 1
2331 1
2332 1
2333 0
2334 0
2335 1
2336 0
2337 1
2338 1
2339 1
2340 1
2341 0
2342 0
2343 2
2344 0
2345 0
2346 3
2347 1
2348 0
2349 1
2350 1
2351 0
2352 1
2353 1
2354 0
2355 1
2356 0
2357 1
2358 1
2359 2
2360 1
2361 2
2362 1
2363 0
2364 0
2365 1
2366 1
2367 0
2368 2
2369 0
2370 0
2371 1
2372 1
2373 1
2374 1
2375 2
2376 0
2377 0
2378 0
2379 0
2380 0
2381 0
2382 1
2383 1
2384 0
2385 1
2386 0
2387 0
2388 1
2389 1
2390 2
2391 1
2392 0
2393 1
2394 0
2395 0
2396 1
2397 0
2398 1
2399 0
2400 0
2401 1
2402 1
2403 1
2404 1
2405 0
2406 2
2407 1
2408 1
2409 1
2410 1
2411 1
2412 0
2413 2
2414 2
2415 0
2416 0
2417 0
2418 1
2419 1
2420 1
2421 2
2422 2
2423 0
2424 1
2425 0
2426 0
2427 1
2428 0
2429 1
2430 1
2431 0
2432 0
2433 0
2434 1
2435 2
2436 0
2437 1
2438 1
2439 1
2440 1
2441 0
2442 2
2443 1
2444 1
2445 1
2446 1
2447 1
2448 1
2449 0
2450 1
2451 2
2452 0
2453 0
2454 1
2455 1
2456 0
2457 2
2458 0
2459 0
2460 1
2461 1
2462 0
2463 1
2464 1
2465 1
2466 1
2467 0
2468 1
2469 0
2470 1
2471 0
2472 2
2473 1
2474 1
2475 1
2476 1
2477 0
2478 0
2479 1
2480 1
2481 1
2482 1
2483 1
2484 1
2485 2
2486 0
2487 0
2488 0
2489 0
2490 1
2491 1
2492 0
2493 1
2494 0
2495 0
2496 0
2497 1
2498 0
2499 1
2500 1
2501 1
2502 0
2503 0
2504 1
2505 0
2506 1
2507 2
2508 0
2509 1
2510 1
2511 0
2512 1
2513 0
2514 0
2515 1
2516 1
2517 1
2518 1
2519 1
2520 0
2521 0
2522 0
2523 1
2524 0
2525 1
2526 1
2527 1
2528 1
2529 0
2530 0
2531 0
2532 1
2533 1
2534 0
2535 1
2536 0
2537 1
2538 1
2539 2
2540 1
2541 1
2542 1
2543 0
2544 0
2545 1
2546 1
2547 1
2548 1
2549 0
2550 1
2551 1
2552 1
2553 1
2554 1
2555 1
2556 1
2557 2
2558 0
2559 0
2560 0
2561 0
2562 1
2563 1
2564 0
2565 0
2566 0
2567 0
2568 1
2569 1
2570 2
2571 1
2572 2
2573 1
2574 3
2575 1
2576 1
2577 0
2578 1
2579 0
2580 0
2581 1
2582 1
2583 0
2584 1
2585 2
2586 0
2587 1
2588 1
2589 1
2590 1
2591 1
2592 1
2593 0
2594 0
2595 0
2596 0
2597 0
2598 1
2599 1
2600 1
2601 0
2602 0
2603 0
2604 1
2605 1
2606 0
2607 1
2608 0
2609 1
2610 2
2611 2
2612 1
2613 0
2614 1
2615 0
2616 0
2617 1
2618 1
2619 1
2620 1
2621 0
2622 0
2623 1
2624 0
2625 0
2626 1
2627 1
2628 0
2629 0
2630 2
2631 0
2632 0
2633 0
2634 1
2635 1
2636 0
2637 0
2638 0
2639 2
2640 1
2641 1
2642 0
2643 1
2644 0
2645 0
2646 1
2647 2
2648 1
2649 0
2650 0
2651 0
2652 2
2653 1
2654 1
2655 1
2656 0
2657 0
2658 2
2659 1
2660 1
2661 1
2662 0
2663 1
2664 1
2665 0
2666 2
2667 0
2668 0
2669 0
2670 1
2671 1
2672 0
2673 0
2674 2
2675 1
2676 1
2677 1
2678 0
2679 1
2680 2
2681 1
2682 1
2683 0
2684 1
2685 2
2686 1
2687 0
2688 1
2689 1
2690 1
2691 0
2692 1
2693 0
2694 2
2695 1
2696 1
2697 1
2698 1
2699 1
2700 0
2701 0
2702 0
2703 0
2704 0
2705 0
2706 1
2707 1
2708 0
2709 1
2710 2
2711 0
2712 1
2713 1
2714 0
2715 1
2716 2
2717 1
2718 0
2719 0
2720 0
2721 0
2722 1
2723 0
2724 0
2725 0
2726 1
2727 0
2728 1
2729 0
2730 2
2731 1
2732 1
2733 1
2734 1
2735 1
2736 2
2737 0
2738 0
2739 0
2740 0
2741 0
2742 1
2743 1
2744 0
2745 2
2746 0
2747 0
2748 1
2749 1
2750 1
2751 1
2752 1
2753 1
2754 0
2755 2
2756 1
2757 2
2758 1
2759 2
2760 2
2761 1
2762 1
2763 3
2764 1
2765 2
2766 0
2767 1
2768 1
2769 1
2770 1
2771 3
2772 1
2773 0
2774 2
2775 1
2776 0
2777 0
2778 1
2779 1
2780 2
2781 1
2782 0
2783 1
2784 2
2785 1
2786 0
2787 1
2788 2
2789 1
2790 1
2791 2
2792 1
2793 2
2794 1
2795 0
2796 0
2797 1
2798 1
2799 0
2800 0
2801 0
2802 0
2803 1
2804 1
2805 3
2806 1
2807 1
2808 1
2809 1
2810 0
2811 0
2812 0
2813 0
2814 1
2815 1
2816 0
2817 1
2818 0
2819 0
2820 1
2821 1
2822 0
2823 1
2824 0
2825 0
2826 0
2827 0
2828 1
2829 0
2830 1
2831 0
2832 0
2833 1
2834 1
2835 1
2836 1
2837 0
2838 0
2839 1
2840 1
2841 1
2842 1
2843 1
2844 0
2845 0
2846 0
2847 0
2848 1
2849 0
2850 2
2851 1
2852 0
2853 0
2854 0
2855 0
2856 1
2857 1
2858 0
2859 1
2860 0
2861 1
2862 1
2863 2
2864 1
2865 0
2866 1
2867 0
2868 2
2869 3
2870 1
2871 1
2872 1
2873 0
2874 0
2875 0
2876 1
2877 1
2878 1
2879 1
2880 0
2881 0
2882 0
2883 0
2884 0
2885 0
2886 1
2887 1
2888 0
2889 1
2890 1
2891 0
2892 1
2893 1
2894 0
2895 1
2896 0
2897 1
2898 1
2899 2
2900 2
2901 0
2902 1
2903 0
2904 1
2905 1
2906 1
2907 2
2908 1
2909 0
2910 0
2911 1
2912 0
2913 1
2914 3
2915 1
2916 0
2917 0
2918 2
2919 0
2920 0
2921 0
2922 1
2923 1
2924 0
2925 0
2926 2
2927 0
2928 1
2929 1
2930 0
2931 1
2932 2
2933 1
2934 0
2935 0
2936 1
2937 0
2938 1
2939 0
2940 0
2941 1
2942 1
2943 0
2944 0
2945 2
2946 0
2947 3
2948 1
2949 1
2950 0
2951 1
2952 0
2953 0
2954 0
2955 2
2956 2
2957 0
2958 1
2959 1
2960 2
2961 2
2962 0
2963 0
2964 1
2965 1
2966 0
2967 1
2968 0
2969 1
2970 2
2971 0
2972 1
2973 2
2974 1
2975 1
2976 1
2977 3
2978 1
2979 1
2980 1
2981 0
2982 0
2983 1
2984 1
2985 1
2986 1
2987 1
2988 1
2989 0
2990 2
2991 2
2992 0
2993 0
2994 1
2995 1
2996 0
2997 0
2998 0
2999 0
3000 0
3001 1
3002 0
3003 1
3004 0
3005 1
3006 1
3007 0
3008 0
3009 2
3010 1
3011 0
3012 0
3013 1
3014 1
3015 2
3016 1
3017 0
3018 2
3019 1
3020 1
3021 1
3022 1
3023 1
3024 0
3025 0
3026 0
3027 0
3028 0
3029 2
3030 1
3031 1
3032 2
3033 1
3034 2
3035 0
3036 3
3037 1
3038 0
3039 1
3040 1
3041 1
3042 0
3043 2
3044 1
3045 0
3046 1
3047 0
3048 0
3049 1
3050 0
3051 0
3052 1
3053 0
3054 2
3055 1
3056 1
3057 1
3058 1
3059 1
3060 0
3061 0
3062 0
3063 2
3064 0
3065 0
3066 1
3067 1
3068 2
3069 0
3070 0
3071 0
3072 1
3073 1
3074 0
3075 0
3076 0
3077 1
3078 1
3079 0
3080 1
3081 0
3082 1
3083 0
3084 2
3085 1
3086 1
3087 1
3088 1
3089 0
3090 2
3091 1
3092 1
3093 1
3094 1
3095 1
3096 1
3097 0
3098 0
3099 0
3100 1
3101 0
3102 1
3103 1
3104 1
3105 1
3106 0
3107 2
3108 1
3109 1
3110 2
3111 1
3112 0
3113 1
3114 1
3115 0
3116 1
3117 0
3118 1
3119 0
3120 2
3121 1
3122 1
3123 0
3124 1
3125 0
3126 0
3127 1
3128 1
3129 1
3130 1
3131 1
3132 0
3133 0
3134 0
3135 0
3136 1
3137 0
3138 1
3139 1
3140 0
3141 1
3142 0
3143 2
3144 1
3145 1
3146 1
3147 1
3148 0
3149 1
3150 1
3151 0
3152 1
3153 0
3154 1
3155 2
3156 0
3157 1
3158 1
3159 1
3160 1
3161 0
3162 2
3163 1
3164 1
3165 1
3166 1
3167 1
3168 1
3169 2
3170 0
3171 0
3172 0
3173 0
3174 0
3175 0
3176 2
3177 0
3178 0
3179 1
3180 1
3181 1
3182 0
3183 1
3184 0
3185 1
3186 0
3187 0
3188 1
3189 0
3190 1
3191 0
3192 2
3193 1
3194 1
3195 1
3196 1
3197 2
3198 2
3199 1
3200 1
3201 1
3202 1
3203 1
3204 1
3205 0
3206 0
3207 0
3208 0
3209 0
3210 1
3211 1
3212 0
3213 0
3214 0
3215 2
3216 1
3217 1
3218 0
3219 1
3220 2
3221 1
3222 1
3223 0
3224 1
3225 1
3226 1
3227 0
3228 0
3229 1
3230 1
3231 2
3232 0
3233 2
3234 2
3235 1
3236 1
3237 1
3238 1
3239 1
3240 1
3241 2
3242 0
3243 2
3244 0
3245 0
3246 1
3247 1
3248 0
3249 1
3250 1
3251 0
3252 1
3253 1
3254 2
3255 1
3256 2
3257 1
3258 0
3259 0
3260 1
3261 0
3262 1
3263 0
3264 1
3265 1
3266 1
3267 0
3268 1
3269 0
3270 0
3271 1
3272 1
3273 1
3274 1
3275 0
3276 0
3277 0
3278 2
3279 2
3280 0
3281 0
3282 1
3283 1
3284 0
3285 0
3286 0
3287 0
3288 1
3289 1
3290 0
3291 1
3292 0
3293 1
3294 0
3295 0
3296 0
3297 0
3298 1
3299 0
3300 1
3301 1
3302 1
3303 1
3304 1
3305 0
3306 2
3307 1
3308 1
3309 1
3310 1
3311 1
3312 1
3313 2
3314 2
3315 2
3316 0
3317 0
3318 1
3319 1
3320 0
3321 1
3322 0
3323 0
3324 1
3325 2
3326 0
3327 1
3328 0
3329 1
3330 1
3331 0
3332 1
3333 0
3334 1
3335 0
3336 0
3337 1
3338 1
3339 0
3340 1
3341 0
3342 0
3343 1
3344 1
3345 1
3346 1
3347 1
3348 2
3349 2
3350 1
3351 2
3352 0
3353 0
3354 1
3355 1
3356 0
3357 1
3358 2
3359 0
3360 2
3361 1
3362 1
3363 1
3364 1
3365 1
3366 0
3367 2
3368 1
3369 0
3370 1
3371 0
3372 2
3373 1
3374 1
3375 0
3376 1
3377 0
3378 0
3379 1
3380 1
3381 1
3382 1
3383 3
3384 0
3385 0
3386 0
3387 0
3388 1
3389 0
3390 1
3391 1
3392 1
3393 0
3394 0
3395 0
3396 1
3397 1
3398 0
3399 1
3400 1
3401 1
3402 2
3403 0
3404 1
3405 0
3406 1
3407 0
3408 0
3409 1
3410 1
3411 1
3412 1
3413 0
3414 0
3415 1
3416 1
3417 1
3418 1
3419 1
3420 1
3421 0
3422 2
3423 0
3424 1
3425 1
3426 1
3427 1
3428 0
3429 2
3430 0
3431 0
3432 1
3433 1
3434 0
3435 1
3436 0
3437 1
3438 1
3439 2
3440 1
3441 0
3442 1
3443 0
3444 2
3445 3
3446 1
3447 0
3448 1
3449 0
3450 1
3451 1
3452 1
3453 1
3454 1
3455 1
3456 0
3457 2
3458 2
3459 0
3460 2
3461 0
3462 1
3463 1
3464 2
3465 3
3466 0
3467 0
3468 0
3469 1
3470 0
3471 1
3472 0
3473 1
3474 2
3475 1
3476 1
3477 0
3478 1
3479 0
3480 2
3481 0
3482 1
3483 0
3484 1
3485 0
3486 2
3487 1
3488 2
3489 1
3490 1
3491 1
3492 0
3493 0
3494 0
3495 0
3496 0
3497 0
3498 1
3499 1
3500 1
3501 0
3502 0
3503 0
3504 1
3505 1
3506 2
3507 1
3508 0
3509 0
3510 1
3511 0
3512 1
3513 0
3514 1
3515 0
3516 0
3517 1
3518 1
3519 1
3520 0
3521 2
3522 0
3523 1
3524 1
3525 0
3526 3
3527 1
3528 1
3529 0
3530 2
3531 0
3532 0
3533 0
3534 1
3535 1
3536 0
3537 0
3538 0
3539 0
3540 1
3541 1
3542 2
3543 1
3544 0
3545 1
3546 1
3547 2
3548 1
3549 2
3550 0
3551 0
3552 1
3553 1
3554 1
3555 0
3556 1
3557 0
3558 0
3559 1
3560 1
3561 1
3562 1
3563 1
3564 2
3565 0
3566 0
3567 0
3568 2
3569 0
3570 1
3571 1
3572 0
3573 1
3574 0
3575 1
3576 1
3577 1
3578 0
3579 1
3580 0
3581 1
3582 2
3583 0
3584 1
3585 2
3586 1
3587 0
3588 0
3589 1
3590 1
3591 1
3592 1
3593 0
3594 0
3595 1
3596 1
3597 1
3598 1
3599 1
3600 1
3601 0
3602 2
3603 0
3604 0
3605 2
3606 1
3607 1
3608 0
3609 0
3610 0
3611 2
3612 1
3613 1
3614 0
3615 1
3616 1
3617 1
3618 1
3619 0
3620 1
3621 0
3622 1
3623 0
3624 2
3625 0
3626 1
3627 1
3628 1
3629 2
3630 1
3631 1
3632 1
3633 1
3634 1
3635 1
3636 1
3637 0
3638 0
3639 0
3640 0
3641 0
3642 1
3643 1
3644 0
3645 0
3646 0
3647 0
3648 0
3649 1
3650 1
3651 1
3652 2
3653 1
3654 1
3655 0
3656 1
3657 2
3658 1
3659 0
3660 2
3661 1
3662 1
3663 0
3664 1
3665 0
3666 2
3667 1
3668 1
3669 1
3670 1
3671 1
3672 1
3673 0
3674 2
3675 1
3676 0
3677 0
3678 1
3679 1
3680 1
3681 1
3682 0
3683 0
3684 1
3685 1
3686 0
3687 1
3688 0
3689 1
3690 0
3691 2
3692 1
3693 0
3694 1
3695 2
3696 2
3697 1
3698 1
3699 0
3700 0
3701 0
3702 2
3703 0
3704 1
3705 1
3706 1
3707 1
3708 0
3709 2
3710 0
3711 0
3712 1
3713 0
3714 1
3715 1
3716 0
3717 0
3718 2
3719 0
3720 1
3721 1
3722 0
3723 1
3724 2
3725 0
3726 0
3727 0
3728 1
3729 0
3730 1
3731 2
3732 0
3733 1
3734 1
3735 1
3736 1
3737 2
3738 0
3739 1
3740 1
3741 1
3742 1
3743 1
3744 2
3745 0
3746 0
3747 2
3748 0
3749 0
3750 2
3751 0
3752 2
3753 1
3754 0
3755 0
3756 1
3757 0
3758 0
3759 1
3760 0
3761 1
3762 1
3763 0
3764 1
3765 0
3766 1
3767 0
3768 0
3769 1
3770 1
3771 0
3772 1
3773 0
3774 2
3775 0
3776 0
3777 1
3778 1
3779 1
3780 1
3781 2
3782 2
3783 0
3784 0
3785 0
3786 1
3787 1
3788 0
3789 1
3790 0
3791 0
3792 1
3793 1
3794 2
3795 1
3796 2
3797 1
3798 0
3799 0
3800 0
3801 0
3802 1
3803 0
3804 0
3805 1
3806 1
3807 1
3808 0
3809 0
3810 0
3811 1
3812 1
3813 1
3814 1
3815 1
3816 2
3817 0
3818 0
3819 0
3820 0
3821 0
3822 1
3823 1
3824 0
3825 1
3826 0
3827 0
3828 1
3829 1
3830 0
3831 1
3832 0
3833 1
3834 1
3835 0
3836 1
3837 0
3838 1
3839 2
3840 0
3841 1
3842 1
3843 1
3844 1
3845 2
3846 0
3847 1
3848 1
3849 1
3850 2
3851 1
3852 1
3853 0
3854 0
3855 0
3856 0
3857 0
3858 1
3859 1
3860 0
3861 1
3862 0
3863 0
3864 1
3865 1
3866 2
3867 1
3868 0
3869 1
3870 1
3871 0
3872 1
3873 0
3874 1
3875 1
3876 2
3877 1
3878 1
3879 0
3880 1
3881 0
3882 2
3883 1
3884 1
3885 1
3886 1
3887 1
3888 0
3889 0
3890 0
3891 0
3892 0
3893 0
3894 3
3895 1
3896 0
3897 1
3898 0
3899 0
3900 2
3901 1
3902 0
3903 1
3904 1
3905 1
3906 2
3907 2
3908 1
3909 0
3910 1
3911 0
3912 0
3913 3
3914 1
3915 0
3916 1
3917 0
3918 0
3919 1
3920 1
3921 1
3922 1
3923 1
3924 0
3925 1
3926 2
3927 0
3928 0
3929 0
3930 1
3931 1
3932 0
3933 0
3934 0
3935 0
3936 0
3937 1
3938 0
3939 1
3940 2
3941 1
3942 0
3943 2
3944 1
3945 2
3946 1
3947 0
3948 0
3949 1
3950 2
3951 1
3952 1
3953 2
3954 0
3955 1
3956 1
3957 1
3958 1
3959 1
3960 1
3961 2
3962 0
3963 2
3964 0
3965 0
3966 1
3967 1
3968 1
3969 0
3970 0
3971 2
3972 1
3973 1
3974 0
3975 0
3976 2
3977 1
3978 1
3979 0
3980 1
3981 0
3982 1
3983 0
3984 2
3985 1
3986 1
3987 0
3988 1
3989 0
3990 2
3991 1
3992 1
3993 0
3994 1
3995 1
3996 0
3997 2
3998 2
3999 2
4000 0
4001 0
4002 3
4003 1
4004 0
4005 1
4006 0
4007 0
4008 1
4009 1
4010 0
4011 1
4012 0
4013 1
4014 0
4015 0
4016 1
4017 2
4018 1
4019 0
4020 0
4021 1
4022 1
4023 0
4024 1
4025 1
4026 0
4027 1
4028 1
4029 1
4030 1
4031 1
4032 1
4033 2
4034 2
4035 0
4036 0
4037 0
4038 1
4039 1
4040 0
4041 0
4042 0
4043 0
4044 1
4045 1
4046 1
4047 1
4048 2
4049 1
4050 0
4051 0
4052 1
4053 0
4054 1
4055 0
4056 0
4057 1
4058 1
4059 1
4060 1
4061 0
4062 0
4063 1
4064 0
4065 1
4066 1
4067 1
4068 1
4069 2
4070 0
4071 0
4072 0
4073 0
4074 1
4075 2
4076 0
4077 1
4078 0
4079 0
4080 1
4081 1
4082 0
4083 1
4084 0
4085 1
4086 1
4087 0
4088 1
4089 0
4090 1
4091 0
4092 0
4093 1
4094 1
4095 2
4096 0
4097 2
4098 2
4099 1
4100 0
4101 1
4102 1
4103 1
4104 2
4105 0
4106 0
4107 0
4108 2
4109 0
4110 1
4111 1
4112 0
4113 1
4114 1
4115 2
4116 1
4117 1
4118 0
4119 1
4120 0
4121 1
4122 0
4123 2
4124 1
4125 1
4126 1
4127 0
4128 1
4129 1
4130 1
4131 2
4132 1
4133 0
4134 2
4135 1
4136 1
4137 1
4138 1
4139 1
4140 0
4141 0
4142 2
4143 0
4144 0
4145 0
4146 1
4147 1
4148 0
4149 0
4150 1
4151 0
4152 1
4153 1
4154 0
4155 1
4156 0
4157 1
4158 0
4159 0
4160 2
4161 0
4162 1
4163 0
4164 2
4165 1
4166 1
4167 1
4168 1
4169 0
4170 0
4171 1
4172 1
4173 1
4174 1
4175 0
4176 1
4177 2
4178 2
4179 2
4180 0
4181 0
4182 1
4183 1
4184 2
4185 0
4186 0
4187 0
4188 1
4189 1
4190 0
4191 1
4192 1
4193 1
4194 1
4195 0
4196 1
4197 0
4198 1
4199 0
4200 1
4201 1
4202 1
4203 0
4204 1
4205 1
4206 0
4207 1
4208 1
4209 3
4210 1
4211 1
4212 1
4213 0
4214 0
4215 0
4216 0
4217 0
4218 1
4219 1
4220 0
4221 1
4222 0
4223 0
4224 0
4225 0
4226 2
4227 1
4228 0
4229 1
4230 2
4231 2
4232 0
4233 2
4234 1
4235 1
4236 2
4237 1
4238 1
4239 1
4240 1
4241 0
4242 0
4243 1
4244 1
4245 1
4246 1
4247 1
4248 0
4249 0
4250 1
4251 0
4252 0
4253 0
4254 1
4255 1
4256 1
4257 0
4258 0
4259 0
4260 1
4261 1
4262 0
4263 1
4264 0
4265 1
4266 0
4267 0
4268 1
4269 0
4270 1
4271 0
4272 0
4273 1
4274 1
4275 0
4276 1
4277 0
4278 0
4279 1
4280 1
4281 1
4282 1
4283 1
4284 1
4285 0
4286 2
4287 0
4288 1
4289 0
4290 3
4291 1
4292 0
4293 1
4294 0
4295 0
4296 1
4297 1
4298 0
4299 1
4300 1
4301 1
4302 1
4303 2
4304 1
4305 2
4306 1
4307 0
4308 0
4309 1
4310 1
4311 0
4312 1
4313 2
4314 2
4315 1
4316 1
4317 1
4318 1
4319 1
4320 1
4321 0
4322 0
4323 2
4324 0
4325 1
4326 1
4327 1
4328 0
4329 1
4330 0
4331 0
4332 1
4333 1
4334 0
4335 0
4336 0
4337 1
4338 2
4339 0
4340 1
4341 0
4342 1
4343 0
4344 0
4345 1
4346 1
4347 1
4348 1
4349 0
4350 1
4351 1
4352 1
4353 1
4354 1
4355 1
4356 1
4357 0
4358 0
4359 0
4360 0
4361 0
4362 3
4363 1
4364 0
4365 0
4366 0
4367 0
4368 1
4369 1
4370 2
4371 1
4372 0
4373 1
4374 1
4375 1
4376 1
4377 0
4378 1
4379 0
4380 0
4381 1
4382 1
4383 1
4384 0
4385 0
4386 0
4387 1
4388 1
4389 1
4390 1
4391 1
4392 1
4393 0
4394 0
4395 0
4396 2
4397 0
4398 1
4399 1
4400 1
4401 2
4402 0
4403 0
4404 1
4405 1
4406 0
4407 1
4408 0
4409 1
4410 1
4411 0
4412 1
4413 0
4414 1
4415 0
4416 1
4417 1
4418 0
4419 0
4420 1
4421 0
4422 2
4423 1
4424 1
4425 0
4426 1
4427 1
4428 1
4429 2
4430 0
4431 0
4432 2
4433 0
4434 1
4435 1
4436 0
4437 1
4438 2
4439 2
4440 1
4441 1
4442 0
4443 1
4444 0
4445 1
4446 0
4447 2
4448 0
4449 0
4450 0
4451 0
4452 2
4453 1
4454 1
4455 0
4456 1
4457 0
4458 0
4459 1
4460 1
4461 1
4462 1
4463 1
4464 0
4465 2
4466 2
4467 0
4468 0
4469 0
4470 1
4471 1
4472 2
4473 2
4474 0
4475 1
4476 1
4477 0
4478 0
4479 1
4480 1
4481 1
4482 1
4483 0
4484 1
4485 0
4486 1
4487 0
4488 0
4489 1
4490 1
4491 1
4492 1
4493 0
4494 2
4495 1
4496 1
4497 1
4498 1
4499 1
4500 0
4501 2
4502 2
4503 0
4504 0
4505 2
4506 1
4507 1
4508 0
4509 0
4510 2
4511 0
4512 0
4513 1
4514 2
4515 1
4516 0
4517 1
4518 1
4519 0
4520 1
4521 0
4522 1
4523 0
4524 2
4525 0
4526 1
4527 2
4528 1
4529 0
4530 0
4531 1
4532 1
4533 1
4534 1
4535 1
4536 0
4537 2
4538 0
4539 2
4540 2
4541 2
4542 1
4543 1
4544 1
4545 1
4546 0
4547 0
4548 1
4549 1
4550 1
4551 1
4552 0
4553 1
4554 0
4555 0
4556 1
4557 0
4558 1
4559 2
4560 0
4561 1
4562 1
4563 1
4564 1
4565 2
4566 0
4567 1
4568 1
4569 1
4570 1
4571 1
4572 0
4573 2
4574 0
4575 1
4576 1
4577 0
4578 1
4579 1
4580 0
4581 0
4582 0
4583 0
4584 1
4585 1
4586 0
4587 1
4588 0
4589 1
4590 1
4591 0
4592 1
4593 2
4594 1
4595 0
4596 0
4597 1
4598 0
4599 1
4600 0
4601 2
4602 2
4603 1
4604 1
4605 1
4606 1
4607 1
4608 1
4609 0
4610 0
4611 2
4612 0
4613 2
4614 1
4615 1
4616 0
4617 1
4618 0
4619 0
4620 1
4621 1
4622 0
4623 1
4624 1
4625 2
4626 1
4627 2
4628 1
4629 2
4630 1
4631 0
4632 2
4633 1
4634 1
4635 0
4636 1
4637 0
4638 2
4639 1
4640 0
4641 1
4642 1
4643 1
4644 1
4645 0
4646 0
4647 2
4648 2
4649 0
4650 2
4651 1
4652 0
4653 1
4654 0
4655 0
4656 1
4657 1
4658 0
4659 1
4660 0
4661 1
4662 2
4663 0
4664 1
4665 0
4666 1
4667 2
4668 0
4669 1
4670 1
4671 0
4672 0
4673 0
4674 2
4675 0
4676 1
4677 1
4678 1
4679 1
4680 0
4681 2
4682 2
4683 0
4684 0
4685 0
4686 1
4687 1
4688 0
4689 2
4690 0
4691 0
4692 1
4693 1
4694 0
4695 1
4696 0
4697 1
4698 0
4699 2
4700 0
4701 0
4702 1
4703 0
4704 1
4705 1
4706 3
4707 1
4708 1
4709 0
4710 2
4711 3
4712 1
4713 1
4714 1
4715 1
4716 1
4717 0
4718 0
4719 1
4720 2
4721 0
4722 1
4723 1
4724 0
4725 0
4726 0
4727 0
4728 1
4729 1
4730 0
4731 1
4732 0
4733 1
4734 1
4735 0
4736 0
4737 0
4738 1
4739 0
4740 2
4741 1
4742 1
4743 0
4744 1
4745 2
4746 0
4747 1
4748 1
4749 1
4750 0
4751 1
4752 1
4753 0
4754 0
4755 2
4756 0
4757 0
4758 1
4759 1
4760 0
4761 0
4762 0
4763 0
4764 1
4765 1
4766 0
4767 1
4768 1
4769 1
4770 0
4771 0
4772 1
4773 0
4774 1
4775 1
4776 0
4777 1
4778 1
4779 1
4780 1
4781 0
4782 0
4783 1
4784 1
4785 1
4786 1
4787 1
4788 2
4789 0
4790 0
4791 0
4792 0
4793 0
4794 1
4795 1
4796 0
4797 0
4798 0
4799 0
4800 1
4801 1
4802 0
4803 1
4804 0
4805 1
4806 1
4807 0
4808 1
4809 0
4810 1
4811 0
4812 0
4813 1
4814 1
4815 1
4816 1
4817 0
4818 0
4819 1
4820 1
4821 1
4822 1
4823 1
4824 1
4825 1
4826 2
4827 0
4828 2
4829 0
4830 3
4831 1
4832 1
4833 1
4834 0
4835 0
4836 1
4837 1
4838 0
4839 1
4840 1
4841 1
4842 1
4843 0
4844 1
4845 2
4846 1
4847 0
4848 0
4849 1
4850 0
4851 0
4852 1
4853 2
4854 0
4855 1
4856 1
4857 1
4858 1
4859 1
4860 1
4861 0
4862 0
4863 2
4864 0
4865 0
4866 1
4867 1
4868 0
4869 1
4870 0
4871 0
4872 1
4873 1
4874 0
4875 0
4876 0
4877 1
4878 0
4879 0
4880 1
4881 0
4882 1
4883 0
4884 2
4885 1
4886 1
4887 0
4888 1
4889 0
4890 0
4891 1
4892 1
4893 1
4894 1
4895 1
4896 1
4897 0
4898 0
4899 0
4900 1
4901 0
4902 1
4903 1
4904 0
4905 2
4906 0
4907 2
4908 1
4909 1
4910 0
4911 1
4912 2
4913 0
4914 2
4915 0
4916 1
4917 0
4918 1
4919 0
4920 2
4921 3
4922 1
4923 1
4924 1
4925 1
4926 0
4927 1
4928 0
4929 1
4930 3
4931 1
4932 1
4933 2
4934 0
4935 0
4936 0
4937 0
4938 1
4939 1
4940 2
4941 2
4942 0
4943 0
4944 1
4945 1
4946 0
4947 1
4948 0
4949 1
4950 0
4951 2
4952 1
4953 2
4954 1
4955 0
4956 0
4957 1
4958 1
4959 0
4960 0
4961 1
4962 0
4963 1
4964 1
4965 1
4966 1
4967 1
4968 0
4969 0
4970 2
4971 0
4972 0
4973 0
4974 1
4975 2
4976 0
4977 3
4978 0
4979 0
4980 1
4981 1
4982 0
4983 1
4984 0
4985 1
4986 0
4987 0
4988 1
4989 0
4990 1
4991 0
4992 1
4993 1
4994 1
4995 0
4996 1
4997 0
4998 2
4999 1
5000 0
5001 1
5002 1
5003 1
5004 0
5005 0
5006 0
5007 2
5008 0
5009 0
5010 1
5011 1
5012 0
5013 0
5014 2
5015 0
5016 1
5017 1
5018 0
5019 1
5020 2
5021 1
5022 1
5023 0
5024 2
5025 3
5026 1
5027 2
5028 2
5029 1
5030 1
5031 1
5032 1
5033 0
5034 2
5035 1
5036 1
5037 1
5038 1
5039 1
5040 1
5041 1
5042 0
5043 1
5044 0
5045 0
5046 0
5047 1
5048 2
5049 1
5050 1
5051 0
5052 1
5053 3
5054 2
5055 1
5056 1
5057 1
5058 1
5059 2
5060 1
5061 0
5062 1
5063 0
5064 0
5065 1
5066 1
5067 0
5068 1
5069 2
5070 0
5071 1
5072 1
5073 1
5074 3
5075 0
5076 0
5077 2
5078 0
5079 0
5080 2
5081 0
5082 0
5083 1
5084 0
5085 1
5086 0
5087 0
5088 0
5089 1
5090 0
5091 1
5092 0
5093 1
5094 0
5095 0
5096 1
5097 0
5098 1
5099 0
5100 1
5101 1
5102 1
5103 1
5104 1
5105 0
5106 0
5107 1
5108 1
5109 1
5110 1
5111 1
5112 2
5113 0
5114 0
5115 2
5116 0
5117 0
5118 1
5119 1
5120 0
5121 0
5122 0
5123 0
5124 1
5125 0
5126 0
5127 1
5128 0
5129 1
5130 0
5131 2
5132 1
5133 0
5134 1
5135 0
5136 0
5137 1
5138 1
5139 1
5140 1
5141 0
5142 2
5143 1
5144 1
5145 1
5146 1
5147 1
5148 1
5149 0
5150 1
5151 0
5152 1
5153 0
5154 1
5155 1
5156 0
5157 0
5158 0
5159 2
5160 1
5161 1
5162 0
5163 1
5164 0
5165 1
5166 1
5167 2
5168 1
5169 0
5170 1
5171 0
5172 0
5173 1
5174 1
5175 1
5176 1
5177 0
5178 0
5179 1
5180 1
5181 1
5182 1
5183 1
5184 0
5185 0
5186 0
5187 0
5188 0
5189 0
5190 1
5191 1
5192 0
5193 3
5194 0
5195 2
5196 1
5197 1
5198 0
5199 1
5200 1
5201 1
5202 1
5203 1
5204 1
5205 0
5206 1
5207 0
5208 2
5209 1
5210 1
5211 1
5212 1
5213 0
5214 2
5215 1
5216 0
5217 1
5218 1
5219 1
5220 2
5221 0
5222 0
5223 0
5224 0
5225 1
5226 1
5227 1
5228 0
5229 0
5230 0
5231 0
5232 1
5233 1
5234 0
5235 1
5236 2
5237 1
5238 0
5239 0
5240 1
5241 0
5242 1
5243 0
5244 0
5245 1
5246 1
5247 1
5248 0
5249 2
5250 1
5251 1
5252 1
5253 1
5254 1
5255 1
5256 3
5257 2
5258 2
5259 0
5260 0
5261 0
5262 1
5263 3
5264 2
5265 1
5266 0
5267 0
5268 1
5269 1
5270 2
5271 1
5272 0
5273 1
5274 1
5275 1
5276 1
5277 2
5278 1
5279 0
5280 1
5281 1
5282 1
5283 0
5284 1
5285 0
5286 0
5287 1
5288 1
5289 1
5290 0
5291 1
5292 0
5293 2
5294 0
5295 0
5296 0
5297 0
5298 1
5299 1
5300 1
5301 1
5302 2
5303 0
5304 1
5305 1
5306 2
5307 1
5308 2
5309 1
5310 0
5311 0
5312 0
5313 2
5314 1
5315 0
5316 0
5317 1
5318 1
5319 1
5320 1
5321 0
5322 2
5323 1
5324 0
5325 0
5326 1
5327 1
5328 0
5329 0
5330 0
5331 0
5332 2
5333 0
5334 1
5335 1
5336 0
5337 0
5338 0
5339 0
5340 1
5341 1
5342 2
5343 1
5344 1
5345 1
5346 1
5347 0
5348 1
5349 2
5350 0
5351 0
5352 0
5353 1
5354 1
5355 1
5356 1
5357 0
5358 0
5359 1
5360 1
5361 1
5362 1
5363 1
5364 1
5365 0
5366 0
5367 0
5368 2
5369 0
5370 1
5371 1
5372 0
5373 0
5374 0
5375 1
5376 1
5377 1
5378 2
5379 1
5380 2
5381 1
5382 1
5383 2
5384 1
5385 0
5386 1
5387 0
5388 2
5389 1
5390 1
5391 0
5392 1
5393 0
5394 0
5395 3
5396 1
5397 1
5398 1
5399 1
5400 0
5401 0
5402 2
5403 0
5404 2
5405 2
5406 3
5407 1
5408 1
5409 1
5410 0
5411 0
5412 1
5413 1
5414 0
5415 1
5416 0
5417 1
5418 0
5419 2
5420 1
5421 0
5422 1
5423 2
5424 0
5425 2
5426 1
5427 2
5428 1
5429 0
5430 0
5431 1
5432 1
5433 1
5434 1
5435 1
5436 0
5437 0
5438 0
5439 0
5440 1
5441 0
5442 1
5443 1
5444 0
5445 1
5446 0
5447 0
5448 1
5449 1
5450 1
5451 1
5452 2
5453 1
5454 1
5455 0
5456 1
5457 2
5458 1
5459 0
5460 2
5461 1
5462 1
5463 1
5464 1
5465 0
5466 2
5467 1
5468 1
5469 1
5470 1
5471 1
5472 0
5473 2
5474 0
5475 1
5476 0
5477 0
5478 1
5479 1
5480 0
5481 2
5482 0
5483 0
5484 1
5485 1
5486 0
5487 1
5488 0
5489 1
5490 1
5491 1
5492 1
5493 0
5494 1
5495 2
5496 0
5497 1
5498 1
5499 0
5500 0
5501 0
5502 0
5503 1
5504 2
5505 1
5506 1
5507 1
5508 0
5509 2
5510 2
5511 2
5512 0
5513 0
5514 1
5515 1
5516 2
5517 3
5518 2
5519 0
5520 1
5521 1
5522 2
5523 1
5524 0
5525 0
5526 0
5527 0
5528 1
5529 0
5530 1
5531 0
5532 2
5533 1
5534 1
5535 1
5536 0
5537 2
5538 0
5539 1
5540 1
5541 1
5542 1
5543 1
5544 0
5545 0
5546 0
5547 0
5548 0
5549 0
5550 2
5551 1
5552 0
5553 0
5554 0
5555 0
5556 1
5557 1
5558 0
5559 1
5560 0
5561 1
5562 1
5563 2
5564 1
5565 2
5566 0
5567 2
5568 1
5569 1
5570 1
5571 1
5572 1
5573 0
5574 2
5575 0
5576 1
5577 1
5578 1
5579 1
5580 1
5581 2
5582 0
5583 0
5584 0
5585 2
5586 1
5587 1
5588 0
5589 0
5590 0
5591 0
5592 1
5593 1
5594 0
5595 1
5596 2
5597 1
5598 1
5599 0
5600 1
5601 2
5602 1
5603 0
5604 0
5605 1
5606 1
5607 0
5608 1
5609 2
5610 0
5611 1
5612 1
5613 1
5614 1
5615 1
5616 1
5617 0
5618 1
5619 0
5620 0
5621 0
5622 1
5623 1
5624 0
5625 0
5626 2
5627 0
5628 1
5629 1
5630 0
5631 1
5632 0
5633 1
5634 2
5635 2
5636 1
5637 2
5638 1
5639 0
5640 0
5641 1
5642 1
5643 2
5644 1
5645 0
5646 0
5647 1
5648 1
5649 1
5650 0
5651 1
5652 0
5653 0
5654 0
5655 0
5656 0
5657 0
5658 1
5659 1
5660 0
5661 2
5662 0
5663 0
5664 0
5665 1
5666 0
5667 1
5668 0
5669 1
5670 2
5671 2
5672 1
5673 0
5674 1
5675 1
5676 0
5677 3
5678 1
5679 1
5680 1
5681 0
5682 2
5683 1
5684 1
5685 1
5686 1
5687 0
5688 1
5689 2
5690 0
5691 0
5692 2
5693 0
5694 1
5695 1
5696 1
5697 1
5698 0
5699 0
5700 2
5701 1
5702 0
5703 1
5704 2
5705 1
5706 1
5707 2
5708 1
5709 0
5710 1
5711 0
5712 2
5713 1
5714 1
5715 0
5716 1
5717 0
5718 2
5719 1
5720 1
5721 1
5722 1
5723 1
5724 1
5725 1
5726 0
5727 2
5728 1
5729 0
5730 1
5731 1
5732 0
5733 1
5734 0
5735 2
5736 1
5737 1
5738 0
5739 1
5740 0
5741 1
5742 2
5743 0
5744 1
5745 0
5746 1
5747 0
5748 0
5749 1
5750 0
5751 1
5752 1
5753 2
5754 0
5755 1
5756 1
5757 1
5758 1
5759 1
5760 1
5761 2
5762 0
5763 0
5764 0
5765 0
5766 1
5767 1
5768 2
5769 0
5770 0
5771 0
5772 1
5773 1
5774 0
5775 0
5776 0
5777 1
5778 1
5779 0
5780 0
5781 2
5782 1
5783 0
5784 0
5785 1
5786 1
5787 1
5788 1
5789 2
5790 0
5791 1
5792 0
5793 1
5794 1
5795 1
5796 1
5797 0
5798 2
5799 2
5800 1
5801 0
5802 1
5803 1
5804 0
5805 1
5806 0
5807 0
5808 0
5809 1
5810 0
5811 1
5812 0
5813 1
5814 1
5815 0
5816 1
5817 0
5818 1
5819 1
5820 0
5821 1
5822 1
5823 0
5824 2
5825 1
5826 2
5827 1
5828 1
5829 1
5830 1
5831 1
5832 0
5833 2
5834 0
5835 0
5836 0
5837 0
5838 1
5839 1
5840 2
5841 1
5842 0
5843 0
5844 1
5845 1
5846 0
5847 1
5848 0
5849 1
5850 1
5851 2
5852 1
5853 0
5854 1
5855 0
5856 1
5857 1
5858 1
5859 2
5860 1
5861 0
5862 0
5863 1
5864 1
5865 1
5866 1
5867 1
5868 2
5869 0
5870 0
5871 0
5872 0
5873 0
5874 1
5875 0
5876 0
5877 0
5878 0
5879 0
5880 1
5881 1
5882 0
5883 1
5884 0
5885 1
5886 2
5887 1
5888 1
5889 0
5890 1
5891 0
5892 0
5893 1
5894 1
5895 1
5896 1
5897 0
5898 0
5899 1
5900 0
5901 1
5902 1
5903 1
5904 1
5905 0
5906 2
5907 0
5908 2
5909 2
5910 1
5911 1
5912 0
5913 2
5914 0
5915 0
5916 1
5917 1
5918 0
5919 1
5920 1
5921 1
5922 1
5923 0
5924 1
5925 1
5926 1
5927 0
5928 0
5929 0
5930 1
5931 0
5932 1
5933 0
5934 2
5935 1
5936 1
5937 1
5938 1
5939 1
5940 0
5941 2
5942 0
5943 0
5944 0
5945 2
5946 1
5947 1
5948 0
5949 1
5950 1
5951 0
5952 0
5953 1
5954 2
5955 1
5956 0
5957 1
5958 0
5959 0
5960 1
5961 0
5962 1
5963 0
5964 2
5965 1
5966 1
5967 0
5968 1
5969 2
5970 0
5971 1
5972 1
5973 1
5974 1
5975 0
5976 0
5977 2
5978 0
5979 0
5980 2
5981 0
5982 1
5983 1
5984 1
5985 0
5986 2
5987 0
5988 1
5989 1
5990 0
5991 1
5992 0
5993 1
5994 1
5995 2
5996 1
5997 0
5998 1
5999 0
6000 1
6001 1
6002 1
6003 1
6004 1
6005 0
6006 2
6007 1
6008 1
6009 1
6010 1
6011 1
6012 1
6013 2
6014 2
6015 2
6016 1
6017 0
6018 1
6019 1
6020 0
6021 1
6022 0
6023 0
6024 1
6025 2
6026 2
6027 1
6028 0
6029 1
6030 1
6031 0
6032 1
6033 0
6034 1
6035 0
6036 2
6037 1
6038 1
6039 2
6040 1
6041 0
6042 0
6043 1
6044 1
6045 1
6046 1
6047 1
6048 1
6049 0
6050 0
6051 0
6052 0
6053 0
6054 1
6055 1
6056 0
6057 1
6058 0
6059 0
6060 3
6061 1
6062 0
6063 1
6064 0
6065 1
6066 0
6067 2
6068 1
6069 1
6070 1
6071 0
6072 0
6073 1
6074 1
6075 0
6076 1
6077 0
6078 2
6079 1
6080 0
6081 1
6082 1
6083 1
6084 0
6085 0
6086 0
6087 2
6088 0
6089 0
6090 3
6091 1
6092 0
6093 0
6094 0
6095 0
6096 1
6097 1
6098 0
6099 1
6100 1
6101 1
6102 0
6103 2
6104 1
6105 0
6106 1
6107 0
6108 0
6109 1
6110 1
6111 1
6112 0
6113 0
6114 0
6115 1
6116 1
6117 1
6118 1
6119 1
6120 1
6121 0
6122 2
6123 2
6124 0
6125 1
6126 3
6127 1
6128 0
6129 0
6130 2
6131 0
6132 1
6133 1
6134 0
6135 1
6136 0
6137 1
6138 1
6139 0
6140 1
6141 0
6142 1
6143 0
6144 1
6145 1
6146 3
6147 0
6148 1
6149 0
6150 1
6151 1
6152 1
6153 1
6154 1
6155 1
6156 1
6157 0
6158 0
6159 0
6160 0
6161 0
6162 3
6163 1
6164 0
6165 1
6166 0
6167 2
6168 1
6169 1
6170 0
6171 0
6172 0
6173 1
6174 0
6175 1
6176 0
6177 0
6178 1
6179 0
6180 0
6181 3
6182 1
6183 1
6184 1
6185 0
6186 2
6187 1
6188 3
6189 1
6190 1
6191 1
6192 0
6193 0
6194 2
6195 2
6196 0
6197 0
6198 1
6199 1
6200 1
6201 2
6202 2
6203 0
6204 1
6205 1
6206 0
6207 1
6208 1
6209 1
6210 0
6211 2
6212 1
6213 0
6214 1
6215 0
6216 0
6217 1
6218 1
6219 1
6220 1
6221 0
6222 0
6223 1
6224 1
6225 2
6226 1
6227 1
6228 1
6229 2
6230 2
6231 0
6232 0
6233 0
6234 1
6235 1
6236 0
6237 1
6238 0
6239 0
6240 0
6241 1
6242 0
6243 1
6244 2
6245 1
6246 1
6247 2
6248 1
6249 0
6250 1
6251 0
6252 0
6253 1
6254 1
6255 0
6256 1
6257 0
6258 2
6259 1
6260 1
6261 1
6262 1
6263 1
6264 0
6265 0
6266 0
6267 0
6268 0
6269 0
6270 3
6271 1
6272 1
6273 1
6274 0
6275 1
6276 1
6277 1
6278 0
6279 1
6280 0
6281 1
6282 0
6283 0
6284 1
6285 0
6286 1
6287 0
6288 2
6289 1
6290 1
6291 1
6292 2
6293 2
6294 0
6295 1
6296 1
6297 1
6298 1
6299 1
6300 1
6301 0
6302 0
6303 0
6304 1
6305 0
6306 1
6307 1
6308 0
6309 2
6310 0
6311 0
6312 1
6313 1
6314 2
6315 1
6316 2
6317 1
6318 0
6319 0
6320 1
6321 0
6322 1
6323 0
6324 0
6325 0
6326 1
6327 3
6328 1
6329 0
6330 0
6331 1
6332 1
6333 1
6334 1
6335 3
6336 0
6337 0
6338 0
6339 0
6340 2
6341 0
6342 1
6343 1
6344 2
6345 0
6346 0
6347 2
6348 2
6349 1
6350 1
6351 1
6352 2
6353 1
6354 1
6355 2
6356 1
6357 2
6358 0
6359 0
6360 0
6361 1
6362 1
6363 0
6364 1
6365 0
6366 2
6367 1
6368 0
6369 3
6370 1
6371 1
6372 1
6373 0
6374 0
6375 1
6376 0
6377 0
6378 1
6379 1
6380 0
6381 1
6382 0
6383 0
6384 1
6385 1
6386 0
6387 1
6388 0
6389 1
6390 2
6391 0
6392 1
6393 2
6394 1
6395 0
6396 2
6397 1
6398 1
6399 0
6400 0
6401 0
6402 0
6403 1
6404 1
6405 1
6406 1
6407 1
6408 0
6409 0
6410 2
6411 0
6412 0
6413 1
6414 1
6415 1
6416 0
6417 0
6418 0
6419 0
6420 1
6421 1
6422 0
6423 1
6424 0
6425 0
6426 1
6427 0
6428 1
6429 0
6430 1
6431 0
6432 1
6433 1
6434 1
6435 1
6436 1
6437 0
6438 0
6439 1
6440 1
6441 1
6442 1
6443 1
6444 1
6445 0
6446 0
6447 0
6448 0
6449 0
6450 0
6451 1
6452 0
6453 0
6454 0
6455 2
6456 1
6457 1
6458 0
6459 1
6460 2
6461 1
6462 1
6463 0
6464 0
6465 0
6466 1
6467 0
6468 0
6469 1
6470 1
6471 0
6472 1
6473 0
6474 0
6475 0
6476 1
6477 1
6478 1
6479 1
6480 2
6481 2
6482 0
6483 0
6484 0
6485 0
6486 1
6487 3
6488 0
6489 1
6490 2
6491 0
6492 1
6493 1
6494 2
6495 1
6496 1
6497 1
6498 2
6499 2
6500 0
6501 2
6502 1
6503 0
6504 2
6505 1
6506 1
6507 1
6508 1
6509 0
6510 2
6511 1
6512 1
6513 1
6514 1
6515 1
6516 2
6517 2
6518 2
6519 2
6520 0
6521 0
6522 1
6523 1
6524 0
6525 1
6526 0
6527 0
6528 0
6529 1
6530 0
6531 1
6532 0
6533 1
6534 0
6535 0
6536 1
6537 2
6538 1
6539 0
6540 0
6541 1
6542 1
6543 1
6544 1
6545 2
6546 0
6547 1
6548 1
6549 1
6550 0
6551 1
6552 1
6553 0
6554 0
6555 0
6556 0
6557 0
6558 3
6559 1
6560 1
6561 1
6562 0
6563 0
6564 1
6565 1
6566 0
6567 1
6568 0
6569 1
6570 1
6571 2
6572 1
6573 2
6574 1
6575 1
6576 0
6577 1
6578 1
6579 0
6580 1
6581 0
6582 2
6583 1
6584 1
6585 1
6586 1
6587 1
6588 1
6589 0
6590 0
6591 0
6592 1
6593 0
6594 1
6595 1
6596 0
6597 1
6598 0
6599 0
6600 2
6601 1
6602 0
6603 1
6604 0
6605 1
6606 0
6607 2
6608 1
6609 0
6610 1
6611 0
6612 0
6613 1
6614 1
6615 0
6616 1
6617 0
6618 2
6619 1
6620 1
6621 1
6622 1
6623 3
6624 1
6625 1
6626 0
6627 1
6628 0
6629 0
6630 3
6631 1
6632 2
6633 0
6634 0
6635 0
6636 1
6637 1
6638 0
6639 1
6640 0
6641 1
6642 2
6643 2
6644 1
6645 0
6646 1
6647 1
6648 0
6649 1
6650 0
6651 1
6652 1
6653 0
6654 0
6655 0
6656 1
6657 1
6658 1
6659 1
6660 1
6661 0
6662 2
6663 2
6664 0
6665 0
6666 1
6667 1
6668 0
6669 1
6670 2
6671 2
6672 1
6673 1
6674 0
6675 0
6676 0
6677 1
6678 1
6679 2
6680 1
6681 0
6682 1
6683 0
6684 0
6685 1
6686 1
6687 0
6688 0
6689 0
6690 0
6691 1
6692 1
6693 1
6694 1
6695 1
6696 1
6697 2
6698 0
6699 2
6700 1
6701 0
6702 1
6703 1
6704 0
6705 1
6706 0
6707 0
6708 1
6709 1
6710 0
6711 1
6712 0
6713 1
6714 0
6715 2
6716 1
6717 0
6718 1
6719 0
6720 1
6721 1
6722 1
6723 1
6724 0
6725 1
6726 2
6727 1
6728 0
6729 1
6730 1
6731 1
6732 0
6733 0
6734 2
6735 0
6736 0
6737 0
6738 1
6739 1
6740 0
6741 0
6742 0
6743 0
6744 1
6745 1
6746 2
6747 1
6748 0
6749 1
6750 0
6751 2
6752 0
6753 2
6754 1
6755 0
6756 2
6757 1
6758 1
6759 1
6760 1
6761 0
6762 2
6763 1
6764 1
6765 1
6766 1
6767 1
6768 1
6769 2
6770 2
6771 2
6772 0
6773 0
6774 1
6775 0
6776 1
6777 1
6778 0
6779 0
6780 1
6781 1
6782 2
6783 1
6784 1
6785 1
6786 1
6787 0
6788 1
6789 0
6790 3
6791 0
6792 0
6793 1
6794 1
6795 2
6796 1
6797 0
6798 2
6799 1
6800 0
6801 1
6802 1
6803 1
6804 0
6805 0
6806 2
6807 0
6808 2
6809 0
6810 1
6811 1
6812 0
6813 3
6814 0
6815 0
6816 0
6817 1
6818 2
6819 1
6820 2
6821 1
6822 0
6823 2
6824 1
6825 1
6826 1
6827 0
6828 0
6829 1
6830 1
6831 0
6832 3
6833 0
6834 2
6835 1
6836 1
6837 1
6838 1
6839 1
6840 2
6841 0
6842 0
6843 0
6844 0
6845 0
6846 1
6847 1
6848 1
6849 0
6850 1
6851 2
6852 1
6853 1
6854 0
6855 1
6856 0
6857 1
6858 2
6859 0
6860 1
6861 0
6862 1
6863 0
6864 0
6865 1
6866 1
6867 1
6868 1
6869 0
6870 0
6871 1
6872 1
6873 1
6874 1
6875 0
6876 1
6877 1
6878 2
6879 0
6880 1
6881 0
6882 1
6883 1
6884 0
6885 0
6886 2
6887 0
6888 1
6889 0
6890 0
6891 1
6892 0
6893 1
6894 1
6895 0
6896 1
6897 1
6898 1
6899 0
6900 1
6901 1
6902 1
6903 2
6904 1
6905 0
6906 0
6907 1
6908 1
6909 1
6910 3
6911 1
6912 0
6913 0
6914 2
6915 0
6916 0
6917 0
6918 1
6919 1
6920 0
6921 1
6922 0
6923 2
6924 1
6925 0
6926 0
6927 1
6928 2
6929 1
6930 0
6931 0
6932 1
6933 0
6934 1
6935 0
6936 1
6937 1
6938 1
6939 0
6940 1
6941 0
6942 2
6943 1
6944 0
6945 1
6946 1
6947 1
6948 0
6949 0
6950 1
6951 2
6952 0
6953 0
6954 1
6955 1
6956 0
6957 0
6958 2
6959 0
6960 1
6961 1
6962 1
6963 1
6964 0
6965 1
6966 1
6967 0
6968 1
6969 0
6970 1
6971 0
6972 2
6973 1
6974 1
6975 0
6976 0
6977 0
6978 2
6979 1
6980 1
6981 1
6982 1
6983 1
6984 1
6985 0
6986 0
6987 2
6988 0
6989 0
6990 1
6991 1
6992 2
6993 1
6994 0
6995 0
6996 1
6997 1
6998 0
6999 1
7000 1
7001 1
7002 1
7003 0
7004 1
7005 0
7006 1
7007 0
7008 1
7009 1
7010 1
7011 2
7012 1
7013 0
7014 2
7015 1
7016 1
7017 1
7018 2
7019 1
7020 0
7021 0
7022 0
7023 2
7024 0
7025 1
7026 1
7027 1
7028 2
7029 1
7030 0
7031 2
7032 1
7033 1
7034 0
7035 1
7036 0
7037 1
7038 2
7039 0
7040 2
7041 0
7042 1
7043 0
7044 0
7045 1
7046 1
7047 0
7048 1
7049 2
7050 1
7051 1
7052 1
7053 1
7054 1
7055 1
7056 0
7057 2
7058 0
7059 0
7060 0
7061 0
7062 1
7063 1
7064 2
7065 0
7066 0
7067 2
7068 1
7069 1
7070 0
7071 1
7072 1
7073 1
7074 0
7075 1
7076 1
7077 0
7078 1
7079 0
7080 2
7081 1
7082 1
7083 1
7084 1
7085 2
7086 0
7087 1
7088 1
7089 1
7090 1
7091 1
7092 1
7093 0
7094 0
7095 0
7096 0
7097 0
7098 1
7099 1
7100 1
7101 0
7102 2
7103 0
7104 0
7105 1
7106 2
7107 3
7108 0
7109 1
7110 1
7111 0
7112 1
7113 0
7114 1
7115 2
7116 0
7117 1
7118 1
7119 0
7120 1
7121 0
7122 0
7123 1
7124 1
7125 0
7126 1
7127 1
7128 1
7129 0
7130 0
7131 0
7132 0
7133 0
7134 1
7135 1
7136 1
7137 1
7138 0
7139 1
7140 1
7141 1
7142 0
7143 1
7144 0
7145 1
7146 0
7147 2
7148 1
7149 0
7150 0
7151 0
7152 0
7153 1
7154 1
7155 1
7156 1
7157 0
7158 0
7159 1
7160 1
7161 1
7162 1
7163 1
7164 0
7165 0
7166 0
7167 2
7168 0
7169 2
7170 1
7171 1
7172 0
7173 0
7174 0
7175 1
7176 1
7177 1
7178 0
7179 1
7180 0
7181 1
7182 0
7183 0
7184 1
7185 0
7186 1
7187 0
7188 0
7189 1
7190 1
7191 1
7192 1
7193 0
7194 0
7195 1
7196 1
7197 1
7198 1
7199 1
7200 1
7201 0
7202 2
7203 0
7204 0
7205 0
7206 1
7207 1
7208 2
7209 1
7210 0
7211 0
7212 1
7213 1
7214 0
7215 1
7216 0
7217 1
7218 1
7219 2
7220 1
7221 0
7222 1
7223 0
7224 2
7225 1
7226 1
7227 0
7228 1
7229 0
7230 2
7231 1
7232 0
7233 1
7234 1
7235 1
7236 0
7237 2
7238 0
7239 2
7240 2
7241 0
7242 1
7243 1
7244 0
7245 1
7246 0
7247 0
7248 1
7249 1
7250 1
7251 1
7252 0
7253 1
7254 2
7255 0
7256 1
7257 2
7258 1
7259 0
7260 1
7261 1
7262 1
7263 1
7264 0
7265 0
7266 0
7267 1
7268 1
7269 1
7270 1
7271 1
7272 0
7273 2
7274 0
7275 1
7276 0
7277 0
7278 1
7279 1
7280 0
7281 2
7282 0
7283 0
7284 1
7285 1
7286 0
7287 1
7288 0
7289 1
7290 0
7291 0
7292 1
7293 2
7294 1
7295 0
7296 1
7297 1
7298 1
7299 1
7300 2
7301 0
7302 0
7303 1
7304 1
7305 1
7306 1
7307 1
7308 1
7309 0
7310 2
7311 0
7312 0
7313 0
7314 1
7315 1
7316 0
7317 2
7318 0
7319 0
7320 1
7321 1
7322 0
7323 1
7324 2
7325 0
7326 1
7327 2
7328 2
7329 2
7330 3
7331 0
7332 0
7333 1
7334 1
7335 0
7336 1
7337 0
7338 0
7339 1
7340 1
7341 1
7342 1
7343 1
7344 1
7345 0
7346 0
7347 0
7348 0
7349 0
7350 0
7351 1
7352 2
7353 1
7354 0
7355 0
7356 1
7357 1
7358 0
7359 1
7360 1
7361 1
7362 0
7363 2
7364 1
7365 0
7366 1
7367 0
7368 0
7369 1
7370 1
7371 2
7372 3
7373 0
7374 0
7375 0
7376 1
7377 1
7378 1
7379 1
7380 2
7381 1
7382 0
7383 0
7384 0
7385 0
7386 1
7387 1
7388 0
7389 0
7390 2
7391 0
7392 2
7393 1
7394 0
7395 1
7396 0
7397 1
7398 1
7399 0
7400 0
7401 0
7402 1
7403 0
7404 0
7405 1
7406 0
7407 1
7408 1
7409 0
7410 0
7411 1
7412 1
7413 1
7414 1
7415 1
7416 1
7417 2
7418 0
7419 0
7420 0
7421 0
7422 1
7423 1
7424 0
7425 1
7426 0
7427 0
7428 1
7429 1
7430 0
7431 1
7432 0
7433 1
7434 1
7435 0
7436 1
7437 0
7438 1
7439 2
7440 2
7441 1
7442 1
7443 2
7444 1
7445 0
7446 0
7447 1
7448 1
7449 1
7450 0
7451 1
7452 0
7453 0
7454 0
7455 2
7456 1
7457 0
7458 1
7459 1
7460 0
7461 1
7462 0
7463 0
7464 1
7465 1
7466 0
7467 1
7468 0
7469 1
7470 2
7471 2
7472 1
7473 0
7474 1
7475 1
7476 2
7477 1
7478 1
7479 1
7480 1
7481 0
7482 2
7483 1
7484 1
7485 1
7486 1
7487 1
7488 1
7489 2
7490 2
7491 0
7492 0
7493 0
7494 1
7495 1
7496 2
7497 0
7498 0
7499 0
7500 0
7501 1
7502 1
7503 1
7504 0
7505 1
7506 1
7507 0
7508 1
7509 0
7510 1
7511 2
7512 0
7513 1
7514 0
7515 1
7516 1
7517 0
7518 0
7519 1
7520 2
7521 1
7522 1
7523 1
7524 1
7525 1
7526 0
7527 2
7528 0
7529 0
7530 1
7531 1
7532 0
7533 1
7534 0
7535 0
7536 1
7537 1
7538 0
7539 1
7540 0
7541 1
7542 1
7543 0
7544 1
7545 0
7546 1
7547 0
7548 0
7549 1
7550 0
7551 0
7552 0
7553 2
7554 0
7555 1
7556 1
7557 1
7558 1
7559 1
7560 1
7561 0
7562 0
7563 0
7564 0
7565 2
7566 1
7567 1
7568 2
7569 0
7570 0
7571 0
7572 1
7573 1
7574 0
7575 0
7576 0
7577 1
7578 2
7579 2
7580 1
7581 0
7582 1
7583 0
7584 1
7585 1
7586 1
7587 0
7588 1
7589 0
7590 2
7591 1
7592 1
7593 1
7594 1
7595 1
7596 2
7597 2
7598 2
7599 0
7600 1
7601 0
7602 1
7603 1
7604 0
7605 0
7606 0
7607 0
7608 1
7609 1
7610 0
7611 1
7612 0
7613 1
7614 2
7615 0
7616 0
7617 0
7618 1
7619 0
7620 0
7621 1
7622 1
7623 0
7624 1
7625 1
7626 0
7627 1
7628 1
7629 1
7630 1
7631 1
7632 1
7633 0
7634 0
7635 2
7636 0
7637 2
7638 1
7639 1
7640 0
7641 1
7642 0
7643 0
7644 1
7645 1
7646 0
7647 1
7648 1
7649 1
7650 2
7651 2
7652 1
7653 0
7654 1
7655 0
7656 2
7657 3
7658 1
7659 0
7660 1
7661 0
7662 0
7663 3
7664 1
7665 1
7666 1
7667 1
7668 1
7669 0
7670 0
7671 0
7672 0
7673 0
7674 1
7675 0
7676 0
7677 1
7678 0
7679 0
7680 1
7681 1
7682 2
7683 1
7684 0
7685 1
7686 2
7687 2
7688 1
7689 0
7690 1
7691 0
7692 2
7693 1
7694 1
7695 1
7696 1
7697 0
7698 2
7699 1
7700 0
7701 1
7702 1
7703 1
7704 0
7705 0
7706 0
7707 2
7708 0
7709 2
7710 1
7711 1
7712 1
7713 0
7714 0
7715 0
7716 3
7717 1
7718 2
7719 1
7720 0
7721 1
7722 1
7723 0
7724 1
7725 1
7726 1
7727 0
7728 2
7729 1
7730 1
7731 1
7732 1
7733 2
7734 0
7735 1
7736 1
7737 1
7738 1
7739 1
7740 1
7741 0
7742 2
7743 0
7744 0
7745 0
7746 1
7747 1
7748 2
7749 1
7750 1
7751 0
7752 1
7753 1
7754 0
7755 1
7756 0
7757 1
7758 1
7759 0
7760 1
7761 0
7762 1
7763 0
7764 2
7765 1
7766 1
7767 2
7768 1
7769 0
7770 2
7771 1
7772 1
7773 1
7774 1
7775 0
7776 0
7777 2
7778 2
7779 0
7780 2
7781 0
7782 1
7783 1
7784 2
7785 1
7786 2
7787 0
7788 1
7789 1
7790 2
7791 1
7792 0
7793 1
7794 0
7795 0
7796 1
7797 0
7798 1
7799 0
7800 1
7801 1
7802 1
7803 1
7804 1
7805 0
7806 0
7807 1
7808 0
7809 1
7810 1
7811 1
7812 2
7813 0
7814 0
7815 0
7816 0
7817 0
7818 1
7819 1
7820 2
7821 2
7822 0
7823 0
7824 1
7825 0
7826 0
7827 1
7828 2
7829 1
7830 0
7831 0
7832 1
7833 2
7834 1
7835 0
7836 0
7837 1
7838 1
7839 1
7840 0
7841 0
7842 0
7843 1
7844 1
7845 1
7846 1
7847 1
7848 1
7849 0
7850 1
7851 0
7852 0
7853 0
7854 1
7855 1
7856 0
7857 0
7858 0
7859 2
7860 1
7861 1
7862 0
7863 1
7864 0
7865 0
7866 1
7867 0
7868 1
7869 0
7870 1
7871 0
7872 1
7873 1
7874 1
7875 1
7876 1
7877 0
7878 0
7879 1
7880 1
7881 1
7882 1
7883 1
7884 0
7885 0
7886 0
7887 0
7888 0
7889 0
7890 1
7891 1
7892 0
7893 1
7894 0
7895 0
7896 1
7897 1
7898 2
7899 1
7900 1
7901 1
7902 2
7903 2
7904 2
7905 2
7906 1
7907 0
7908 0
7909 1
7910 1
7911 0
7912 1
7913 0
7914 0
7915 1
7916 1
7917 1
7918 1
7919 1
7920 0
7921 1
7922 2
7923 0
7924 0
7925 1
7926 1
7927 1
7928 0
7929 2
7930 2
7931 0
7932 1
7933 1
7934 0
7935 0
7936 2
7937 1
7938 1
7939 2
7940 1
7941 0
7942 1
7943 2
7944 0
7945 1
7946 1
7947 1
7948 1
7949 0
7950 3
7951 1
7952 1
7953 1
7954 1
7955 1
7956 1
7957 2
7958 0
7959 0
7960 2
7961 0
7962 1
7963 1
7964 0
7965 1
7966 2
7967 0
7968 0
7969 1
7970 0
7971 1
7972 0
7973 1
7974 1
7975 1
7976 1
7977 0
7978 1
7979 2
7980 0
7981 1
7982 1
7983 0
7984 1
7985 0
7986 1
7987 1
7988 1
7989 1
7990 1
7991 1
7992 2
7993 0
7994 2
7995 2
7996 2
7997 0
7998 1
7999 1
8000 0
8001 3
8002 0
8003 2
8004 1
8005 1
8006 0
8007 1
8008 2
8009 1
8010 2
8011 2
8012 1
8013 0
8014 1
8015 2
8016 0
8017 1
8018 1
8019 0
8020 1
8021 0
8022 2
8023 1
8024 1
8025 2
8026 1
8027 1
8028 0
8029 2
8030 2
8031 0
8032 1
8033 0
8034 1
8035 1
8036 0
8037 0
8038 0
8039 0
8040 1
8041 1
8042 0
8043 1
8044 0
8045 1
8046 0
8047 0
8048 1
8049 0
8050 0
8051 0
8052 0
8053 1
8054 1
8055 1
8056 1
8057 0
8058 0
8059 1
8060 1
8061 1
8062 1
8063 1
8064 2
8065 0
8066 0
8067 0
8068 0
8069 0
8070 1
8071 1
8072 0
8073 0
8074 0
8075 1
8076 1
8077 1
8078 0
8079 1
8080 0
8081 1
8082 1
8083 0
8084 3
8085 0
8086 1
8087 0
8088 0
8089 1
8090 1
8091 0
8092 0
8093 0
8094 2
8095 1
8096 0
8097 1
8098 1
8099 1
8100 0
8101 2
8102 2
8103 0
8104 0
8105 0
8106 1
8107 0
8108 0
8109 1
8110 0
8111 0
8112 1
8113 1
8114 2
8115 1
8116 0
8117 1
8118 0
8119 0
8120 1
8121 0
8122 1
8123 0
8124 0
8125 2
8126 1
8127 1
8128 2
8129 0
8130 0
8131 1
8132 1
8133 1
8134 1
8135 1
8136 0
8137 0
8138 0
8139 2
8140 2
8141 0
8142 1
8143 1
8144 0
8145 0
8146 0
8147 0
8148 1
8149 1
8150 1
8151 1
8152 0
8153 1
8154 0
8155 0
8156 1
8157 0
8158 1
8159 0
8160 3
8161 1
8162 1
8163 1
8164 1
8165 0
8166 0
8167 1
8168 1
8169 1
8170 1
8171 1
8172 1
8173 0
8174 2
8175 1
8176 2
8177 0
8178 1
8179 1
8180 0
8181 1
8182 0
8183 2
8184 1
8185 1
8186 0
8187 1
8188 2
8189 1
8190 3
8191 0
8192 0
8193 0
8194 1
8195 0
8196 2
8197 1
8198 1
8199 0
8200 0
8201 2
8202 0
8203 1
8204 1
8205 1
8206 1
8207 1
8208 0
8209 0
8210 2
8211 0
8212 0
8213 0
8214 1
8215 1
8216 2
8217 1
8218 0
8219 0
8220 1
8221 1
8222 0
8223 1
8224 1
8225 0
8226 0
8227 2
8228 0
8229 0
8230 1
8231 0
8232 0
8233 1
8234 1
8235 1
8236 1
8237 0
8238 0
8239 1
8240 1
8241 1
8242 1
8243 1
8244 0
8245 0
8246 2
8247 0
8248 0
8249 0
8250 0
8251 1
8252 0
8253 0
8254 0
8255 2
8256 0
8257 1
8258 2
8259 1
8260 0
8261 1
8262 1
8263 0
8264 1
8265 2
8266 1
8267 0
8268 0
8269 1
8270 1
8271 1
8272 1
8273 0
8274 2
8275 0
8276 1
8277 1
8278 1
8279 1
8280 1
8281 0
8282 0
8283 0
8284 2
8285 2
8286 1
8287 1
8288 1
8289 0
8290 2
8291 0
8292 1
8293 1
8294 0
8295 1
8296 0
8297 1
8298 1
8299 0
8300 2
8301 0
8302 1
8303 0
8304 2
8305 1
8306 1
8307 0
8308 1
8309 0
8310 2
8311 1
8312 1
8313 1
8314 1
8315 1
8316 1
8317 0
8318 0
8319 0
8320 1
8321 0
8322 1
8323 3
8324 0
8325 0
8326 2
8327 0
8328 1
8329 1
8330 2
8331 1
8332 0
8333 1
8334 0
8335 0
8336 1
8337 0
8338 1
8339 0
8340 0
8341 1
8342 3
8343 2
8344 1
8345 0
8346 2
8347 1
8348 1
8349 0
8350 0
8351 1
8352 1
8353 2
8354 0
8355 0
8356 2
8357 0
8358 1
8359 1
8360 0
8361 0
8362 0
8363 0
8364 1
8365 1
8366 2
8367 1
8368 0
8369 1
8370 1
8371 0
8372 1
8373 0
8374 1
8375 1
8376 0
8377 1
8378 1
8379 1
8380 1
8381 1
8382 0
8383 1
8384 0
8385 1
8386 1
8387 1
8388 1
8389 0
8390 0
8391 0
8392 0
8393 0
8394 3
8395 1
8396 0
8397 0
8398 0
8399 0
8400 0
8401 1
8402 0
8403 1
8404 2
8405 0
8406 1
8407 2
8408 1
8409 2
8410 0
8411 0
8412 0
8413 1
8414 1
8415 2
8416 0
8417 0
8418 2
8419 1
8420 1
8421 1
8422 1
8423 1
8424 0
8425 1
8426 0
8427 1
8428 0
8429 0
8430 1
8431 1
8432 0
8433 1
8434 0
8435 0
8436 1
8437 1
8438 0
8439 1
8440 2
8441 1
8442 0
8443 2
8444 1
8445 0
8446 1
8447 0
8448 2
8449 1
8450 0
8451 1
8452 1
8453 0
8454 2
8455 1
8456 1
8457 1
8458 1
8459 1
8460 0
8461 2
8462 0
8463 0
8464 1
8465 0
8466 1
8467 1
8468 2
8469 0
8470 1
8471 0
8472 1
8473 1
8474 0
8475 2
8476 0
8477 1
8478 1
8479 0
8480 0
8481 0
8482 1
8483 0
8484 0
8485 1
8486 1
8487 1
8488 1
8489 0
8490 0
8491 1
8492 1
8493 1
8494 1
8495 1
8496 1
8497 0
8498 0
8499 0
8500 1
8501 0
8502 1
8503 1
8504 2
8505 0
8506 0
8507 0
8508 1
8509 1
8510 0
8511 1
8512 1
8513 1
8514 1
8515 0
8516 1
8517 0
8518 1
8519 2
8520 0
8521 1
8522 1
8523 0
8524 1
8525 1
8526 2
8527 1
8528 1
8529 1
8530 1
8531 1
8532 1
8533 0
8534 0
8535 2
8536 0
8537 0
8538 1
8539 1
8540 0
8541 1
8542 0
8543 0
8544 0
8545 1
8546 0
8547 1
8548 0
8549 1
8550 1
8551 0
8552 1
8553 2
8554 1
8555 0
8556 2
8557 1
8558 1
8559 0
8560 1
8561 0
8562 0
8563 1
8564 1
8565 1
8566 1
8567 1
8568 0
8569 0
8570 2
8571 0
8572 2
8573 0
8574 1
8575 0
8576 1
8577 2
8578 0
8579 0
8580 3
8581 1
8582 0
8583 1
8584 2
8585 1
8586 0
8587 2
8588 1
8589 2
8590 1
8591 1
8592 0
8593 1
8594 1
8595 1
8596 1
8597 0
8598 2
8599 1
8600 0
8601 1
8602 1
8603 1
8604 1
8605 0
8606 0
8607 0
8608 1
8609 0
8610 1
8611 1
8612 0
8613 1
8614 0
8615 2
8616 1
8617 1
8618 2
8619 1
8620 2
8621 1
8622 1
8623 2
8624 1
8625 1
8626 1
8627 0
8628 0
8629 1
8630 1
8631 0
8632 1
8633 2
8634 0
8635 1
8636 1
8637 1
8638 1
8639 1
8640 0
8641 0
8642 0
8643 2
8644 0
8645 2
8646 1
8647 1
8648 0
8649 1
8650 1
8651 0
8652 1
8653 1
8654 0
8655 1
8656 0
8657 1
8658 2
8659 0
8660 1
8661 0
8662 1
8663 0
8664 0
8665 1
8666 1
8667 1
8668 1
8669 0
8670 1
8671 1
8672 0
8673 1
8674 1
8675 0
8676 0
8677 2
8678 2
8679 2
8680 0
8681 0
8682 1
8683 1
8684 0
8685 0
8686 0
8687 2
8688 1
8689 1
8690 0
8691 1
8692 2
8693 1
8694 1
8695 0
8696 1
8697 0
8698 1
8699 0
8700 1
8701 1
8702 1
8703 1
8704 1
8705 0
8706 0
8707 1
8708 1
8709 1
8710 3
8711 1
8712 0
8713 2
8714 0
8715 0
8716 0
8717 2
8718 1
8719 1
8720 0
8721 1
8722 0
8723 0
8724 1
8725 0
8726 0
8727 1
8728 0
8729 3
8730 1
8731 0
8732 1
8733 0
8734 1
8735 0
8736 1
8737 1
8738 1
8739 2
8740 1
8741 0
8742 2
8743 1
8744 1
8745 1
8746 1
8747 1
8748 1
8749 2
8750 1
8751 0
8752 0
8753 0
8754 1
8755 1
8756 0
8757 1
8758 0
8759 0
8760 1
8761 1
8762 0
8763 1
8764 2
8765 1
8766 2
8767 0
8768 0
8769 2
8770 1
8771 0
8772 2
8773 1
8774 1
8775 1
8776 1
8777 2
8778 2
8779 1
8780 1
8781 1
8782 1
8783 1
8784 0
8785 2
8786 2
8787 0
8788 0
8789 0
8790 1
8791 1
8792 2
8793 0
8794 0
8795 0
8796 1
8797 1
8798 2
8799 1
8800 0
8801 1
8802 0
8803 0
8804 1
8805 0
8806 1
8807 0
8808 2
8809 1
8810 1
8811 1
8812 1
8813 0
8814 0
8815 1
8816 1
8817 1
8818 1
8819 1
8820 1
8821 0
8822 0
8823 0
8824 0
8825 1
8826 1
8827 3
8828 0
8829 0
8830 0
8831 0
8832 0
8833 0
8834 0
8835 1
8836 1
8837 1
8838 1
8839 0
8840 1
8841 0
8842 1
8843 0
8844 0
8845 1
8846 1
8847 0
8848 1
8849 0
8850 1
8851 1
8852 1
8853 1
8854 1
8855 3
8856 0
8857 0
8858 0
8859 0
8860 0
8861 0
8862 1
8863 1
8864 1
8865 1
8866 0
8867 0
8868 1
8869 1
8870 0
8871 1
8872 0
8873 1
8874 2
8875 1
8876 1
8877 2
8878 1
8879 0
8880 0
8881 1
8882 1
8883 0
8884 1
8885 0
8886 0
8887 1
8888 1
8889 1
8890 1
8891 1
8892 2
8893 0
8894 0
8895 2
8896 1
8897 0
8898 1
8899 1
8900 1
8901 0
8902 0
8903 0
8904 1
8905 1
8906 0
8907 1
8908 0
8909 1
8910 1
8911 2
8912 1
8913 0
8914 1
8915 0
8916 2
8917 1
8918 1
8919 1
8920 1
8921 0
8922 0
8923 1
8924 1
8925 2
8926 1
8927 1
8928 0
8929 0
8930 2
8931 0
8932 2
8933 0
8934 1
8935 1
8936 0
8937 1
8938 2
8939 0
8940 1
8941 1
8942 0
8943 1
8944 0
8945 1
8946 1
8947 0
8948 1
8949 0
8950 0
8951 0
8952 0
8953 1
8954 0
8955 0
8956 1
8957 2
8958 2
8959 0
8960 1
8961 1
8962 1
8963 1
8964 0
8965 0
8966 0
8967 0
8968 0
8969 0
8970 1
8971 1
8972 0
8973 1
8974 0
8975 1
8976 3
8977 1
8978 0
8979 1
8980 0
8981 1
8982 2
8983 0
8984 1
8985 0
8986 1
8987 2
8988 2
8989 1
8990 1
8991 1
8992 0
8993 1
8994 0
8995 1
8996 1
8997 1
8998 1
8999 1
9000 1
9001 2
9002 0
9003 2
9004 2
9005 0
9006 1
9007 1
9008 0
9009 2
9010 0
9011 0
9012 1
9013 1
9014 0
9015 1
9016 0
9017 1
9018 0
9019 0
9020 1
9021 0
9022 1
9023 0
9024 1
9025 0
9026 1
9027 1
9028 1
9029 0
9030 0
9031 1
9032 1
9033 1
9034 1
9035 1
9036 1
9037 2
9038 2
9039 0
9040 2
9041 0
9042 1
9043 1
9044 0
9045 2
9046 0
9047 0
9048 1
9049 1
9050 1
9051 1
9052 0
9053 1
9054 1
9055 0
9056 2
9057 0
9058 1
9059 0
9060 0
9061 1
9062 1
9063 2
9064 1
9065 0
9066 0
9067 1
9068 1
9069 1
9070 1
9071 1
9072 1
9073 2
9074 2
9075 0
9076 0
9077 0
9078 1
9079 1
9080 0
9081 3
9082 0
9083 0
9084 1
9085 1
9086 2
9087 1
9088 1
9089 1
9090 0
9091 2
9092 1
9093 2
9094 1
9095 0
9096 0
9097 1
9098 1
9099 1
9100 0
9101 0
9102 0
9103 1
9104 1
9105 1
9106 3
9107 1
9108 0
9109 2
9110 0
9111 0
9112 0
9113 2
9114 1
9115 1
9116 0
9117 0
9118 0
9119 2
9120 2
9121 1
9122 0
9123 1
9124 0
9125 0
9126 0
9127 2
9128 1
9129 0
9130 1
9131 0
9132 2
9133 1
9134 1
9135 1
9136 1
9137 0
9138 0
9139 1
9140 1
9141 1
9142 1
9143 1
9144 1
9145 0
9146 0
9147 2
9148 0
9149 0
9150 0
9151 1
9152 1
9153 1
9154 0
9155 2
9156 1
9157 1
9158 0
9159 1
9160 0
9161 1
9162 1
9163 0
9164 1
9165 0
9166 1
9167 0
9168 0
9169 1
9170 1
9171 0
9172 1
9173 0
9174 0
9175 0
9176 1
9177 1
9178 1
9179 1
9180 0
9181 0
9182 0
9183 0
9184 1
9185 2
9186 1
9187 1
9188 0
9189 1
9190 0
9191 2
9192 1
9193 1
9194 0
9195 1
9196 1
9197 3
9198 0
9199 2
9200 2
9201 2
9202 1
9203 0
9204 2
9205 1
9206 1
9207 1
9208 1
9209 0
9210 0
9211 1
9212 1
9213 1
9214 1
9215 1
9216 0
9217 0
9218 0
9219 2
9220 2
9221 0
9222 1
9223 1
9224 0
9225 1
9226 0
9227 0
9228 1
9229 1
9230 2
9231 1
9232 0
9233 1
9234 2
9235 0
9236 1
9237 0
9238 1
9239 0
9240 2
9241 1
9242 1
9243 1
9244 1
9245 0
9246 2
9247 1
9248 1
9249 1
9250 0
9251 0
9252 1
9253 2
9254 2
9255 2
9256 0
9257 0
9258 1
9259 1
9260 2
9261 0
9262 2
9263 2
9264 1
9265 1
9266 2
9267 1
9268 2
9269 1
9270 1
9271 0
9272 1
9273 0
9274 1
9275 1
9276 2
9277 1
9278 1
9279 0
9280 0
9281 0
9282 2
9283 1
9284 1
9285 1
9286 1
9287 1
9288 1
9289 0
9290 0
9291 0
9292 0
9293 0
9294 1
9295 1
9296 0
9297 1
9298 0
9299 0
9300 0
9301 1
9302 2
9303 1
9304 0
9305 1
9306 0
9307 0
9308 1
9309 0
9310 1
9311 0
9312 1
9313 1
9314 1
9315 2
9316 1
9317 1
9318 0
9319 1
9320 1
9321 1
9322 1
9323 1
9324 2
9325 1
9326 2
9327 0
9328 0
9329 0
9330 1
9331 1
9332 0
9333 0
9334 2
9335 0
9336 1
9337 1
9338 0
9339 1
9340 0
9341 1
9342 1
9343 2
9344 0
9345 2
9346 1
9347 0
9348 0
9349 1
9350 2
9351 1
9352 1
9353 0
9354 0
9355 1
9356 1
9357 1
9358 1
9359 1
9360 1
9361 2
9362 2
9363 0
9364 2
9365 2
9366 1
9367 1
9368 2
9369 0
9370 0
9371 0
9372 1
9373 1
9374 2
9375 1
9376 1
9377 1
9378 1
9379 0
9380 1
9381 2
9382 1
9383 0
9384 0
9385 1
9386 1
9387 0
9388 1
9389 0
9390 2
9391 1
9392 1
9393 1
9394 1
9395 1
9396 2
9397 0
9398 0
9399 0
9400 1
9401 0
9402 1
9403 1
9404 0
9405 1
9406 0
9407 0
9408 0
9409 1
9410 0
9411 1
9412 0
9413 1
9414 0
9415 0
9416 1
9417 2
9418 1
9419 0
9420 2
9421 1
9422 1
9423 1
9424 1
9425 1
9426 0
9427 1
9428 1
9429 1
9430 1
9431 1
9432 0
9433 0
9434 2
9435 0
9436 0
9437 0
9438 0
9439 1
9440 1
9441 0
9442 0
9443 0
9444 1
9445 1
9446 0
9447 1
9448 0
9449 1
9450 0
9451 2
9452 1
9453 2
9454 1
9455 2
9456 0
9457 1
9458 1
9459 1
9460 1
9461 0
9462 0
9463 1
9464 1
9465 1
9466 1
9467 1
9468 1
9469 2
9470 2
9471 2
9472 0
9473 0
9474 1
9475 0
9476 0
9477 1
9478 0
9479 0
9480 1
9481 1
9482 0
9483 1
9484 0
9485 1
9486 1
9487 2
9488 1
9489 0
9490 1
9491 0
9492 0
9493 1
9494 1
9495 0
9496 1
9497 0
9498 2
9499 1
9500 0
9501 1
9502 1
9503 1
9504 0
9505 0
9506 2
9507 0
9508 0
9509 0
9510 1
9511 1
9512 0
9513 1
9514 0
9515 0
9516 1
9517 1
9518 2
9519 1
9520 2
9521 1
9522 1
9523 0
9524 1
9525 1
9526 1
9527 0
9528 0
9529 1
9530 1
9531 0
9532 1
9533 0
9534 0
9535 1
9536 0
9537 0
9538 1
9539 1
9540 2
9541 0
9542 2
9543 0
9544 0
9545 0
9546 1
9547 1
9548 2
9549 2
9550 1
9551 0
9552 1
9553 1
9554 0
9555 1
9556 0
9557 1
9558 0
9559 1
9560 1
9561 2
9562 1
9563 0
9564 2
9565 1
9566 1
9567 1
9568 0
9569 0
9570 2
9571 1
9572 1
9573 1
9574 1
9575 0
9576 1
9577 2
9578 0
9579 0
9580 0
9581 0
9582 1
9583 1
9584 0
9585 1
9586 0
9587 0
9588 1
9589 1
9590 0
9591 1
9592 0
9593 1
9594 1
9595 2
9596 1
9597 0
9598 1
9599 0
9600 0
9601 1
9602 1
9603 2
9604 1
9605 0
9606 2
9607 1
9608 1
9609 1
9610 1
9611 1
9612 1
9613 2
9614 0
9615 0
9616 2
9617 0
9618 1
9619 1
9620 2
9621 1
9622 0
9623 0
9624 1
9625 0
9626 0
9627 1
9628 0
9629 1
9630 0
9631 0
9632 0
9633 0
9634 1
9635 2
9636 0
9637 1
9638 1
9639 1
9640 1
9641 2
9642 0
9643 1
9644 1
9645 3
9646 1
9647 1
9648 2
9649 0
9650 1
9651 0
9652 2
9653 2
9654 1
9655 1
9656 0
9657 0
9658 0
9659 0
9660 1
9661 1
9662 0
9663 1
9664 1
9665 1
9666 1
9667 0
9668 1
9669 0
9670 1
9671 0
9672 2
9673 1
9674 1
9675 2
9676 1
9677 0
9678 2
9679 1
9680 0
9681 1
9682 1
9683 1
9684 1
9685 0
9686 0
9687 0
9688 0
9689 0
9690 1
9691 1
9692 0
9693 1
9694 0
9695 0
9696 0
9697 1
9698 2
9699 1
9700 1
9701 1
9702 1
9703 0
9704 1
9705 0
9706 1
9707 0
9708 0
9709 3
9710 1
9711 0
9712 1
9713 0
9714 0
9715 1
9716 1
9717 1
9718 3
9719 1
9720 0
9721 0
9722 0
9723 0
9724 0
9725 1
9726 1
9727 1
9728 2
9729 1
9730 0
9731 0
9732 1
9733 1
9734 2
9735 1
9736 0
9737 1
9738 0
9739 0
9740 1
9741 0
9742 1
9743 0
9744 0
9745 1
9746 1
9747 0
9748 1
9749 0
9750 1
9751 1
9752 1
9753 1
9754 1
9755 1
9756 0
9757 0
9758 2
9759 2
9760 1
9761 0
9762 1
9763 1
9764 0
9765 2
9766 2
9767 0
9768 1
9769 1
9770 0
9771 1
9772 2
9773 1
9774 0
9775 1
9776 1
9777 0
9778 1
9779 2
9780 2
9781 1
9782 1
9783 1
9784 1
9785 2
9786 0
9787 1
9788 1
9789 1
9790 1
9791 1
9792 2
9793 2
9794 2
9795 2
9796 0
9797 0
9798 3
9799 1
9800 1
9801 1
9802 2
9803 0
9804 1
9805 1
9806 0
9807 1
9808 0
9809 1
9810 1
9811 2
9812 1
9813 0
9814 1
9815 2
9816 0
9817 1
9818 1
9819 0
9820 1
9821 0
9822 2
9823 1
9824 2
9825 0
9826 0
9827 1
9828 0
9829 0
9830 2
9831 0
9832 0
9833 0
9834 1
9835 1
9836 0
9837 1
9838 0
9839 0
9840 1
9841 1
9842 0
9843 1
9844 0
9845 1
9846 0
9847 2
9848 1
9849 0
9850 2
9851 0
9852 0
9853 1
9854 1
9855 0
9856 0
9857 0
9858 2
9859 1
9860 1
9861 1
9862 1
9863 1
9864 0
9865 0
9866 0
9867 0
9868 0
9869 0
9870 1
9871 1
9872 0
9873 2
9874 0
9875 1
9876 1
9877 1
9878 0
9879 1
9880 0
9881 1
9882 1
9883 0
9884 1
9885 0
9886 1
9887 0
9888 1
9889 1
9890 1
9891 1
9892 1
9893 0
9894 0
9895 1
9896 1
9897 1
9898 1
9899 3
9900 2
9901 2
9902 0
9903 0
9904 0
9905 0
9906 1
9907 1
9908 0
9909 1
9910 0
9911 0
9912 1
9913 1
9914 0
9915 1
9916 0
9917 1
9918 1
9919 2
9920 0
9921 0
9922 0
9923 0
9924 0
9925 0
9926 3
9927 0
9928 3
9929 0
9930 0
9931 1
9932 1
9933 1
9934 1
9935 1
9936 0
9937 0
9938 0
9939 0
9940 0
9941 0
9942 1
9943 1
9944 0
9945 1
9946 0
9947 0
9948 1
9949 1
9950 1
9951 1
9952 1
9953 1
9954 2
9955 0
9956 1
9957 2
9958 1
9959 0
9960 0
9961 1
9962 1
9963 0
9964 1
9965 0
9966 2
9967 1
9968 1
9969 1
9970 1
9971 1
9972 0
9973 0
9974 0
9975 1
9976 0
9977 2
9978 1
9979 1
9980 0
9981 0
9982 0
9983 2
9984 1
9985 1
9986 0
9987 1
9988 2
9989 1
9990 2
9991 0
9992 1
9993 0
9994 1
9995 0
9996 0
9997 1
9998 1
9999 1
10000 0
