1 0
2 1
3 2
4 2
5 3
6 3
7 3
8 3
9 3
10 4
11 4
12 4
13 4
14 4
15 5
16 3
17 4
18 4
19 4
20 5
21 5
22 5
23 4
24 5
25 4
26 5
27 4
28 5
29 5
30 6
31 5
32 4
33 6
34 5
35 6
36 5
37 5
38 5
39 6
40 6
41 5
42 6
43 5
44 6
45 6
46 5
47 6
48 5
49 4
50 5
51 6
52 6
53 4
54 5
55 7
56 6
57 6
58 6
59 5
60 7
61 5
62 6
63 6
64 4
65 7
66 7
67 5
68 6
69 6
70 7
71 6
72 6
73 6
74 6
75 6
76 6
77 7
78 7
79 6
80 6
81 4
82 6
83 5
84 7
85 7
86 6
87 7
88 7
89 6
90 7
91 7
92 6
93 7
94 7
95 7
96 6
97 5
98 5
99 7
100 6
101 6
102 7
103 5
104 7
105 8
106 5
107 6
108 6
109 6
110 8
111 7
112 6
113 7
114 7
115 7
116 7
117 7
118 6
119 7
120 8
121 5
122 6
123 7
124 7
125 5
126 7
127 6
128 4
129 7
130 8
131 5
132 8
133 7
134 6
135 7
136 7
137 7
138 7
139 6
140 8
141 8
142 7
143 8
144 6
145 8
146 7
147 6
148 7
149 7
150 7
151 6
152 7
153 7
154 8
155 8
156 8
157 6
158 7
159 6
160 7
161 7
162 5
163 6
164 7
165 9
166 6
167 7
168 8
169 5
170 8
171 7
172 7
173 7
174 8
175 7
176 7
177 7
178 7
179 6
180 8
181 7
182 8
183 7
184 7
185 8
186 8
187 8
188 8
189 7
190 8
191 6
192 6
193 7
194 6
195 9
196 6
197 7
198 8
199 6
200 7
201 7
202 7
203 8
204 8
205 8
206 6
207 7
208 7
209 8
210 9
211 7
212 6
213 8
214 7
215 8
216 7
217 8
218 7
219 8
220 9
221 8
222 8
223 6
224 7
225 7
226 8
227 5
228 8
229 6
230 8
231 9
232 8
233 7
234 8
235 9
236 7
237 8
238 8
239 7
240 8
241 5
242 6
243 5
244 7
245 7
246 8
247 8
248 8
249 7
250 6
251 6
252 8
253 8
254 7
255 9
256 4
257 8
258 8
259 8
260 9
261 8
262 6
263 7
264 9
265 7
266 8
267 8
268 7
269 7
270 8
271 7
272 7
273 9
274 8
275 8
276 8
277 6
278 7
279 8
280 9
281 8
282 9
283 6
284 8
285 9
286 9
287 8
288 7
289 5
290 9
291 7
292 8
293 7
294 7
295 8
296 8
297 8
298 8
299 8
300 8
301 8
302 7
303 8
304 7
305 8
306 8
307 7
308 9
309 7
310 9
311 5
312 9
313 8
314 7
315 9
316 8
317 8
318 7
319 9
320 7
321 8
322 8
323 8
324 6
325 8
326 7
327 8
328 8
329 9
330 10
331 6
332 7
333 8
334 8
335 8
336 8
337 7
338 6
339 9
340 9
341 9
342 8
343 5
344 8
345 9
346 8
347 7
348 9
349 8
350 8
351 8
352 8
353 7
354 8
355 9
356 8
357 9
358 7
359 7
360 9
361 5
362 8
363 7
364 9
365 9
366 8
367 7
368 7
369 8
370 9
371 7
372 9
373 7
374 9
375 7
376 9
377 9
378 8
379 7
380 9
381 8
382 7
383 7
384 6
385 10
386 8
387 8
388 7
389 8
390 10
391 8
392 7
393 7
394 8
395 9
396 9
397 8
398 7
399 9
400 7
401 7
402 8
403 9
404 8
405 7
406 9
407 9
408 9
409 7
410 9
411 9
412 7
413 8
414 8
415 8
416 8
417 8
418 9
419 5
420 10
421 7
422 8
423 9
424 7
425 8
426 9
427 8
428 8
429 10
430 9
431 6
432 7
433 8
434 9
435 10
436 8
437 8
438 9
439 8
440 10
441 7
442 9
443 7
444 9
445 9
446 7
447 9
448 7
449 8
450 8
451 9
452 9
453 8
454 6
455 10
456 9
457 8
458 7
459 8
460 9
461 7
462 10
463 8
464 8
465 10
466 8
467 8
468 9
469 8
470 10
471 8
472 8
473 9
474 9
475 8
476 9
477 7
478 8
479 7
480 9
481 9
482 6
483 9
484 7
485 8
486 6
487 8
488 8
489 8
490 8
491 8
492 9
493 9
494 9
495 10
496 8
497 9
498 8
499 8
500 7
501 9
502 7
503 7
504 9
505 9
506 9
507 7
508 8
509 6
510 10
511 9
512 4
513 8
514 9
515 8
516 9
517 10
518 9
519 9
520 10
521 6
522 9
523 8
524 7
525 9
526 8
527 9
528 9
529 5
530 8
531 8
532 9
533 9
534 9
535 9
536 8
537 8
538 8
539 8
540 9
541 7
542 8
543 9
544 8
545 9
546 10
547 7
548 9
549 8
550 9
551 9
552 9
553 9
554 7
555 10
556 8
557 8
558 9
559 9
560 9
561 10
562 9
563 6
564 10
565 10
566 7
567 7
568 9
569 8
570 10
571 9
572 10
573 8
574 9
575 8
576 7
577 6
578 6
579 9
580 10
581 8
582 8
583 8
584 9
585 10
586 8
587 7
588 8
589 9
590 9
591 9
592 8
593 7
594 9
595 10
596 9
597 8
598 9
599 7
600 9
601 9
602 9
603 8
604 8
605 8
606 9
607 8
608 8
609 10
610 9
611 10
612 9
613 7
614 8
615 10
616 10
617 8
618 8
619 8
620 10
621 8
622 6
623 9
624 9
625 5
626 9
627 10
628 8
629 9
630 10
631 8
632 9
633 9
634 9
635 9
636 8
637 8
638 10
639 9
640 7
641 8
642 9
643 8
644 9
645 10
646 9
647 7
648 7
649 9
650 9
651 10
652 8
653 8
654 9
655 8
656 8
657 9
658 10
659 9
660 11
661 6
662 7
663 10
664 8
665 10
666 9
667 9
668 9
669 8
670 9
671 9
672 9
673 7
674 8
675 8
676 7
677 8
678 10
679 8
680 10
681 7
682 10
683 8
684 9
685 10
686 6
687 8
688 8
689 8
690 10
691 6
692 9
693 10
694 8
695 9
696 10
697 9
698 9
699 9
700 9
701 8
702 9
703 9
704 8
705 11
706 8
707 9
708 9
709 7
710 10
711 9
712 9
713 9
714 10
715 11
716 8
717 9
718 8
719 5
720 9
721 8
722 6
723 7
724 9
725 9
726 8
727 8
728 10
729 5
730 10
731 9
732 9
733 9
734 8
735 9
736 8
737 9
738 9
739 6
740 10
741 10
742 8
743 9
744 10
745 10
746 8
747 8
748 10
749 9
750 8
751 8
752 9
753 8
754 10
755 9
756 9
757 7
758 8
759 10
760 10
761 8
762 9
763 9
764 8
765 10
766 8
767 9
768 6
769 8
770 11
771 10
772 9
773 8
774 9
775 9
776 8
777 10
778 9
779 9
780 11
781 10
782 9
783 9
784 7
785 9
786 8
787 8
788 9
789 9
790 10
791 10
792 10
793 9
794 9
795 9
796 8
797 7
798 10
799 10
800 8
801 9
802 8
803 10
804 9
805 10
806 10
807 9
808 9
809 9
810 8
811 9
812 10
813 9
814 10
815 9
816 9
817 9
818 8
819 10
820 10
821 8
822 10
823 9
824 8
825 10
826 9
827 7
828 9
829 9
830 9
831 8
832 8
833 8
834 9
835 10
836 10
837 9
838 6
839 8
840 11
841 6
842 8
843 10
844 9
845 8
846 10
847 8
848 7
849 8
850 9
851 9
852 10
853 7
854 9
855 10
856 9
857 8
858 11
859 8
860 10
861 10
862 7
863 8
864 8
865 10
866 9
867 7
868 10
869 10
870 11
871 9
872 9
873 8
874 9
875 8
876 10
877 7
878 9
879 9
880 10
881 8
882 8
883 8
884 10
885 10
886 8
887 9
888 10
889 9
890 10
891 8
892 8
893 10
894 10
895 9
896 7
897 10
898 9
899 10
900 9
901 8
902 10
903 10
904 10
905 10
906 9
907 9
908 7
909 9
910 11
911 9
912 9
913 9
914 9
915 10
916 8
917 8
918 9
919 7
920 10
921 9
922 8
923 10
924 11
925 9
926 9
927 8
928 9
929 8
930 11
931 8
932 9
933 7
934 9
935 11
936 10
937 7
938 9
939 10
940 11
941 8
942 9
943 9
944 8
945 10
946 10
947 8
948 10
949 10
950 9
951 10
952 10
953 6
954 8
955 9
956 9
957 11
958 8
959 10
960 9
961 6
962 10
963 9
964 7
965 10
966 10
967 7
968 8
969 10
970 9
971 8
972 7
973 9
974 9
975 10
976 8
977 10
978 9
979 10
980 9
981 9
982 9
983 7
984 10
985 10
986 10
987 11
988 10
989 9
990 11
991 8
992 9
993 8
994 10
995 9
996 9
997 9
998 9
999 9
1000 8
1001 11
1002 10
1003 9
1004 8
1005 10
1006 8
1007 8
1008 9
1009 6
1010 10
1011 9
1012 10
1013 9
1014 8
1015 11
1016 9
1017 10
1018 7
1019 8
1020 11
1021 8
1022 10
1023 11
1024 5
1025 9
1026 9
1027 10
1028 10
1029 7
1030 9
1031 8
1032 10
1033 9
1034 11
1035 10
1036 10
1037 9
1038 10
1039 8
1040 10
1041 9
1042 7
1043 10
1044 10
1045 11
1046 9
1047 10
1048 8
1049 8
1050 10
1051 8
1052 9
1053 8
1054 10
1055 10
1056 10
1057 9
1058 6
1059 9
1060 9
1061 8
1062 9
1063 7
1064 10
1065 11
1066 10
1067 9
1068 10
1069 9
1070 10
1071 10
1072 8
1073 10
1074 9
1075 9
1076 9
1077 9
1078 9
1079 9
1080 10
1081 10
1082 8
1083 7
1084 9
1085 11
1086 10
1087 8
1088 8
1089 8
1090 10
1091 9
1092 11
1093 8
1094 8
1095 11
1096 10
1097 8
1098 9
1099 9
1100 10
1101 9
1102 10
1103 9
1104 9
1105 11
1106 10
1107 9
1108 8
1109 9
1110 11
1111 10
1112 9
1113 9
1114 9
1115 9
1116 10
1117 9
1118 10
1119 9
1120 10
1121 9
1122 11
1123 9
1124 10
1125 8
1126 7
1127 8
1128 11
1129 8
1130 11
1131 11
1132 8
1133 9
1134 8
1135 8
1136 9
1137 9
1138 9
1139 9
1140 11
1141 9
1142 10
1143 9
1144 11
1145 9
1146 9
1147 10
1148 10
1149 9
1150 9
1151 9
1152 7
1153 7
1154 7
1155 12
1156 7
1157 10
1158 10
1159 9
1160 11
1161 9
1162 9
1163 7
1164 9
1165 10
1166 9
1167 10
1168 9
1169 10
1170 11
1171 8
1172 9
1173 10
1174 8
1175 10
1176 9
1177 10
1178 10
1179 8
1180 10
1181 7
1182 10
1183 8
1184 9
1185 11
1186 8
1187 10
1188 10
1189 10
1190 11
1191 10
1192 10
1193 7
1194 9
1195 10
1196 10
1197 10
1198 8
1199 10
1200 9
1201 8
1202 10
1203 9
1204 10
1205 8
1206 9
1207 10
1208 9
1209 11
1210 9
1211 10
1212 10
1213 9
1214 9
1215 8
1216 8
1217 7
1218 11
1219 8
1220 10
1221 11
1222 11
1223 8
1224 10
1225 8
1226 8
1227 9
1228 9
1229 8
1230 11
1231 8
1232 10
1233 10
1234 9
1235 11
1236 9
1237 9
1238 9
1239 10
1240 11
1241 10
1242 9
1243 11
1244 7
1245 10
1246 10
1247 10
1248 10
1249 9
1250 6
1251 9
1252 10
1253 9
1254 11
1255 9
1256 9
1257 7
1258 10
1259 9
1260 11
1261 9
1262 9
1263 9
1264 9
1265 11
1266 10
1267 10
1268 10
1269 10
1270 10
1271 10
1272 9
1273 9
1274 9
1275 10
1276 11
1277 7
1278 10
1279 8
1280 7
1281 10
1282 9
1283 8
1284 10
1285 11
1286 9
1287 11
1288 10
1289 9
1290 11
1291 10
1292 10
1293 8
1294 8
1295 11
1296 7
1297 8
1298 10
1299 10
1300 10
1301 7
1302 11
1303 9
1304 9
1305 11
1306 9
1307 8
1308 10
1309 11
1310 9
1311 10
1312 9
1313 10
1314 10
1315 10
1316 11
1317 10
1318 10
1319 9
1320 12
1321 8
1322 7
1323 8
1324 8
1325 8
1326 11
1327 9
1328 8
1329 9
1330 11
1331 6
1332 10
1333 10
1334 10
1335 11
1336 10
1337 9
1338 9
1339 9
1340 10
1341 10
1342 10
1343 10
1344 9
1345 10
1346 8
1347 10
1348 9
1349 10
1350 9
1351 10
1352 8
1353 11
1354 9
1355 10
1356 11
1357 9
1358 9
1359 9
1360 10
1361 8
1362 8
1363 11
1364 11
1365 12
1366 9
1367 9
1368 10
1369 6
1370 11
1371 10
1372 7
1373 10
1374 9
1375 9
1376 9
1377 8
1378 9
1379 10
1380 11
1381 9
1382 7
1383 9
1384 10
1385 9
1386 11
1387 10
1388 9
1389 10
1390 10
1391 10
1392 10
1393 9
1394 10
1395 11
1396 10
1397 10
1398 10
1399 9
1400 10
1401 10
1402 9
1403 9
1404 10
1405 11
1406 10
1407 10
1408 8
1409 7
1410 12
1411 9
1412 9
1413 9
1414 10
1415 9
1416 10
1417 10
1418 8
1419 11
1420 11
1421 9
1422 10
1423 8
1424 9
1425 10
1426 10
1427 8
1428 11
1429 9
1430 12
1431 8
1432 9
1433 6
1434 10
1435 11
1436 9
1437 9
1438 6
1439 9
1440 10
1441 9
1442 9
1443 11
1444 7
1445 8
1446 8
1447 7
1448 10
1449 10
1450 10
1451 9
1452 9
1453 10
1454 9
1455 10
1456 10
1457 11
1458 6
1459 9
1460 11
1461 10
1462 10
1463 11
1464 10
1465 10
1466 10
1467 9
1468 9
1469 11
1470 10
1471 8
1472 8
1473 10
1474 10
1475 9
1476 10
1477 10
1478 7
1479 11
1480 11
1481 9
1482 11
1483 10
1484 9
1485 11
1486 10
1487 8
1488 10
1489 9
1490 11
1491 11
1492 9
1493 9
1494 9
1495 11
1496 11
1497 10
1498 10
1499 8
1500 9
1501 10
1502 9
1503 10
1504 10
1505 11
1506 9
1507 11
1508 11
1509 9
1510 10
1511 9
1512 10
1513 10
1514 8
1515 11
1516 9
1517 10
1518 11
1519 9
1520 10
1521 8
1522 9
1523 6
1524 10
1525 9
1526 10
1527 8
1528 9
1529 10
1530 11
1531 7
1532 9
1533 11
1534 10
1535 10
1536 6
1537 9
1538 9
1539 8
1540 12
1541 9
1542 11
1543 6
1544 10
1545 10
1546 9
1547 11
1548 10
1549 8
1550 10
1551 12
1552 8
1553 8
1554 11
1555 8
1556 10
1557 10
1558 10
1559 9
1560 12
1561 9
1562 11
1563 8
1564 10
1565 11
1566 10
1567 9
1568 8
1569 10
1570 10
1571 9
1572 9
1573 9
1574 9
1575 10
1576 10
1577 9
1578 10
1579 8
1580 11
1581 11
1582 11
1583 7
1584 10
1585 11
1586 10
1587 7
1588 10
1589 8
1590 10
1591 10
1592 9
1593 9
1594 8
1595 12
1596 11
1597 7
1598 11
1599 11
1600 8
1601 9
1602 10
1603 9
1604 9
1605 11
1606 11
1607 9
1608 10
1609 8
1610 11
1611 9
1612 11
1613 10
1614 10
1615 11
1616 9
1617 10
1618 10
1619 5
1620 9
1621 9
1622 10
1623 9
1624 11
1625 9
1626 10
1627 9
1628 11
1629 10
1630 10
1631 10
1632 10
1633 10
1634 10
1635 11
1636 9
1637 9
1638 11
1639 11
1640 11
1641 9
1642 9
1643 9
1644 11
1645 12
1646 10
1647 9
1648 8
1649 9
1650 11
1651 10
1652 10
1653 11
1654 8
1655 9
1656 10
1657 10
1658 10
1659 11
1660 10
1661 10
1662 9
1663 9
1664 8
1665 11
1666 9
1667 7
1668 10
1669 8
1670 11
1671 10
1672 11
1673 10
1674 10
1675 9
1676 7
1677 11
1678 9
1679 10
1680 11
1681 6
1682 7
1683 11
1684 9
1685 10
1686 11
1687 8
1688 10
1689 8
1690 9
1691 10
1692 11
1693 10
1694 9
1695 12
1696 8
1697 8
1698 9
1699 9
1700 10
1701 8
1702 10
1703 9
1704 11
1705 12
1706 8
1707 10
1708 10
1709 9
1710 11
1711 10
1712 9
1713 11
1714 9
1715 8
1716 12
1717 10
1718 9
1719 9
1720 11
1721 8
1722 11
1723 8
1724 8
1725 10
1726 9
1727 10
1728 8
1729 11
1730 11
1731 8
1732 10
1733 9
1734 8
1735 10
1736 11
1737 10
1738 11
1739 11
1740 12
1741 8
1742 10
1743 10
1744 9
1745 11
1746 9
1747 8
1748 10
1749 10
1750 9
1751 9
1752 11
1753 10
1754 8
1755 11
1756 10
1757 9
1758 10
1759 9
1760 11
1761 9
1762 9
1763 10
1764 9
1765 10
1766 9
1767 11
1768 11
1769 10
1770 11
1771 11
1772 9
1773 10
1774 10
1775 10
1776 10
1777 9
1778 10
1779 9
1780 11
1781 11
1782 9
1783 9
1784 9
1785 12
1786 11
1787 7
1788 11
1789 8
1790 10
1791 9
1792 7
1793 10
1794 11
1795 10
1796 10
1797 9
1798 11
1799 11
1800 10
1801 9
1802 9
1803 11
1804 11
1805 8
1806 11
1807 10
1808 10
1809 9
1810 11
1811 10
1812 10
1813 9
1814 10
1815 10
1816 8
1817 10
1818 10
1819 10
1820 12
1821 10
1822 10
1823 9
1824 10
1825 10
1826 10
1827 11
1828 10
1829 10
1830 11
1831 10
1832 9
1833 12
1834 9
1835 10
1836 10
1837 11
1838 8
1839 9
1840 10
1841 10
1842 10
1843 9
1844 9
1845 11
1846 11
1847 7
1848 12
1849 6
1850 10
1851 10
1852 10
1853 10
1854 9
1855 10
1856 9
1857 10
1858 9
1859 9
1860 12
1861 9
1862 9
1863 8
1864 10
1865 10
1866 8
1867 10
1868 10
1869 11
1870 12
1871 10
1872 10
1873 9
1874 8
1875 7
1876 10
1877 8
1878 11
1879 6
1880 12
1881 11
1882 9
1883 10
1884 10
1885 12
1886 10
1887 11
1888 9
1889 10
1890 11
1891 10
1892 11
1893 10
1894 9
1895 10
1896 11
1897 10
1898 11
1899 10
1900 10
1901 8
1902 11
1903 11
1904 10
1905 11
1906 7
1907 9
1908 9
1909 9
1910 10
1911 10
1912 10
1913 8
1914 12
1915 10
1916 9
1917 10
1918 11
1919 10
1920 9
1921 11
1922 7
1923 10
1924 11
1925 11
1926 10
1927 11
1928 8
1929 10
1930 11
1931 8
1932 11
1933 9
1934 8
1935 11
1936 8
1937 11
1938 11
1939 9
1940 10
1941 9
1942 9
1943 10
1944 8
1945 11
1946 10
1947 11
1948 10
1949 9
1950 11
1951 9
1952 9
1953 11
1954 11
1955 11
1956 10
1957 9
1958 11
1959 10
1960 10
1961 9
1962 10
1963 10
1964 10
1965 10
1966 8
1967 11
1968 10
1969 10
1970 11
1971 10
1972 11
1973 9
1974 12
1975 10
1976 11
1977 11
1978 10
1979 9
1980 12
1981 9
1982 9
1983 8
1984 9
1985 11
1986 9
1987 9
1988 11
1989 11
1990 10
1991 11
1992 10
1993 9
1994 10
1995 12
1996 10
1997 8
1998 10
1999 9
2000 8
2001 11
2002 12
2003 8
2004 11
2005 10
2006 10
2007 9
2008 9
2009 9
2010 11
2011 9
2012 9
2013 11
2014 9
2015 12
2016 10
2017 9
2018 7
2019 9
2020 11
2021 11
2022 10
2023 8
2024 11
2025 8
2026 10
2027 8
2028 9
2029 10
2030 12
2031 10
2032 9
2033 10
2034 11
2035 12
2036 8
2037 10
2038 9
2039 8
2040 12
2041 10
2042 9
2043 8
2044 11
2045 10
2046 12
2047 10
2048 5
2049 10
2050 10
2051 10
2052 10
2053 10
2054 11
2055 12
2056 11
2057 9
2058 8
2059 11
2060 10
2061 9
2062 9
2063 6
2064 10
2065 11
2066 10
2067 10
2068 12
2069 10
2070 11
2071 10
2072 11
2073 8
2074 10
2075 9
2076 11
2077 10
2078 9
2079 11
2080 11
2081 9
2082 10
2083 8
2084 8
2085 11
2086 11
2087 10
2088 11
2089 9
2090 12
2091 11
2092 10
2093 11
2094 11
2095 8
2096 8
2097 10
2098 9
2099 9
2100 11
2101 10
2102 9
2103 10
2104 10
2105 10
2106 9
2107 9
2108 11
2109 11
2110 11
2111 8
2112 10
2113 10
2114 10
2115 12
2116 7
2117 11
2118 10
2119 10
2120 10
2121 11
2122 9
2123 11
2124 10
2125 9
2126 8
2127 9
2128 10
2129 8
2130 12
2131 9
2132 11
2133 10
2134 10
2135 11
2136 11
2137 9
2138 10
2139 11
2140 11
2141 9
2142 11
2143 7
2144 9
2145 13
2146 11
2147 11
2148 10
2149 10
2150 10
2151 10
2152 10
2153 9
2154 10
2155 9
2156 10
2157 7
2158 10
2159 10
2160 10
2161 8
2162 11
2163 10
2164 9
2165 11
2166 8
2167 11
2168 10
2169 8
2170 12
2171 11
2172 11
2173 9
2174 9
2175 11
2176 8
2177 8
2178 9
2179 9
2180 11
2181 10
2182 10
2183 10
2184 12
2185 11
2186 9
2187 5
2188 9
2189 10
2190 12
2191 11
2192 10
2193 11
2194 9
2195 11
2196 10
2197 6
2198 10
2199 11
2200 11
2201 11
2202 10
2203 9
2204 11
2205 10
2206 10
2207 10
2208 10
2209 7
2210 12
2211 11
2212 11
2213 11
2214 10
2215 10
2216 9
2217 8
2218 10
2219 11
2220 12
2221 7
2222 11
2223 11
2224 9
2225 10
2226 10
2227 9
2228 10
2229 11
2230 10
2231 9
2232 11
2233 12
2234 10
2235 12
2236 11
2237 8
2238 10
2239 9
2240 10
2241 9
2242 10
2243 9
2244 12
2245 11
2246 10
2247 11
2248 11
2249 11
2250 9
2251 9
2252 8
2253 10
2254 9
2255 12
2256 11
2257 10
2258 9
2259 9
2260 12
2261 11
2262 12
2263 11
2264 9
2265 11
2266 10
2267 9
2268 9
2269 8
2270 9
2271 9
2272 10
2273 7
2274 10
2275 11
2276 10
2277 11
2278 10
2279 9
2280 12
2281 10
2282 10
2283 10
2284 11
2285 11
2286 10
2287 10
2288 11
2289 11
2290 10
2291 11
2292 10
2293 10
2294 11
2295 11
2296 11
2297 9
2298 10
2299 9
2300 10
2301 11
2302 10
2303 10
2304 7
2305 10
2306 8
2307 10
2308 8
2309 6
2310 13
2311 9
2312 8
2313 11
2314 11
2315 11
2316 11
2317 9
2318 10
2319 10
2320 11
2321 11
2322 10
2323 10
2324 10
2325 11
2326 8
2327 10
2328 10
2329 11
2330 11
2331 11
2332 10
2333 10
2334 11
2335 11
2336 10
2337 11
2338 11
2339 9
2340 12
2341 8
2342 9
2343 12
2344 10
2345 11
2346 11
2347 10
2348 9
2349 9
2350 11
2351 9
2352 9
2353 11
2354 11
2355 11
2356 11
2357 9
2358 9
2359 10
2360 11
2361 10
2362 8
2363 10
2364 11
2365 12
2366 9
2367 10
2368 9
2369 9
2370 12
2371 9
2372 9
2373 12
2374 11
2375 9
2376 11
2377 9
2378 11
2379 11
2380 12
2381 8
2382 11
2383 9
2384 10
2385 10
2386 8
2387 12
2388 10
2389 10
2390 11
2391 9
2392 11
2393 9
2394 11
2395 10
2396 9
2397 12
2398 11
2399 10
2400 10
2401 5
2402 9
2403 10
2404 11
2405 12
2406 10
2407 10
2408 11
2409 12
2410 9
2411 8
2412 10
2413 10
2414 11
2415 12
2416 9
2417 8
2418 12
2419 10
2420 10
2421 10
2422 11
2423 10
2424 11
2425 9
2426 10
2427 11
2428 10
2429 10
2430 9
2431 12
2432 8
2433 11
2434 8
2435 11
2436 12
2437 6
2438 9
2439 10
2440 11
2441 9
2442 12
2443 11
2444 12
2445 11
2446 9
2447 8
2448 10
2449 11
2450 9
2451 11
2452 9
2453 10
2454 10
2455 11
2456 10
2457 11
2458 9
2459 10
2460 12
2461 10
2462 9
2463 10
2464 11
2465 12
2466 11
2467 10
2468 10
2469 11
2470 12
2471 10
2472 10
2473 9
2474 10
2475 11
2476 10
2477 8
2478 11
2479 10
2480 11
2481 9
2482 11
2483 10
2484 10
2485 12
2486 12
2487 11
2488 8
2489 9
2490 11
2491 10
2492 11
2493 9
2494 11
2495 11
2496 10
2497 9
2498 10
2499 10
2500 7
2501 10
2502 10
2503 8
2504 11
2505 12
2506 10
2507 10
2508 12
2509 11
2510 10
2511 9
2512 9
2513 10
2514 8
2515 10
2516 11
2517 10
2518 10
2519 10
2520 12
2521 9
2522 10
2523 8
2524 10
2525 10
2526 10
2527 8
2528 10
2529 11
2530 12
2531 10
2532 11
2533 11
2534 11
2535 10
2536 11
2537 10
2538 11
2539 8
2540 11
2541 10
2542 11
2543 10
2544 9
2545 9
2546 10
2547 9
2548 10
2549 8
2550 11
2551 10
2552 12
2553 11
2554 8
2555 12
2556 11
2557 8
2558 9
2559 9
2560 7
2561 11
2562 11
2563 11
2564 10
2565 11
2566 9
2567 10
2568 11
2569 10
2570 12
2571 10
2572 10
2573 10
2574 12
2575 9
2576 10
2577 10
2578 10
2579 10
2580 12
2581 11
2582 11
2583 11
2584 11
2585 13
2586 9
2587 10
2588 9
2589 10
2590 12
2591 10
2592 8
2593 9
2594 9
2595 12
2596 11
2597 8
2598 11
2599 11
2600 11
2601 8
2602 8
2603 11
2604 12
2605 9
2606 10
2607 12
2608 9
2609 8
2610 12
2611 10
2612 10
2613 11
2614 9
2615 11
2616 11
2617 10
2618 12
2619 9
2620 10
2621 9
2622 11
2623 10
2624 9
2625 10
2626 11
2627 11
2628 11
2629 11
2630 11
2631 9
2632 12
2633 8
2634 11
2635 12
2636 11
2637 10
2638 10
2639 12
2640 12
2641 10
2642 9
2643 10
2644 8
2645 8
2646 9
2647 8
2648 9
2649 10
2650 9
2651 9
2652 12
2653 10
2654 10
2655 11
2656 9
2657 7
2658 10
2659 11
2660 12
2661 11
2662 7
2663 9
2664 11
2665 12
2666 11
2667 11
2668 11
2669 10
2670 12
2671 9
2672 10
2673 9
2674 10
2675 10
2676 10
2677 8
2678 10
2679 12
2680 11
2681 10
2682 11
2683 9
2684 11
2685 11
2686 11
2687 11
2688 9
2689 9
2690 11
2691 11
2692 9
2693 8
2694 11
2695 11
2696 10
2697 12
2698 11
2699 8
2700 10
2701 11
2702 11
2703 10
2704 8
2705 10
2706 12
2707 9
2708 10
2709 11
2710 11
2711 10
2712 12
2713 10
2714 10
2715 12
2716 10
2717 12
2718 10
2719 9
2720 11
2721 11
2722 9
2723 11
2724 9
2725 10
2726 12
2727 10
2728 12
2729 8
2730 13
2731 10
2732 10
2733 11
2734 10
2735 10
2736 10
2737 11
2738 7
2739 11
2740 12
2741 8
2742 11
2743 11
2744 8
2745 11
2746 11
2747 10
2748 10
2749 8
2750 10
2751 10
2752 9
2753 9
2754 9
2755 12
2756 10
2757 9
2758 11
2759 11
2760 12
2761 10
2762 10
2763 10
2764 8
2765 12
2766 10
2767 10
2768 10
2769 12
2770 10
2771 10
2772 12
2773 11
2774 11
2775 11
2776 10
2777 9
2778 11
2779 11
2780 11
2781 9
2782 11
2783 9
2784 11
2785 11
2786 10
2787 10
2788 11
2789 8
2790 12
2791 10
2792 11
2793 10
2794 11
2795 12
2796 11
2797 10
2798 10
2799 8
2800 10
2801 10
2802 11
2803 8
2804 10
2805 13
2806 10
2807 10
2808 11
2809 5
2810 12
2811 9
2812 11
2813 10
2814 11
2815 9
2816 8
2817 11
2818 8
2819 10
2820 13
2821 12
2822 10
2823 10
2824 10
2825 11
2826 10
2827 12
2828 11
2829 11
2830 10
2831 11
2832 10
2833 10
2834 11
2835 10
2836 9
2837 8
2838 12
2839 11
2840 12
2841 10
2842 10
2843 9
2844 11
2845 11
2846 9
2847 12
2848 10
2849 12
2850 11
2851 9
2852 11
2853 11
2854 9
2855 12
2856 12
2857 9
2858 10
2859 8
2860 13
2861 9
2862 9
2863 10
2864 9
2865 11
2866 7
2867 11
2868 11
2869 10
2870 12
2871 12
2872 10
2873 9
2874 10
2875 9
2876 7
2877 12
2878 10
2879 9
2880 10
2881 10
2882 10
2883 8
2884 10
2885 9
2886 12
2887 10
2888 8
2889 10
2890 9
2891 9
2892 9
2893 11
2894 8
2895 12
2896 10
2897 6
2898 11
2899 10
2900 11
2901 9
2902 10
2903 11
2904 10
2905 11
2906 11
2907 11
2908 10
2909 8
2910 11
2911 11
2912 11
2913 10
2914 12
2915 11
2916 7
2917 9
2918 10
2919 11
2920 12
2921 10
2922 11
2923 11
2924 11
2925 11
2926 12
2927 10
2928 10
2929 11
2930 11
2931 12
2932 11
2933 8
2934 10
2935 10
2936 10
2937 12
2938 12
2939 8
2940 11
2941 11
2942 9
2943 10
2944 8
2945 12
2946 11
2947 10
2948 11
2949 9
2950 10
2951 9
2952 11
2953 9
2954 11
2955 12
2956 8
2957 10
2958 12
2959 11
2960 11
2961 12
2962 10
2963 9
2964 12
2965 10
2966 11
2967 11
2968 10
2969 9
2970 12
2971 11
2972 11
2973 10
2974 9
2975 11
2976 11
2977 10
2978 10
2979 9
2980 12
2981 11
2982 12
2983 10
2984 10
2985 11
2986 10
2987 10
2988 10
2989 9
2990 12
2991 11
2992 11
2993 11
2994 11
2995 10
2996 11
2997 9
2998 9
2999 10
3000 10
3001 7
3002 11
3003 13
3004 10
3005 12
3006 11
3007 10
3008 10
3009 11
3010 12
3011 8
3012 10
3013 9
3014 12
3015 11
3016 12
3017 9
3018 10
3019 9
3020 11
3021 10
3022 10
3023 10
3024 10
3025 9
3026 11
3027 8
3028 9
3029 11
3030 12
3031 11
3032 10
3033 10
3034 11
3035 11
3036 12
3037 11
3038 10
3039 11
3040 11
3041 9
3042 9
3043 10
3044 10
3045 13
3046 7
3047 10
3048 11
3049 9
3050 10
3051 11
3052 11
3053 11
3054 9
3055 13
3056 9
3057 10
3058 11
3059 11
3060 12
3061 10
3062 8
3063 10
3064 10
3065 10
3066 12
3067 9
3068 11
3069 12
3070 11
3071 10
3072 7
3073 11
3074 10
3075 11
3076 10
3077 11
3078 9
3079 11
3080 13
3081 12
3082 10
3083 8
3084 12
3085 11
3086 7
3087 8
3088 10
3089 10
3090 11
3091 12
3092 10
3093 10
3094 12
3095 11
3096 11
3097 10
3098 9
3099 11
3100 11
3101 10
3102 13
3103 11
3104 9
3105 11
3106 9
3107 11
3108 12
3109 8
3110 9
3111 11
3112 11
3113 10
3114 11
3115 12
3116 11
3117 10
3118 10
3119 10
3120 12
3121 10
3122 10
3123 10
3124 12
3125 6
3126 9
3127 9
3128 11
3129 12
3130 12
3131 11
3132 11
3133 9
3134 10
3135 13
3136 8
3137 8
3138 11
3139 11
3140 11
3141 11
3142 10
3143 11
3144 10
3145 12
3146 10
3147 10
3148 10
3149 11
3150 11
3151 11
3152 10
3153 10
3154 10
3155 11
3156 11
3157 12
3158 9
3159 9
3160 12
3161 11
3162 12
3163 10
3164 12
3165 12
3166 8
3167 8
3168 11
3169 9
3170 12
3171 11
3172 11
3173 11
3174 8
3175 10
3176 11
3177 10
3178 9
3179 9
3180 11
3181 9
3182 11
3183 10
3184 9
3185 11
3186 10
3187 10
3188 9
3189 9
3190 13
3191 10
3192 12
3193 10
3194 8
3195 12
3196 12
3197 10
3198 12
3199 11
3200 8
3201 11
3202 10
3203 9
3204 11
3205 11
3206 10
3207 11
3208 10
3209 7
3210 12
3211 9
3212 12
3213 11
3214 10
3215 11
3216 10
3217 11
3218 9
3219 12
3220 12
3221 10
3222 10
3223 11
3224 12
3225 11
3226 11
3227 10
3228 11
3229 9
3230 12
3231 10
3232 10
3233 9
3234 11
3235 10
3236 11
3237 11
3238 6
3239 11
3240 10
3241 11
3242 10
3243 12
3244 11
3245 12
3246 10
3247 10
3248 11
3249 8
3250 10
3251 8
3252 11
3253 9
3254 10
3255 13
3256 12
3257 10
3258 11
3259 8
3260 11
3261 10
3262 11
3263 10
3264 10
3265 11
3266 11
3267 9
3268 11
3269 11
3270 12
3271 11
3272 10
3273 11
3274 10
3275 9
3276 12
3277 12
3278 12
3279 10
3280 11
3281 11
3282 10
3283 9
3284 10
3285 12
3286 10
3287 11
3288 12
3289 12
3290 13
3291 10
3292 11
3293 11
3294 10
3295 12
3296 9
3297 11
3298 10
3299 9
3300 12
3301 9
3302 11
3303 10
3304 11
3305 9
3306 12
3307 11
3308 9
3309 11
3310 10
3311 12
3312 10
3313 9
3314 11
3315 13
3316 11
3317 11
3318 12
3319 9
3320 11
3321 9
3322 11
3323 10
3324 10
3325 11
3326 10
3327 11
3328 8
3329 9
3330 12
3331 11
3332 10
3333 12
3334 8
3335 12
3336 11
3337 12
3338 9
3339 10
3340 12
3341 12
3342 11
3343 9
3344 11
3345 11
3346 11
3347 9
3348 11
3349 11
3350 10
3351 11
3352 8
3353 10
3354 12
3355 12
3356 10
3357 10
3358 11
3359 10
3360 12
3361 10
3362 7
3363 11
3364 8
3365 10
3366 12
3367 12
3368 10
3369 11
3370 11
3371 9
3372 12
3373 10
3374 9
3375 9
3376 10
3377 11
3378 9
3379 11
3380 10
3381 10
3382 11
3383 10
3384 12
3385 11
3386 11
3387 10
3388 10
3389 8
3390 13
3391 9
3392 8
3393 12
3394 9
3395 11
3396 10
3397 11
3398 10
3399 11
3400 11
3401 10
3402 9
3403 10
3404 11
3405 10
3406 10
3407 8
3408 11
3409 11
3410 13
3411 10
3412 9
3413 10
3414 11
3415 11
3416 11
3417 11
3418 10
3419 11
3420 12
3421 9
3422 11
3423 11
3424 10
3425 11
3426 12
3427 11
3428 10
3429 10
3430 9
3431 12
3432 13
3433 10
3434 11
3435 11
3436 10
3437 11
3438 10
3439 11
3440 11
3441 12
3442 9
3443 12
3444 12
3445 11
3446 9
3447 10
3448 9
3449 7
3450 11
3451 12
3452 10
3453 11
3454 11
3455 9
3456 8
3457 10
3458 12
3459 9
3460 12
3461 8
3462 9
3463 9
3464 11
3465 13
3466 10
3467 7
3468 9
3469 9
3470 11
3471 12
3472 11
3473 10
3474 11
3475 10
3476 12
3477 11
3478 12
3479 10
3480 13
3481 6
3482 9
3483 9
3484 11
3485 12
3486 11
3487 12
3488 10
3489 9
3490 12
3491 9
3492 10
3493 11
3494 9
3495 12
3496 11
3497 11
3498 11
3499 9
3500 10
3501 11
3502 10
3503 12
3504 11
3505 11
3506 11
3507 12
3508 9
3509 10
3510 12
3511 9
3512 11
3513 10
3514 10
3515 12
3516 11
3517 9
3518 10
3519 11
3520 11
3521 10
3522 10
3523 11
3524 10
3525 12
3526 11
3527 10
3528 10
3529 10
3530 11
3531 12
3532 10
3533 10
3534 12
3535 12
3536 11
3537 9
3538 11
3539 11
3540 12
3541 9
3542 12
3543 9
3544 10
3545 10
3546 11
3547 10
3548 11
3549 10
3550 11
3551 9
3552 11
3553 12
3554 10
3555 12
3556 11
3557 9
3558 10
3559 9
3560 12
3561 12
3562 12
3563 9
3564 10
3565 12
3566 10
3567 12
3568 9
3569 10
3570 13
3571 8
3572 12
3573 11
3574 8
3575 12
3576 12
3577 10
3578 9
3579 9
3580 11
3581 10
3582 10
3583 8
3584 7
3585 12
3586 11
3587 11
3588 12
3589 10
3590 11
3591 11
3592 11
3593 8
3594 10
3595 8
3596 12
3597 12
3598 12
3599 10
3600 10
3601 10
3602 10
3603 10
3604 10
3605 11
3606 12
3607 10
3608 12
3609 10
3610 9
3611 10
3612 12
3613 10
3614 11
3615 10
3616 11
3617 10
3618 10
3619 13
3620 12
3621 12
3622 11
3623 8
3624 11
3625 10
3626 10
3627 12
3628 11
3629 10
3630 11
3631 9
3632 8
3633 12
3634 11
3635 11
3636 11
3637 7
3638 11
3639 11
3640 13
3641 10
3642 11
3643 11
3644 11
3645 8
3646 10
3647 9
3648 10
3649 11
3650 11
3651 9
3652 11
3653 12
3654 12
3655 12
3656 11
3657 10
3658 11
3659 10
3660 12
3661 11
3662 11
3663 12
3664 9
3665 12
3666 13
3667 11
3668 10
3669 10
3670 11
3671 5
3672 11
3673 9
3674 12
3675 10
3676 9
3677 10
3678 10
3679 10
3680 11
3681 10
3682 11
3683 11
3684 11
3685 12
3686 10
3687 10
3688 10
3689 12
3690 12
3691 9
3692 12
3693 10
3694 8
3695 9
3696 12
3697 10
3698 7
3699 11
3700 11
3701 11
3702 11
3703 8
3704 11
3705 13
3706 11
3707 11
3708 10
3709 10
3710 11
3711 11
3712 9
3713 12
3714 11
3715 12
3716 10
3717 11
3718 10
3719 10
3720 13
3721 6
3722 10
3723 12
3724 10
3725 11
3726 9
3727 11
3728 10
3729 13
3730 11
3731 12
3732 9
3733 7
3734 11
3735 11
3736 11
3737 11
3738 12
3739 10
3740 13
3741 12
3742 11
3743 11
3744 11
3745 12
3746 10
3747 11
3748 9
3749 10
3750 8
3751 10
3752 11
3753 10
3754 9
3755 11
3756 12
3757 9
3758 7
3759 11
3760 12
3761 9
3762 12
3763 10
3764 10
3765 11
3766 11
3767 8
3768 11
3769 10
3770 13
3771 8
3772 11
3773 9
3774 12
3775 10
3776 9
3777 11
3778 11
3779 9
3780 12
3781 10
3782 11
3783 11
3784 12
3785 10
3786 11
3787 10
3788 10
3789 10
3790 11
3791 10
3792 11
3793 10
3794 11
3795 13
3796 12
3797 10
3798 11
3799 10
3800 11
3801 12
3802 9
3803 6
3804 12
3805 11
3806 12
3807 10
3808 11
3809 11
3810 12
3811 10
3812 8
3813 12
3814 10
3815 12
3816 10
3817 11
3818 10
3819 11
3820 11
3821 9
3822 11
3823 9
3824 10
3825 11
3826 9
3827 11
3828 13
3829 10
3830 11
3831 9
3832 10
3833 10
3834 11
3835 12
3836 12
3837 10
3838 11
3839 12
3840 9
3841 11
3842 12
3843 11
3844 8
3845 11
3846 11
3847 10
3848 12
3849 10
3850 12
3851 10
3852 11
3853 10
3854 12
3855 13
3856 8
3857 12
3858 11
3859 9
3860 12
3861 12
3862 9
3863 9
3864 12
3865 11
3866 10
3867 11
3868 9
3869 10
3870 12
3871 10
3872 9
3873 12
3874 12
3875 10
3876 12
3877 9
3878 10
3879 9
3880 11
3881 9
3882 10
3883 11
3884 10
3885 13
3886 11
3887 9
3888 8
3889 9
3890 12
3891 10
3892 11
3893 10
3894 12
3895 12
3896 11
3897 11
3898 10
3899 11
3900 12
3901 11
3902 10
3903 9
3904 9
3905 13
3906 12
3907 10
3908 12
3909 11
3910 12
3911 8
3912 11
3913 12
3914 10
3915 12
3916 12
3917 9
3918 11
3919 10
3920 10
3921 10
3922 10
3923 9
3924 11
3925 10
3926 11
3927 13
3928 11
3929 10
3930 11
3931 11
3932 9
3933 11
3934 12
3935 11
3936 11
3937 11
3938 11
3939 12
3940 12
3941 9
3942 11
3943 8
3944 12
3945 12
3946 10
3947 10
3948 13
3949 11
3950 11
3951 11
3952 11
3953 10
3954 12
3955 13
3956 11
3957 11
3958 10
3959 11
3960 13
3961 11
3962 10
3963 10
3964 10
3965 12
3966 9
3967 9
3968 9
3969 8
3970 12
3971 9
3972 10
3973 12
3974 10
3975 10
3976 12
3977 10
3978 12
3979 11
3980 11
3981 11
3982 12
3983 11
3984 10
3985 10
3986 10
3987 10
3988 11
3989 10
3990 13
3991 11
3992 11
3993 8
3994 9
3995 13
3996 11
3997 12
3998 10
3999 12
4000 9
4001 10
4002 12
4003 10
4004 13
4005 12
4006 9
4007 10
4008 12
4009 11
4010 11
4011 11
4012 11
4013 8
4014 10
4015 13
4016 9
4017 11
4018 10
4019 11
4020 12
4021 9
4022 10
4023 11
4024 10
4025 11
4026 12
4027 9
4028 10
4029 12
4030 13
4031 11
4032 10
4033 11
4034 10
4035 12
4036 8
4037 11
4038 10
4039 9
4040 12
4041 11
4042 12
4043 9
4044 11
4045 12
4046 9
4047 12
4048 11
4049 10
4050 9
4051 10
4052 11
4053 12
4054 9
4055 12
4056 10
4057 10
4058 11
4059 12
4060 13
4061 10
4062 11
4063 11
4064 10
4065 12
4066 11
4067 9
4068 12
4069 12
4070 13
4071 11
4072 9
4073 11
4074 11
4075 10
4076 10
4077 10
4078 9
4079 10
4080 12
4081 11
4082 11
4083 10
4084 10
4085 12
4086 9
4087 10
4088 12
4089 13
4090 11
4091 7
4092 13
4093 11
4094 11
4095 13
4096 5
4097 9
4098 11
4099 11
4100 11
4101 11
4102 11
4103 11
4104 11
4105 11
4106 11
4107 8
4108 12
4109 10
4110 13
4111 8
4112 11
4113 11
4114 10
4115 12
4116 9
4117 10
4118 12
4119 12
4120 11
4121 12
4122 10
4123 12
4124 10
4125 11
4126 7
4127 8
4128 11
4129 10
4130 12
4131 9
4132 11
4133 9
4134 11
4135 10
4136 13
4137 12
4138 11
4139 11
4140 12
4141 11
4142 11
4143 11
4144 11
4145 12
4146 9
4147 13
4148 11
4149 10
4150 10
4151 10
4152 12
4153 10
4154 11
4155 11
4156 10
4157 11
4158 12
4159 9
4160 11
4161 12
4162 10
4163 11
4164 11
4165 11
4166 9
4167 11
4168 9
4169 11
4170 12
4171 10
4172 12
4173 12
4174 11
4175 11
4176 11
4177 10
4178 10
4179 11
4180 13
4181 12
4182 12
4183 12
4184 11
4185 12
4186 12
4187 10
4188 12
4189 11
4190 9
4191 12
4192 9
4193 10
4194 11
4195 11
4196 10
4197 11
4198 10
4199 12
4200 12
4201 9
4202 11
4203 11
4204 10
4205 9
4206 11
4207 12
4208 10
4209 11
4210 11
4211 8
4212 10
4213 11
4214 10
4215 13
4216 12
4217 7
4218 12
4219 7
4220 12
4221 11
4222 9
4223 10
4224 10
4225 9
4226 11
4227 9
4228 11
4229 10
4230 13
4231 11
4232 8
4233 11
4234 12
4235 11
4236 11
4237 10
4238 11
4239 10
4240 10
4241 9
4242 12
4243 9
4244 10
4245 11
4246 12
4247 12
4248 11
4249 11
4250 10
4251 12
4252 9
4253 9
4254 10
4255 12
4256 11
4257 12
4258 9
4259 10
4260 13
4261 11
4262 10
4263 11
4264 12
4265 10
4266 11
4267 10
4268 11
4269 10
4270 12
4271 9
4272 11
4273 8
4274 10
4275 11
4276 11
4277 13
4278 12
4279 12
4280 12
4281 10
4282 10
4283 9
4284 12
4285 11
4286 8
4287 11
4288 9
4289 10
4290 14
4291 10
4292 12
4293 8
4294 12
4295 11
4296 11
4297 10
4298 11
4299 8
4300 11
4301 12
4302 11
4303 10
4304 10
4305 13
4306 10
4307 11
4308 11
4309 11
4310 10
4311 10
4312 11
4313 9
4314 8
4315 11
4316 11
4317 11
4318 11
4319 11
4320 11
4321 12
4322 9
4323 11
4324 12
4325 11
4326 11
4327 10
4328 10
4329 12
4330 12
4331 11
4332 9
4333 11
4334 12
4335 10
4336 10
4337 9
4338 9
4339 8
4340 13
4341 9
4342 12
4343 11
4344 12
4345 13
4346 10
4347 11
4348 10
4349 10
4350 12
4351 10
4352 8
4353 11
4354 9
4355 12
4356 10
4357 11
4358 10
4359 12
4360 12
4361 10
4362 11
4363 10
4364 11
4365 11
4366 11
4367 12
4368 12
4369 12
4370 12
4371 13
4372 10
4373 9
4374 6
4375 8
4376 10
4377 11
4378 11
4379 11
4380 13
4381 11
4382 12
4383 11
4384 11
4385 10
4386 12
4387 11
4388 10
4389 13
4390 12
4391 10
4392 11
4393 10
4394 7
4395 12
4396 11
4397 8
4398 12
4399 9
4400 11
4401 10
4402 12
4403 12
4404 11
4405 11
4406 10
4407 13
4408 12
4409 10
4410 11
4411 11
4412 11
4413 10
4414 11
4415 11
4416 10
4417 11
4418 8
4419 11
4420 13
4421 10
4422 12
4423 10
4424 12
4425 11
4426 12
4427 11
4428 11
4429 10
4430 11
4431 12
4432 9
4433 13
4434 9
4435 12
4436 11
4437 12
4438 12
4439 11
4440 13
4441 9
4442 8
4443 11
4444 12
4445 12
4446 12
4447 9
4448 10
4449 12
4450 11
4451 9
4452 11
4453 11
4454 10
4455 11
4456 11
4457 10
4458 12
4459 9
4460 11
4461 10
4462 10
4463 9
4464 11
4465 13
4466 13
4467 11
4468 11
4469 11
4470 13
4471 11
4472 12
4473 12
4474 9
4475 10
4476 11
4477 10
4478 10
4479 11
4480 10
4481 9
4482 10
4483 11
4484 11
4485 13
4486 10
4487 11
4488 13
4489 6
4490 12
4491 11
4492 11
4493 10
4494 12
4495 13
4496 11
4497 10
4498 12
4499 11
4500 10
4501 11
4502 10
4503 12
4504 9
4505 11
4506 11
4507 11
4508 10
4509 11
4510 13
4511 11
4512 12
4513 10
4514 11
4515 13
4516 10
4517 8
4518 10
4519 9
4520 13
4521 13
4522 12
4523 11
4524 13
4525 11
4526 12
4527 10
4528 9
4529 10
4530 12
4531 11
4532 11
4533 11
4534 10
4535 12
4536 10
4537 12
4538 9
4539 12
4540 10
4541 11
4542 10
4543 12
4544 10
4545 12
4546 8
4547 11
4548 11
4549 9
4550 12
4551 12
4552 11
4553 11
4554 12
4555 12
4556 11
4557 11
4558 10
4559 11
4560 12
4561 9
4562 11
4563 9
4564 11
4565 12
4566 11
4567 9
4568 12
4569 8
4570 12
4571 11
4572 11
4573 11
4574 11
4575 11
4576 12
4577 10
4578 12
4579 9
4580 11
4581 9
4582 12
4583 11
4584 11
4585 11
4586 11
4587 12
4588 12
4589 11
4590 12
4591 9
4592 11
4593 9
4594 10
4595 10
4596 11
4597 7
4598 10
4599 12
4600 11
4601 11
4602 12
4603 10
4604 11
4605 12
4606 11
4607 11
4608 7
4609 9
4610 11
4611 11
4612 9
4613 12
4614 11
4615 13
4616 9
4617 9
4618 7
4619 12
4620 14
4621 10
4622 10
4623 11
4624 8
4625 10
4626 12
4627 9
4628 12
4629 8
4630 12
4631 11
4632 12
4633 12
4634 10
4635 11
4636 11
4637 6
4638 11
4639 10
4640 12
4641 13
4642 12
4643 11
4644 11
4645 11
4646 11
4647 10
4648 11
4649 9
4650 12
4651 10
4652 9
4653 13
4654 11
4655 11
4656 10
4657 11
4658 12
4659 10
4660 12
4661 11
4662 12
4663 9
4664 11
4665 10
4666 11
4667 11
4668 12
4669 12
4670 12
4671 11
4672 10
4673 10
4674 12
4675 12
4676 12
4677 11
4678 10
4679 10
4680 13
4681 11
4682 9
4683 11
4684 10
4685 10
4686 13
4687 11
4688 10
4689 9
4690 12
4691 10
4692 12
4693 9
4694 11
4695 13
4696 10
4697 12
4698 10
4699 11
4700 12
4701 11
4702 10
4703 10
4704 10
4705 11
4706 12
4707 11
4708 12
4709 10
4710 12
4711 10
4712 12
4713 11
4714 10
4715 12
4716 10
4717 10
4718 11
4719 11
4720 11
4721 9
4722 11
4723 9
4724 9
4725 11
4726 11
4727 11
4728 12
4729 11
4730 13
4731 11
4732 10
4733 10
4734 11
4735 11
4736 9
4737 10
4738 10
4739 11
4740 13
4741 10
4742 10
4743 12
4744 10
4745 13
4746 13
4747 12
4748 12
4749 9
4750 10
4751 8
4752 11
4753 9
4754 10
4755 13
4756 12
4757 11
4758 12
4759 9
4760 13
4761 8
4762 9
4763 12
4764 12
4765 9
4766 10
4767 10
4768 11
4769 10
4770 11
4771 11
4772 9
4773 12
4774 13
4775 10
4776 11
4777 12
4778 11
4779 9
4780 12
4781 11
4782 10
4783 10
4784 11
4785 14
4786 10
4787 9
4788 12
4789 10
4790 11
4791 9
4792 10
4793 11
4794 13
4795 13
4796 12
4797 12
4798 11
4799 10
4800 10
4801 8
4802 6
4803 11
4804 10
4805 9
4806 11
4807 12
4808 12
4809 11
4810 13
4811 10
4812 11
4813 8
4814 11
4815 12
4816 11
4817 10
4818 13
4819 11
4820 10
4821 11
4822 9
4823 11
4824 11
4825 11
4826 11
4827 10
4828 12
4829 12
4830 13
4831 10
4832 10
4833 10
4834 9
4835 10
4836 13
4837 9
4838 11
4839 12
4840 11
4841 11
4842 11
4843 12
4844 12
4845 13
4846 11
4847 10
4848 11
4849 11
4850 10
4851 11
4852 11
4853 11
4854 12
4855 11
4856 11
4857 7
4858 11
4859 12
4860 10
4861 11
4862 13
4863 11
4864 8
4865 12
4866 12
4867 11
4868 9
4869 10
4870 12
4871 9
4872 13
4873 11
4874 7
4875 11
4876 10
4877 9
4878 11
4879 12
4880 11
4881 11
4882 10
4883 12
4884 13
4885 13
4886 12
4887 11
4888 13
4889 10
4890 12
4891 11
4892 10
4893 12
4894 9
4895 13
4896 11
4897 10
4898 12
4899 12
4900 10
4901 10
4902 12
4903 9
4904 10
4905 12
4906 11
4907 11
4908 11
4909 9
4910 12
4911 11
4912 10
4913 6
4914 12
4915 10
4916 10
4917 13
4918 11
4919 10
4920 13
4921 12
4922 11
4923 10
4924 10
4925 11
4926 11
4927 11
4928 11
4929 11
4930 13
4931 11
4932 12
4933 10
4934 11
4935 14
4936 11
4937 12
4938 12
4939 12
4940 13
4941 9
4942 11
4943 7
4944 10
4945 12
4946 10
4947 11
4948 11
4949 10
4950 12
4951 8
4952 11
4953 12
4954 9
4955 11
4956 12
4957 11
4958 11
4959 12
4960 12
4961 10
4962 10
4963 10
4964 12
4965 11
4966 11
4967 9
4968 11
4969 11
4970 13
4971 12
4972 13
4973 10
4974 12
4975 10
4976 8
4977 12
4978 10
4979 11
4980 12
4981 11
4982 11
4983 12
4984 12
4985 12
4986 10
4987 10
4988 12
4989 11
4990 12
4991 12
4992 10
4993 10
4994 10
4995 12
4996 11
4997 11
4998 11
4999 9
5000 8
5001 9
5002 11
5003 10
5004 11
5005 14
5006 9
5007 10
5008 11
5009 10
5010 13
5011 10
5012 11
5013 11
5014 11
5015 12
5016 13
5017 12
5018 12
5019 12
5020 11
5021 8
5022 10
5023 9
5024 10
5025 11
5026 11
5027 12
5028 9
5029 12
5030 11
5031 12
5032 12
5033 8
5034 11
5035 11
5036 11
5037 12
5038 11
5039 9
5040 12
5041 7
5042 10
5043 8
5044 11
5045 9
5046 9
5047 9
5048 11
5049 12
5050 11
5051 8
5052 11
5053 11
5054 9
5055 12
5056 10
5057 12
5058 12
5059 9
5060 13
5061 10
5062 11
5063 10
5064 12
5065 12
5066 12
5067 9
5068 12
5069 12
5070 11
5071 11
5072 11
5073 12
5074 11
5075 12
5076 12
5077 11
5078 9
5079 12
5080 12
5081 9
5082 11
5083 12
5084 12
5085 13
5086 11
5087 11
5088 10
5089 11
5090 10
5091 10
5092 11
5093 12
5094 10
5095 11
5096 11
5097 11
5098 9
5099 8
5100 12
5101 11
5102 11
5103 8
5104 12
5105 11
5106 12
5107 9
5108 9
5109 11
5110 13
5111 11
5112 12
5113 10
5114 9
5115 14
5116 10
5117 12
5118 10
5119 11
5120 8
5121 11
5122 12
5123 12
5124 12
5125 10
5126 12
5127 11
5128 11
5129 10
5130 12
5131 12
5132 10
5133 12
5134 11
5135 13
5136 11
5137 12
5138 11
5139 12
5140 13
5141 9
5142 11
5143 11
5144 11
5145 10
5146 11
5147 7
5148 13
5149 11
5150 10
5151 12
5152 11
5153 9
5154 11
5155 11
5156 11
5157 10
5158 11
5159 12
5160 13
5161 12
5162 12
5163 10
5164 12
5165 12
5166 12
5167 9
5168 11
5169 10
5170 14
5171 9
5172 10
5173 9
5174 11
5175 11
5176 10
5177 12
5178 11
5179 11
5180 13
5181 12
5182 11
5183 12
5184 8
5185 12
5186 10
5187 13
5188 10
5189 7
5190 13
5191 11
5192 12
5193 9
5194 9
5195 11
5196 12
5197 10
5198 12
5199 11
5200 11
5201 12
5202 9
5203 10
5204 9
5205 12
5206 12
5207 11
5208 13
5209 11
5210 10
5211 11
5212 11
5213 11
5214 13
5215 13
5216 10
5217 13
5218 9
5219 11
5220 13
5221 9
5222 11
5223 10
5224 11
5225 12
5226 12
5227 9
5228 10
5229 11
5230 12
5231 10
5232 11
5233 11
5234 11
5235 13
5236 13
5237 10
5238 10
5239 10
5240 11
5241 10
5242 10
5243 10
5244 12
5245 11
5246 11
5247 11
5248 9
5249 12
5250 11
5251 11
5252 12
5253 11
5254 12
5255 11
5256 12
5257 11
5258 12
5259 12
5260 12
5261 10
5262 10
5263 10
5264 12
5265 11
5266 9
5267 10
5268 12
5269 11
5270 13
5271 11
5272 12
5273 10
5274 11
5275 11
5276 11
5277 11
5278 13
5279 10
5280 13
5281 9
5282 11
5283 10
5284 10
5285 12
5286 11
5287 9
5288 9
5289 12
5290 9
5291 13
5292 10
5293 11
5294 9
5295 12
5296 9
5297 10
5298 11
5299 10
5300 10
5301 12
5302 10
5303 10
5304 13
5305 11
5306 11
5307 12
5308 11
5309 9
5310 12
5311 13
5312 9
5313 13
5314 8
5315 10
5316 11
5317 11
5318 12
5319 11
5320 13
5321 12
5322 12
5323 12
5324 8
5325 12
5326 10
5327 11
5328 11
5329 7
5330 13
5331 11
5332 12
5333 9
5334 12
5335 12
5336 12
5337 10
5338 11
5339 12
5340 13
5341 10
5342 10
5343 13
5344 11
5345 12
5346 10
5347 10
5348 11
5349 11
5350 11
5351 10
5352 11
5353 10
5354 9
5355 13
5356 11
5357 12
5358 13
5359 11
5360 11
5361 9
5362 11
5363 12
5364 12
5365 13
5366 10
5367 10
5368 12
5369 12
5370 12
5371 10
5372 12
5373 10
5374 12
5375 10
5376 9
5377 10
5378 10
5379 12
5380 12
5381 8
5382 12
5383 11
5384 10
5385 12
5386 9
5387 11
5388 12
5389 12
5390 12
5391 10
5392 10
5393 10
5394 13
5395 12
5396 12
5397 13
5398 9
5399 10
5400 11
5401 12
5402 12
5403 11
5404 12
5405 13
5406 11
5407 10
5408 9
5409 12
5410 11
5411 11
5412 13
5413 11
5414 10
5415 10
5416 11
5417 12
5418 12
5419 9
5420 12
5421 12
5422 11
5423 13
5424 12
5425 12
5426 11
5427 9
5428 11
5429 11
5430 13
5431 10
5432 11
5433 12
5434 13
5435 11
5436 11
5437 9
5438 10
5439 11
5440 11
5441 6
5442 12
5443 10
5444 10
5445 11
5446 12
5447 9
5448 10
5449 9
5450 11
5451 12
5452 13
5453 12
5454 11
5455 12
5456 12
5457 12
5458 9
5459 9
5460 14
5461 11
5462 11
5463 11
5464 11
5465 11
5466 12
5467 13
5468 11
5469 11
5470 11
5471 7
5472 11
5473 11
5474 12
5475 12
5476 8
5477 8
5478 12
5479 10
5480 13
5481 12
5482 9
5483 10
5484 12
5485 11
5486 12
5487 12
5488 8
5489 12
5490 12
5491 9
5492 12
5493 12
5494 11
5495 12
5496 11
5497 11
5498 9
5499 13
5500 11
5501 9
5502 11
5503 9
5504 9
5505 12
5506 10
5507 11
5508 10
5509 11
5510 13
5511 13
5512 11
5513 12
5514 10
5515 12
5516 12
5517 10
5518 12
5519 6
5520 12
5521 11
5522 11
5523 12
5524 11
5525 12
5526 11
5527 10
5528 9
5529 11
5530 13
5531 10
5532 11
5533 11
5534 11
5535 12
5536 11
5537 11
5538 13
5539 11
5540 11
5541 9
5542 11
5543 9
5544 13
5545 12
5546 12
5547 8
5548 12
5549 11
5550 12
5551 12
5552 10
5553 11
5554 10
5555 13
5556 12
5557 10
5558 12
5559 12
5560 12
5561 10
5562 10
5563 9
5564 12
5565 12
5566 10
5567 11
5568 11
5569 10
5570 12
5571 11
5572 11
5573 9
5574 11
5575 10
5576 12
5577 11
5578 9
5579 10
5580 13
5581 10
5582 11
5583 11
5584 11
5585 12
5586 11
5587 11
5588 12
5589 9
5590 13
5591 10
5592 12
5593 13
5594 11
5595 12
5596 11
5597 12
5598 9
5599 10
5600 11
5601 12
5602 11
5603 10
5604 12
5605 12
5606 9
5607 12
5608 11
5609 12
5610 14
5611 12
5612 11
5613 12
5614 11
5615 12
5616 11
5617 12
5618 6
5619 11
5620 13
5621 13
5622 10
5623 7
5624 12
5625 8
5626 11
5627 10
5628 12
5629 12
5630 10
5631 10
5632 8
5633 10
5634 12
5635 11
5636 9
5637 8
5638 11
5639 11
5640 14
5641 11
5642 13
5643 12
5644 11
5645 11
5646 11
5647 9
5648 10
5649 12
5650 12
5651 10
5652 11
5653 11
5654 13
5655 14
5656 12
5657 11
5658 12
5659 9
5660 11
5661 12
5662 12
5663 12
5664 11
5665 12
5666 11
5667 12
5668 12
5669 9
5670 11
5671 10
5672 10
5673 12
5674 9
5675 9
5676 13
5677 12
5678 12
5679 11
5680 12
5681 12
5682 11
5683 11
5684 11
5685 12
5686 10
5687 11
5688 12
5689 10
5690 12
5691 12
5692 10
5693 9
5694 13
5695 12
5696 10
5697 11
5698 13
5699 11
5700 12
5701 9
5702 10
5703 10
5704 12
5705 12
5706 12
5707 12
5708 10
5709 13
5710 13
5711 10
5712 12
5713 12
5714 10
5715 12
5716 11
5717 9
5718 9
5719 12
5720 14
5721 11
5722 10
5723 10
5724 10
5725 10
5726 11
5727 11
5728 10
5729 11
5730 12
5731 10
5732 8
5733 11
5734 12
5735 13
5736 12
5737 11
5738 11
5739 10
5740 13
5741 10
5742 13
5743 10
5744 10
5745 12
5746 10
5747 11
5748 11
5749 8
5750 10
5751 10
5752 8
5753 12
5754 13
5755 12
5756 11
5757 12
5758 10
5759 11
5760 10
5761 12
5762 11
5763 13
5764 11
5765 10
5766 9
5767 12
5768 11
5769 11
5770 10
5771 11
5772 13
5773 10
5774 11
5775 13
5776 8
5777 10
5778 11
5779 9
5780 10
5781 13
5782 10
5783 11
5784 10
5785 13
5786 12
5787 11
5788 9
5789 10
5790 13
5791 11
5792 11
5793 10
5794 7
5795 12
5796 12
5797 13
5798 11
5799 11
5800 12
5801 9
5802 10
5803 12
5804 11
5805 12
5806 12
5807 10
5808 10
5809 11
5810 12
5811 13
5812 12
5813 10
5814 12
5815 10
5816 11
5817 11
5818 9
5819 9
5820 12
5821 9
5822 12
5823 10
5824 11
5825 11
5826 11
5827 11
5828 13
5829 12
5830 12
5831 9
5832 8
5833 11
5834 10
5835 13
5836 11
5837 12
5838 12
5839 9
5840 12
5841 12
5842 11
5843 10
5844 12
5845 13
5846 12
5847 11
5848 12
5849 7
5850 12
5851 9
5852 13
5853 11
5854 11
5855 11
5856 11
5857 12
5858 12
5859 12
5860 12
5861 11
5862 13
5863 13
5864 12
5865 13
5866 9
5867 10
5868 11
5869 9
5870 11
5871 11
5872 10
5873 11
5874 13
5875 11
5876 13
5877 11
5878 9
5879 10
5880 12
5881 10
5882 12
5883 11
5884 10
5885 13
5886 11
5887 9
5888 8
5889 12
5890 13
5891 12
5892 12
5893 11
5894 11
5895 11
5896 12
5897 9
5898 10
5899 11
5900 11
5901 13
5902 10
5903 11
5904 11
5905 10
5906 10
5907 12
5908 12
5909 9
5910 13
5911 12
5912 9
5913 10
5914 11
5915 11
5916 13
5917 10
5918 12
5919 11
5920 12
5921 11
5922 13
5923 10
5924 11
5925 12
5926 10
5927 10
5928 13
5929 9
5930 11
5931 12
5932 12
5933 12
5934 12
5935 13
5936 10
5937 11
5938 10
5939 12
5940 13
5941 12
5942 12
5943 11
5944 12
5945 13
5946 11
5947 12
5948 10
5949 9
5950 12
5951 11
5952 11
5953 11
5954 11
5955 13
5956 11
5957 12
5958 10
5959 11
5960 13
5961 11
5962 12
5963 11
5964 13
5965 10
5966 11
5967 12
5968 10
5969 12
5970 12
5971 10
5972 11
5973 13
5974 11
5975 11
5976 11
5977 11
5978 10
5979 11
5980 13
5981 10
5982 12
5983 12
5984 12
5985 13
5986 12
5987 10
5988 12
5989 11
5990 11
5991 10
5992 12
5993 11
5994 10
5995 13
5996 10
5997 11
5998 11
5999 11
6000 10
6001 11
6002 8
6003 12
6004 12
6005 11
6006 14
6007 8
6008 11
6009 10
6010 13
6011 10
6012 12
6013 11
6014 11
6015 12
6016 10
6017 11
6018 12
6019 12
6020 13
6021 10
6022 9
6023 12
6024 11
6025 9
6026 10
6027 11
6028 13
6029 9
6030 12
6031 11
6032 12
6033 11
6034 10
6035 13
6036 11
6037 9
6038 10
6039 12
6040 12
6041 11
6042 11
6043 10
6044 11
6045 14
6046 11
6047 10
6048 11
6049 11
6050 10
6051 11
6052 12
6053 11
6054 9
6055 13
6056 10
6057 10
6058 12
6059 11
6060 13
6061 13
6062 12
6063 13
6064 10
6065 12
6066 11
6067 11
6068 12
6069 10
6070 12
6071 12
6072 13
6073 11
6074 12
6075 9
6076 11
6077 10
6078 12
6079 10
6080 11
6081 10
6082 10
6083 13
6084 10
6085 10
6086 11
6087 12
6088 11
6089 10
6090 14
6091 10
6092 8
6093 11
6094 11
6095 11
6096 11
6097 12
6098 10
6099 12
6100 11
6101 9
6102 12
6103 11
6104 12
6105 14
6106 12
6107 12
6108 10
6109 12
6110 14
6111 11
6112 10
6113 8
6114 11
6115 11
6116 12
6117 10
6118 12
6119 12
6120 13
6121 11
6122 11
6123 12
6124 9
6125 9
6126 11
6127 12
6128 10
6129 9
6130 11
6131 11
6132 13
6133 9
6134 10
6135 12
6136 12
6137 9
6138 13
6139 10
6140 12
6141 12
6142 11
6143 10
6144 7
6145 11
6146 12
6147 11
6148 11
6149 13
6150 12
6151 9
6152 11
6153 12
6154 12
6155 11
6156 10
6157 11
6158 12
6159 12
6160 13
6161 11
6162 13
6163 11
6164 11
6165 13
6166 9
6167 11
6168 13
6169 11
6170 12
6171 11
6172 8
6173 10
6174 9
6175 12
6176 11
6177 13
6178 11
6179 12
6180 12
6181 11
6182 13
6183 10
6184 11
6185 12
6186 11
6187 11
6188 13
6189 8
6190 12
6191 11
6192 11
6193 10
6194 11
6195 13
6196 10
6197 11
6198 12
6199 11
6200 12
6201 11
6202 11
6203 10
6204 14
6205 13
6206 12
6207 12
6208 9
6209 12
6210 12
6211 10
6212 10
6213 12
6214 12
6215 14
6216 13
6217 10
6218 9
6219 9
6220 10
6221 9
6222 12
6223 10
6224 11
6225 11
6226 11
6227 11
6228 12
6229 10
6230 13
6231 12
6232 12
6233 11
6234 11
6235 13
6236 11
6237 11
6238 11
6239 11
6240 13
6241 7
6242 11
6243 11
6244 11
6245 12
6246 11
6247 11
6248 13
6249 10
6250 7
6251 13
6252 10
6253 10
6254 10
6255 12
6256 11
6257 10
6258 13
6259 12
6260 13
6261 12
6262 12
6263 11
6264 12
6265 12
6266 10
6267 11
6268 11
6269 10
6270 14
6271 10
6272 8
6273 12
6274 9
6275 10
6276 12
6277 10
6278 12
6279 13
6280 12
6281 13
6282 12
6283 10
6284 11
6285 10
6286 12
6287 9
6288 10
6289 10
6290 13
6291 11
6292 11
6293 13
6294 11
6295 12
6296 11
6297 11
6298 12
6299 11
6300 12
6301 11
6302 12
6303 12
6304 11
6305 12
6306 11
6307 11
6308 11
6309 11
6310 12
6311 9
6312 12
6313 11
6314 13
6315 12
6316 10
6317 11
6318 10
6319 12
6320 12
6321 11
6322 12
6323 10
6324 13
6325 12
6326 11
6327 12
6328 13
6329 9
6330 13
6331 12
6332 9
6333 10
6334 9
6335 13
6336 11
6337 11
6338 10
6339 12
6340 13
6341 11
6342 12
6343 10
6344 12
6345 13
6346 12
6347 10
6348 9
6349 12
6350 11
6351 13
6352 11
6353 8
6354 11
6355 13
6356 10
6357 12
6358 10
6359 10
6360 12
6361 10
6362 10
6363 12
6364 12
6365 12
6366 11
6367 10
6368 10
6369 13
6370 12
6371 10
6372 11
6373 9
6374 11
6375 11
6376 10
6377 12
6378 10
6379 9
6380 14
6381 10
6382 11
6383 12
6384 12
6385 10
6386 11
6387 10
6388 9
6389 9
6390 13
6391 12
6392 13
6393 11
6394 11
6395 11
6396 13
6397 10
6398 12
6399 10
6400 8
6401 12
6402 12
6403 11
6404 11
6405 13
6406 10
6407 12
6408 12
6409 13
6410 12
6411 11
6412 11
6413 9
6414 12
6415 11
6416 10
6417 12
6418 8
6419 9
6420 13
6421 11
6422 10
6423 11
6424 13
6425 12
6426 12
6427 11
6428 11
6429 9
6430 12
6431 11
6432 11
6433 10
6434 12
6435 14
6436 10
6437 11
6438 13
6439 13
6440 13
6441 13
6442 11
6443 11
6444 11
6445 12
6446 12
6447 12
6448 12
6449 10
6450 12
6451 7
6452 12
6453 11
6454 11
6455 13
6456 12
6457 11
6458 10
6459 11
6460 13
6461 13
6462 11
6463 12
6464 10
6465 11
6466 10
6467 11
6468 12
6469 9
6470 11
6471 8
6472 12
6473 12
6474 12
6475 12
6476 7
6477 12
6478 12
6479 13
6480 10
6481 7
6482 12
6483 10
6484 11
6485 11
6486 13
6487 12
6488 12
6489 11
6490 13
6491 9
6492 11
6493 11
6494 11
6495 13
6496 12
6497 12
6498 9
6499 10
6500 11
6501 13
6502 9
6503 11
6504 12
6505 10
6506 10
6507 9
6508 11
6509 10
6510 14
6511 11
6512 12
6513 13
6514 11
6515 12
6516 12
6517 9
6518 9
6519 11
6520 12
6521 11
6522 11
6523 11
6524 12
6525 12
6526 11
6527 11
6528 10
6529 10
6530 12
6531 10
6532 12
6533 12
6534 10
6535 11
6536 12
6537 11
6538 12
6539 11
6540 13
6541 12
6542 12
6543 11
6544 10
6545 14
6546 12
6547 9
6548 11
6549 12
6550 10
6551 11
6552 13
6553 9
6554 13
6555 13
6556 13
6557 11
6558 11
6559 10
6560 12
6561 5
6562 12
6563 8
6564 11
6565 13
6566 10
6567 12
6568 11
6569 9
6570 13
6571 10
6572 11
6573 13
6574 12
6575 11
6576 12
6577 10
6578 13
6579 12
6580 14
6581 11
6582 11
6583 10
6584 12
6585 13
6586 12
6587 11
6588 11
6589 11
6590 13
6591 8
6592 9
6593 11
6594 12
6595 12
6596 11
6597 12
6598 10
6599 8
6600 13
6601 12
6602 10
6603 13
6604 12
6605 11
6606 11
6607 10
6608 11
6609 11
6610 10
6611 13
6612 13
6613 12
6614 12
6615 11
6616 10
6617 10
6618 12
6619 11
6620 11
6621 12
6622 13
6623 11
6624 11
6625 9
6626 10
6627 9
6628 12
6629 11
6630 14
6631 12
6632 12
6633 12
6634 12
6635 12
6636 13
6637 10
6638 10
6639 13
6640 11
6641 11
6642 10
6643 13
6644 12
6645 12
6646 11
6647 9
6648 11
6649 11
6650 12
6651 9
6652 11
6653 9
6654 12
6655 9
6656 8
6657 13
6658 10
6659 12
6660 13
6661 9
6662 12
6663 9
6664 11
6665 13
6666 13
6667 12
6668 9
6669 12
6670 13
6671 9
6672 11
6673 11
6674 13
6675 12
6676 10
6677 12
6678 11
6679 11
6680 13
6681 11
6682 13
6683 11
6684 12
6685 12
6686 10
6687 12
6688 12
6689 8
6690 12
6691 9
6692 12
6693 11
6694 10
6695 12
6696 12
6697 12
6698 12
6699 14
6700 11
6701 9
6702 12
6703 11
6704 8
6705 13
6706 11
6707 11
6708 13
6709 10
6710 13
6711 10
6712 11
6713 11
6714 11
6715 13
6716 12
6717 11
6718 11
6719 8
6720 12
6721 14
6722 11
6723 9
6724 8
6725 11
6726 12
6727 9
6728 9
6729 11
6730 11
6731 10
6732 13
6733 11
6734 13
6735 13
6736 10
6737 11
6738 12
6739 11
6740 12
6741 12
6742 10
6743 11
6744 13
6745 13
6746 11
6747 13
6748 10
6749 12
6750 10
6751 11
6752 11
6753 11
6754 12
6755 13
6756 10
6757 12
6758 12
6759 11
6760 11
6761 12
6762 11
6763 10
6764 12
6765 14
6766 11
6767 11
6768 12
6769 10
6770 12
6771 12
6772 12
6773 10
6774 11
6775 11
6776 11
6777 10
6778 9
6779 10
6780 14
6781 9
6782 10
6783 13
6784 8
6785 12
6786 13
6787 12
6788 10
6789 13
6790 12
6791 10
6792 11
6793 9
6794 12
6795 12
6796 11
6797 11
6798 12
6799 12
6800 11
6801 11
6802 11
6803 11
6804 10
6805 11
6806 11
6807 10
6808 12
6809 12
6810 11
6811 10
6812 11
6813 10
6814 9
6815 14
6816 12
6817 11
6818 12
6819 9
6820 14
6821 11
6822 11
6823 8
6824 10
6825 13
6826 11
6827 10
6828 12
6829 10
6830 12
6831 12
6832 11
6833 11
6834 12
6835 12
6836 11
6837 11
6838 12
6839 13
6840 13
6841 9
6842 10
6843 12
6844 12
6845 9
6846 12
6847 12
6848 10
6849 11
6850 12
6851 13
6852 13
6853 13
6854 12
6855 13
6856 11
6857 9
6858 11
6859 6
6860 10
6861 12
6862 13
6863 9
6864 13
6865 13
6866 11
6867 12
6868 12
6869 11
6870 12
6871 11
6872 11
6873 13
6874 12
6875 9
6876 11
6877 9
6878 12
6879 12
6880 12
6881 10
6882 13
6883 9
6884 10
6885 11
6886 13
6887 11
6888 13
6889 6
6890 12
6891 11
6892 10
6893 12
6894 11
6895 13
6896 9
6897 11
6898 8
6899 10
6900 12
6901 10
6902 13
6903 12
6904 11
6905 12
6906 12
6907 11
6908 12
6909 12
6910 10
6911 10
6912 8
6913 11
6914 11
6915 12
6916 13
6917 11
6918 10
6919 13
6920 13
6921 11
6922 9
6923 12
6924 10
6925 10
6926 10
6927 8
6928 11
6929 10
6930 14
6931 12
6932 11
6933 11
6934 8
6935 13
6936 10
6937 11
6938 10
6939 12
6940 12
6941 12
6942 13
6943 9
6944 12
6945 13
6946 11
6947 9
6948 12
6949 9
6950 11
6951 11
6952 13
6953 11
6954 12
6955 13
6956 13
6957 11
6958 11
6959 11
6960 13
6961 11
6962 7
6963 13
6964 10
6965 12
6966 10
6967 10
6968 12
6969 12
6970 13
6971 8
6972 12
6973 11
6974 13
6975 12
6976 10
6977 11
6978 10
6979 12
6980 13
6981 12
6982 10
6983 10
6984 11
6985 13
6986 12
6987 13
6988 10
6989 10
6990 13
6991 11
6992 11
6993 12
6994 12
6995 12
6996 12
6997 10
6998 10
6999 12
7000 11
7001 9
7002 12
7003 13
7004 11
7005 13
7006 13
7007 12
7008 12
7009 11
7010 12
7011 12
7012 12
7013 11
7014 13
7015 12
7016 10
7017 11
7018 11
7019 11
7020 13
7021 12
7022 10
7023 10
7024 11
7025 12
7026 11
7027 11
7028 11
7029 13
7030 13
7031 12
7032 12
7033 11
7034 10
7035 13
7036 11
7037 10
7038 12
7039 11
7040 11
7041 12
7042 11
7043 10
7044 11
7045 10
7046 12
7047 10
7048 11
7049 11
7050 13
7051 12
7052 12
7053 11
7054 11
7055 12
7056 10
7057 10
7058 11
7059 13
7060 12
7061 11
7062 13
7063 9
7064 11
7065 12
7066 11
7067 11
7068 13
7069 8
7070 13
7071 11
7072 12
7073 12
7074 10
7075 10
7076 12
7077 12
7078 12
7079 10
7080 13
7081 11
7082 10
7083 11
7084 13
7085 13
7086 10
7087 11
7088 10
7089 12
7090 11
7091 12
7092 12
7093 12
7094 11
7095 14
7096 12
7097 12
7098 11
7099 11
7100 12
7101 11
7102 10
7103 12
7104 11
7105 12
7106 13
7107 11
7108 11
7109 10
7110 13
7111 11
7112 12
7113 11
7114 10
7115 11
7116 11
7117 11
7118 10
7119 13
7120 12
7121 10
7122 13
7123 9
7124 13
7125 11
7126 10
7127 10
7128 11
7129 10
7130 13
7131 11
7132 11
7133 11
7134 13
7135 11
7136 10
7137 12
7138 11
7139 10
7140 14
7141 12
7142 9
7143 10
7144 13
7145 12
7146 12
7147 11
7148 9
7149 11
7150 13
7151 11
7152 12
7153 9
7154 11
7155 11
7156 10
7157 11
7158 10
7159 9
7160 12
7161 14
7162 11
7163 13
7164 11
7165 9
7166 9
7167 12
7168 8
7169 11
7170 13
7171 12
7172 12
7173 10
7174 12
7175 12
7176 13
7177 9
7178 11
7179 11
7180 12
7181 12
7182 12
7183 12
7184 11
7185 12
7186 9
7187 10
7188 11
7189 13
7190 9
7191 13
7192 13
7193 8
7194 13
7195 12
7196 13
7197 12
7198 11
7199 12
7200 11
7201 11
7202 11
7203 7
7204 11
7205 12
7206 11
7207 11
7208 11
7209 10
7210 12
7211 10
7212 13
7213 9
7214 11
7215 14
7216 12
7217 11
7218 11
7219 11
7220 10
7221 12
7222 11
7223 12
7224 13
7225 9
7226 11
7227 13
7228 12
7229 12
7230 11
7231 12
7232 11
7233 10
7234 11
7235 10
7236 11
7237 10
7238 14
7239 12
7240 13
7241 12
7242 13
7243 10
7244 12
7245 13
7246 9
7247 9
7248 11
7249 13
7250 11
7251 10
7252 11
7253 10
7254 13
7255 12
7256 12
7257 12
7258 11
7259 12
7260 12
7261 11
7262 10
7263 11
7264 9
7265 13
7266 13
7267 10
7268 12
7269 12
7270 12
7271 10
7272 12
7273 11
7274 8
7275 11
7276 12
7277 11
7278 12
7279 11
7280 13
7281 12
7282 11
7283 9
7284 12
7285 14
7286 12
7287 12
7288 12
7289 12
7290 9
7291 12
7292 11
7293 14
7294 10
7295 12
7296 10
7297 12
7298 12
7299 12
7300 12
7301 11
7302 10
7303 11
7304 12
7305 13
7306 13
7307 9
7308 13
7309 10
7310 13
7311 8
7312 11
7313 11
7314 11
7315 14
7316 12
7317 11
7318 11
7319 10
7320 13
7321 8
7322 12
7323 11
7324 12
7325 11
7326 13
7327 10
7328 10
7329 13
7330 13
7331 10
7332 14
7333 12
7334 12
7335 12
7336 11
7337 13
7338 11
7339 11
7340 12
7341 10
7342 6
7343 11
7344 11
7345 14
7346 10
7347 13
7348 13
7349 11
7350 11
7351 8
7352 10
7353 12
7354 11
7355 11
7356 11
7357 11
7358 11
7359 12
7360 11
7361 12
7362 11
7363 11
7364 12
7365 13
7366 12
7367 10
7368 12
7369 10
7370 13
7371 11
7372 11
7373 12
7374 11
7375 10
7376 10
7377 12
7378 13
7379 12
7380 13
7381 10
7382 10
7383 12
7384 13
7385 13
7386 11
7387 11
7388 9
7389 11
7390 10
7391 12
7392 13
7393 11
7394 11
7395 14
7396 8
7397 12
7398 12
7399 10
7400 12
7401 12
7402 12
7403 11
7404 12
7405 12
7406 9
7407 12
7408 11
7409 12
7410 14
7411 12
7412 12
7413 12
7414 12
7415 13
7416 11
7417 9
7418 11
7419 11
7420 12
7421 12
7422 12
7423 13
7424 9
7425 12
7426 13
7427 11
7428 12
7429 12
7430 13
7431 10
7432 11
7433 10
7434 12
7435 11
7436 11
7437 12
7438 11
7439 12
7440 13
7441 10
7442 7
7443 10
7444 11
7445 12
7446 13
7447 12
7448 11
7449 12
7450 12
7451 10
7452 10
7453 13
7454 12
7455 14
7456 11
7457 9
7458 14
7459 11
7460 12
7461 12
7462 13
7463 12
7464 10
7465 12
7466 8
7467 11
7468 12
7469 12
7470 12
7471 10
7472 11
7473 12
7474 12
7475 12
7476 13
7477 11
7478 11
7479 10
7480 14
7481 9
7482 13
7483 12
7484 12
7485 13
7486 12
7487 11
7488 11
7489 11
7490 13
7491 11
7492 11
7493 11
7494 12
7495 11
7496 10
7497 11
7498 11
7499 10
7500 9
7501 10
7502 11
7503 12
7504 11
7505 13
7506 11
7507 11
7508 10
7509 10
7510 12
7511 13
7512 13
7513 12
7514 10
7515 13
7516 8
7517 11
7518 12
7519 11
7520 13
7521 12
7522 10
7523 7
7524 13
7525 12
7526 11
7527 13
7528 11
7529 9
7530 12
7531 11
7532 12
7533 10
7534 9
7535 14
7536 11
7537 10
7538 11
7539 12
7540 14
7541 10
7542 9
7543 12
7544 12
7545 12
7546 10
7547 12
7548 13
7549 9
7550 11
7551 11
7552 9
7553 12
7554 12
7555 12
7556 12
7557 12
7558 10
7559 11
7560 13
7561 10
7562 11
7563 11
7564 12
7565 13
7566 12
7567 13
7568 12
7569 9
7570 11
7571 12
7572 12
7573 7
7574 11
7575 12
7576 11
7577 11
7578 11
7579 12
7580 12
7581 10
7582 11
7583 10
7584 12
7585 13
7586 11
7587 12
7588 12
7589 8
7590 14
7591 11
7592 13
7593 12
7594 11
7595 12
7596 12
7597 12
7598 11
7599 13
7600 11
7601 10
7602 13
7603 11
7604 10
7605 11
7606 7
7607 8
7608 13
7609 11
7610 12
7611 12
7612 13
7613 10
7614 11
7615 9
7616 11
7617 10
7618 12
7619 11
7620 13
7621 9
7622 11
7623 11
7624 9
7625 10
7626 13
7627 12
7628 11
7629 12
7630 13
7631 11
7632 10
7633 12
7634 12
7635 11
7636 11
7637 12
7638 12
7639 11
7640 12
7641 10
7642 10
7643 10
7644 12
7645 13
7646 10
7647 10
7648 11
7649 9
7650 12
7651 11
7652 10
7653 12
7654 12
7655 10
7656 14
7657 13
7658 11
7659 12
7660 12
7661 12
7662 10
7663 11
7664 10
7665 14
7666 11
7667 13
7668 12
7669 8
7670 13
7671 10
7672 13
7673 10
7674 11
7675 11
7676 12
7677 10
7678 13
7679 11
7680 9
7681 10
7682 12
7683 13
7684 13
7685 12
7686 12
7687 11
7688 9
7689 13
7690 12
7691 9
7692 12
7693 10
7694 11
7695 11
7696 12
7697 11
7698 11
7699 11
7700 13
7701 12
7702 11
7703 10
7704 12
7705 12
7706 11
7707 12
7708 13
7709 11
7710 14
7711 12
7712 9
7713 11
7714 13
7715 9
7716 12
7717 11
7718 10
7719 12
7720 13
7721 12
7722 13
7723 10
7724 10
7725 11
7726 10
7727 10
7728 12
7729 10
7730 12
7731 11
7732 11
7733 13
7734 12
7735 14
7736 10
7737 12
7738 11
7739 12
7740 13
7741 10
7742 11
7743 13
7744 9
7745 11
7746 13
7747 11
7748 13
7749 12
7750 11
7751 11
7752 13
7753 8
7754 10
7755 15
7756 11
7757 11
7758 10
7759 11
7760 11
7761 12
7762 10
7763 12
7764 11
7765 11
7766 12
7767 11
7768 11
7769 12
7770 14
7771 11
7772 12
7773 12
7774 10
7775 9
7776 9
7777 13
7778 10
7779 11
7780 13
7781 11
7782 11
7783 12
7784 12
7785 13
7786 11
7787 11
7788 13
7789 11
7790 13
7791 10
7792 11
7793 12
7794 12
7795 12
7796 11
7797 13
7798 12
7799 11
7800 13
7801 12
7802 12
7803 9
7804 11
7805 12
7806 10
7807 12
7808 9
7809 13
7810 14
7811 12
7812 13
7813 13
7814 11
7815 11
7816 13
7817 11
7818 12
7819 12
7820 13
7821 13
7822 9
7823 10
7824 11
7825 12
7826 13
7827 10
7828 11
7829 12
7830 13
7831 11
7832 13
7833 12
7834 10
7835 12
7836 12
7837 11
7838 11
7839 12
7840 11
7841 9
7842 11
7843 13
7844 11
7845 13
7846 10
7847 12
7848 12
7849 13
7850 11
7851 12
7852 12
7853 10
7854 14
7855 12
7856 11
7857 9
7858 11
7859 12
7860 12
7861 12
7862 12
7863 11
7864 10
7865 12
7866 12
7867 9
7868 13
7869 12
7870 12
7871 12
7872 11
7873 11
7874 12
7875 11
7876 12
7877 10
7878 13
7879 10
7880 13
7881 13
7882 10
7883 10
7884 12
7885 12
7886 9
7887 13
7888 12
7889 9
7890 13
7891 12
7892 11
7893 10
7894 11
7895 11
7896 14
7897 11
7898 12
7899 10
7900 12
7901 10
7902 12
7903 11
7904 12
7905 14
7906 11
7907 10
7908 13
7909 9
7910 14
7911 11
7912 12
7913 12
7914 12
7915 10
7916 11
7917 14
7918 12
7919 9
7920 13
7921 7
7922 12
7923 12
7924 11
7925 12
7926 11
7927 12
7928 11
7929 11
7930 13
7931 12
7932 10
7933 11
7934 10
7935 10
7936 9
7937 10
7938 9
7939 12
7940 13
7941 10
7942 10
7943 11
7944 11
7945 11
7946 13
7947 11
7948 11
7949 9
7950 11
7951 11
7952 12
7953 11
7954 11
7955 13
7956 13
7957 12
7958 12
7959 12
7960 12
7961 9
7962 12
7963 9
7964 13
7965 12
7966 12
7967 13
7968 11
7969 11
7970 11
7971 9
7972 11
7973 12
7974 11
7975 13
7976 12
7977 13
7978 11
7979 12
7980 14
7981 11
7982 12
7983 12
7984 11
7985 10
7986 9
7987 10
7988 10
7989 11
7990 14
7991 10
7992 12
7993 9
7994 13
7995 14
7996 11
7997 12
7998 13
7999 11
8000 9
8001 12
8002 11
8003 10
8004 13
8005 12
8006 11
8007 12
8008 14
8009 10
8010 13
8011 7
8012 10
8013 11
8014 11
8015 12
8016 12
8017 11
8018 12
8019 9
8020 12
8021 12
8022 12
8023 13
8024 12
8025 12
8026 9
8027 12
8028 11
8029 13
8030 14
8031 10
8032 10
8033 11
8034 12
8035 12
8036 11
8037 13
8038 12
8039 10
8040 13
8041 13
8042 10
8043 12
8044 11
8045 11
8046 12
8047 12
8048 10
8049 11
8050 12
8051 10
8052 13
8053 11
8054 10
8055 12
8056 11
8057 12
8058 13
8059 10
8060 14
8061 13
8062 12
8063 13
8064 10
8065 13
8066 12
8067 11
8068 11
8069 9
8070 13
8071 10
8072 9
8073 12
8074 12
8075 12
8076 11
8077 12
8078 10
8079 10
8080 12
8081 12
8082 12
8083 12
8084 13
8085 13
8086 10
8087 10
8088 12
8089 11
8090 13
8091 13
8092 10
8093 8
8094 13
8095 8
8096 12
8097 10
8098 11
8099 13
8100 10
8101 9
8102 11
8103 13
8104 12
8105 12
8106 13
8107 10
8108 10
8109 11
8110 13
8111 12
8112 10
8113 12
8114 11
8115 12
8116 12
8117 9
8118 13
8119 11
8120 14
8121 11
8122 11
8123 11
8124 12
8125 9
8126 12
8127 12
8128 10
8129 10
8130 13
8131 13
8132 12
8133 12
8134 10
8135 12
8136 13
8137 11
8138 13
8139 12
8140 14
8141 10
8142 12
8143 11
8144 9
8145 13
8146 12
8147 12
8148 12
8149 13
8150 11
8151 14
8152 11
8153 12
8154 11
8155 13
8156 10
8157 11
8158 11
8159 11
8160 13
8161 6
8162 12
8163 12
8164 12
8165 13
8166 11
8167 10
8168 11
8169 13
8170 13
8171 10
8172 10
8173 13
8174 11
8175 12
8176 12
8177 13
8178 14
8179 11
8180 12
8181 10
8182 8
8183 11
8184 14
8185 12
8186 12
8187 10
8188 12
8189 10
8190 14
8191 11
8192 5
8193 12
8194 10
8195 14
8196 12
8197 11
8198 12
8199 12
8200 12
8201 11
8202 12
8203 12
8204 12
8205 12
8206 12
8207 11
8208 11
8209 8
8210 12
8211 13
8212 12
8213 11
8214 9
8215 12
8216 13
8217 12
8218 11
8219 10
8220 14
8221 9
8222 9
8223 10
8224 12
8225 13
8226 12
8227 12
8228 11
8229 13
8230 13
8231 11
8232 10
8233 10
8234 11
8235 12
8236 13
8237 12
8238 13
8239 13
8240 11
8241 12
8242 13
8243 11
8244 11
8245 12
8246 13
8247 10
8248 11
8249 13
8250 12
8251 11
8252 8
8253 11
8254 9
8255 13
8256 11
8257 11
8258 11
8259 11
8260 13
8261 12
8262 10
8263 11
8264 12
8265 14
8266 10
8267 10
8268 12
8269 10
8270 11
8271 10
8272 13
8273 11
8274 13
8275 10
8276 12
8277 13
8278 12
8279 12
8280 13
8281 9
8282 12
8283 12
8284 12
8285 13
8286 12
8287 9
8288 12
8289 11
8290 13
8291 11
8292 10
8293 10
8294 14
8295 14
8296 12
8297 8
8298 11
8299 12
8300 11
8301 12
8302 11
8303 9
8304 12
8305 13
8306 11
8307 13
8308 12
8309 13
8310 12
8311 11
8312 11
8313 12
8314 12
8315 12
8316 13
8317 11
8318 10
8319 13
8320 11
8321 10
8322 13
8323 13
8324 11
8325 12
8326 12
8327 11
8328 12
8329 12
8330 12
8331 11
8332 10
8333 12
8334 12
8335 10
8336 9
8337 13
8338 12
8339 12
8340 13
8341 12
8342 11
8343 9
8344 13
8345 11
8346 13
8347 12
8348 12
8349 11
8350 12
8351 10
8352 12
8353 10
8354 11
8355 13
8356 11
8357 12
8358 12
8359 12
8360 14
8361 11
8362 13
8363 11
8364 13
8365 13
8366 13
8367 10
8368 11
8369 9
8370 13
8371 12
8372 13
8373 12
8374 11
8375 10
8376 13
8377 9
8378 12
8379 11
8380 10
8381 10
8382 13
8383 11
8384 9
8385 14
8386 11
8387 11
8388 12
8389 9
8390 12
8391 12
8392 11
8393 13
8394 12
8395 13
8396 11
8397 9
8398 13
8399 10
8400 12
8401 12
8402 10
8403 12
8404 12
8405 9
8406 12
8407 11
8408 11
8409 10
8410 10
8411 11
8412 12
8413 12
8414 13
8415 14
8416 11
8417 11
8418 12
8419 10
8420 12
8421 12
8422 9
8423 9
8424 11
8425 11
8426 12
8427 7
8428 11
8429 11
8430 14
8431 11
8432 12
8433 10
8434 8
8435 11
8436 13
8437 13
8438 8
8439 12
8440 13
8441 11
8442 12
8443 11
8444 10
8445 11
8446 11
8447 10
8448 10
8449 13
8450 10
8451 12
8452 12
8453 12
8454 10
8455 13
8456 12
8457 12
8458 11
8459 12
8460 14
8461 7
8462 12
8463 14
8464 8
8465 13
8466 12
8467 10
8468 13
8469 11
8470 12
8471 12
8472 12
8473 11
8474 11
8475 13
8476 12
8477 11
8478 11
8479 11
8480 11
8481 14
8482 10
8483 12
8484 13
8485 11
8486 10
8487 12
8488 11
8489 12
8490 12
8491 12
8492 13
8493 13
8494 13
8495 12
8496 11
8497 12
8498 12
8499 12
8500 11
8501 10
8502 13
8503 12
8504 10
8505 11
8506 10
8507 13
8508 11
8509 11
8510 13
8511 10
8512 11
8513 9
8514 13
8515 12
8516 10
8517 13
8518 11
8519 10
8520 14
8521 10
8522 12
8523 11
8524 11
8525 13
8526 12
8527 8
8528 12
8529 11
8530 11
8531 12
8532 12
8533 11
8534 11
8535 13
8536 12
8537 11
8538 11
8539 12
8540 13
8541 13
8542 10
8543 11
8544 12
8545 12
8546 9
8547 14
8548 11
8549 10
8550 12
8551 11
8552 12
8553 11
8554 14
8555 13
8556 13
8557 11
8558 13
8559 12
8560 12
8561 11
8562 11
8563 10
8564 11
8565 14
8566 10
8567 13
8568 13
8569 13
8570 12
8571 11
8572 9
8573 11
8574 12
8575 9
8576 9
8577 9
8578 11
8579 11
8580 15
8581 10
8582 11
8583 11
8584 13
8585 13
8586 9
8587 11
8588 13
8589 12
8590 12
8591 11
8592 11
8593 10
8594 11
8595 12
8596 12
8597 11
8598 9
8599 11
8600 12
8601 13
8602 13
8603 11
8604 12
8605 11
8606 11
8607 12
8608 11
8609 9
8610 14
8611 12
8612 11
8613 13
8614 12
8615 11
8616 12
8617 11
8618 12
8619 11
8620 11
8621 12
8622 11
8623 11
8624 11
8625 11
8626 10
8627 10
8628 9
8629 10
8630 12
8631 13
8632 12
8633 11
8634 12
8635 13
8636 12
8637 11
8638 12
8639 10
8640 11
8641 10
8642 13
8643 12
8644 10
8645 14
8646 12
8647 10
8648 13
8649 9
8650 12
8651 12
8652 12
8653 10
8654 11
8655 11
8656 10
8657 12
8658 13
8659 12
8660 13
8661 12
8662 12
8663 10
8664 10
8665 12
8666 12
8667 10
8668 13
8669 10
8670 11
8671 13
8672 11
8673 11
8674 10
8675 11
8676 10
8677 11
8678 9
8679 13
8680 14
8681 11
8682 10
8683 12
8684 13
8685 13
8686 12
8687 13
8688 12
8689 9
8690 14
8691 8
8692 11
8693 8
8694 12
8695 14
8696 11
8697 12
8698 11
8699 10
8700 13
8701 14
8702 11
8703 10
8704 8
8705 11
8706 12
8707 12
8708 10
8709 13
8710 13
8711 13
8712 11
8713 11
8714 12
8715 13
8716 11
8717 11
8718 13
8719 9
8720 12
8721 12
8722 11
8723 13
8724 12
8725 12
8726 11
8727 10
8728 12
8729 13
8730 12
8731 9
8732 12
8733 13
8734 13
8735 11
8736 13
8737 9
8738 13
8739 11
8740 13
8741 11
8742 14
8743 12
8744 11
8745 13
8746 10
8747 10
8748 7
8749 11
8750 9
8751 11
8752 10
8753 12
8754 12
8755 12
8756 12
8757 12
8758 12
8759 11
8760 14
8761 9
8762 12
8763 12
8764 13
8765 13
8766 12
8767 11
8768 11
8769 13
8770 11
8771 10
8772 13
8773 11
8774 12
8775 12
8776 11
8777 10
8778 14
8779 9
8780 13
8781 12
8782 11
8783 12
8784 11
8785 12
8786 11
8787 13
8788 8
8789 14
8790 13
8791 12
8792 12
8793 13
8794 9
8795 12
8796 13
8797 12
8798 10
8799 10
8800 12
8801 12
8802 11
8803 11
8804 13
8805 12
8806 13
8807 9
8808 12
8809 11
8810 12
8811 13
8812 11
8813 12
8814 14
8815 13
8816 12
8817 10
8818 11
8819 10
8820 12
8821 10
8822 12
8823 13
8824 12
8825 11
8826 11
8827 12
8828 12
8829 10
8830 12
8831 11
8832 10
8833 11
8834 12
8835 14
8836 9
8837 10
8838 12
8839 11
8840 14
8841 12
8842 11
8843 12
8844 13
8845 13
8846 11
8847 10
8848 12
8849 10
8850 12
8851 11
8852 13
8853 11
8854 12
8855 14
8856 12
8857 10
8858 11
8859 11
8860 12
8861 10
8862 13
8863 12
8864 10
8865 13
8866 14
8867 11
8868 10
8869 11
8870 13
8871 12
8872 12
8873 12
8874 13
8875 11
8876 13
8877 13
8878 12
8879 12
8880 13
8881 11
8882 10
8883 13
8884 9
8885 12
8886 12
8887 10
8888 13
8889 11
8890 13
8891 12
8892 13
8893 9
8894 10
8895 12
8896 10
8897 13
8898 13
8899 13
8900 12
8901 12
8902 10
8903 12
8904 12
8905 14
8906 12
8907 11
8908 11
8909 11
8910 12
8911 12
8912 11
8913 13
8914 11
8915 12
8916 13
8917 10
8918 10
8919 11
8920 12
8921 13
8922 11
8923 10
8924 11
8925 13
8926 10
8927 13
8928 12
8929 12
8930 14
8931 12
8932 14
8933 11
8934 12
8935 10
8936 12
8937 10
8938 12
8939 10
8940 14
8941 10
8942 12
8943 13
8944 12
8945 11
8946 13
8947 12
8948 10
8949 12
8950 11
8951 10
8952 12
8953 11
8954 11
8955 12
8956 11
8957 9
8958 12
8959 10
8960 10
8961 12
8962 10
8963 10
8964 11
8965 13
8966 12
8967 11
8968 12
8969 10
8970 14
8971 11
8972 11
8973 12
8974 12
8975 11
8976 13
8977 12
8978 7
8979 13
8980 13
8981 11
8982 12
8983 10
8984 12
8985 12
8986 11
8987 13
8988 13
8989 12
8990 14
8991 10
8992 12
8993 9
8994 11
8995 14
8996 13
8997 12
8998 12
8999 10
9000 11
9001 11
9002 12
9003 9
9004 11
9005 12
9006 13
9007 10
9008 9
9009 14
9010 12
9011 11
9012 12
9013 10
9014 12
9015 14
9016 11
9017 12
9018 12
9019 10
9020 14
9021 12
9022 12
9023 12
9024 12
9025 9
9026 11
9027 12
9028 12
9029 12
9030 14
9031 12
9032 11
9033 10
9034 9
9035 13
9036 11
9037 13
9038 10
9039 11
9040 13
9041 10
9042 14
9043 11
9044 13
9045 12
9046 12
9047 11
9048 14
9049 9
9050 12
9051 11
9052 13
9053 13
9054 11
9055 13
9056 10
9057 11
9058 11
9059 8
9060 13
9061 13
9062 12
9063 11
9064 12
9065 12
9066 12
9067 9
9068 11
9069 12
9070 13
9071 13
9072 10
9073 12
9074 13
9075 11
9076 10
9077 13
9078 13
9079 11
9080 11
9081 9
9082 12
9083 12
9084 11
9085 13
9086 13
9087 13
9088 10
9089 12
9090 13
9091 12
9092 9
9093 13
9094 12
9095 13
9096 12
9097 11
9098 10
9099 11
9100 13
9101 11
9102 13
9103 9
9104 11
9105 13
9106 12
9107 10
9108 13
9109 12
9110 13
9111 13
9112 12
9113 12
9114 12
9115 12
9116 11
9117 12
9118 12
9119 13
9120 13
9121 12
9122 10
9123 11
9124 12
9125 11
9126 10
9127 12
9128 12
9129 12
9130 13
9131 12
9132 12
9133 9
9134 10
9135 14
9136 12
9137 10
9138 9
9139 13
9140 13
9141 12
9142 12
9143 11
9144 12
9145 13
9146 12
9147 11
9148 12
9149 11
9150 12
9151 9
9152 12
9153 11
9154 11
9155 13
9156 13
9157 9
9158 10
9159 13
9160 12
9161 10
9162 10
9163 12
9164 13
9165 15
9166 12
9167 11
9168 11
9169 11
9170 12
9171 11
9172 12
9173 10
9174 13
9175 11
9176 13
9177 13
9178 12
9179 12
9180 13
9181 10
9182 10
9183 12
9184 12
9185 14
9186 10
9187 10
9188 11
9189 11
9190 11
9191 13
9192 12
9193 13
9194 8
9195 12
9196 11
9197 11
9198 13
9199 12
9200 11
9201 11
9202 12
9203 10
9204 13
9205 13
9206 11
9207 13
9208 12
9209 11
9210 13
9211 11
9212 12
9213 12
9214 12
9215 12
9216 8
9217 11
9218 10
9219 13
9220 12
9221 10
9222 12
9223 11
9224 10
9225 12
9226 13
9227 12
9228 12
9229 12
9230 14
9231 13
9232 9
9233 12
9234 10
9235 10
9236 8
9237 13
9238 13
9239 10
9240 15
9241 10
9242 11
9243 13
9244 11
9245 9
9246 12
9247 11
9248 9
9249 10
9250 11
9251 10
9252 13
9253 12
9254 10
9255 13
9256 13
9257 11
9258 9
9259 13
9260 13
9261 9
9262 12
9263 11
9264 12
9265 13
9266 13
9267 12
9268 11
9269 13
9270 12
9271 12
9272 12
9273 14
9274 7
9275 11
9276 12
9277 11
9278 11
9279 11
9280 12
9281 10
9282 14
9283 10
9284 13
9285 13
9286 12
9287 11
9288 12
9289 12
9290 12
9291 12
9292 12
9293 10
9294 11
9295 12
9296 11
9297 12
9298 10
9299 11
9300 13
9301 11
9302 11
9303 12
9304 10
9305 12
9306 14
9307 10
9308 12
9309 13
9310 12
9311 8
9312 11
9313 11
9314 12
9315 11
9316 13
9317 9
9318 11
9319 8
9320 13
9321 13
9322 12
9323 8
9324 13
9325 11
9326 10
9327 10
9328 11
9329 12
9330 11
9331 13
9332 12
9333 12
9334 12
9335 13
9336 13
9337 13
9338 13
9339 12
9340 13
9341 8
9342 12
9343 11
9344 10
9345 14
9346 11
9347 9
9348 13
9349 11
9350 13
9351 11
9352 13
9353 12
9354 12
9355 13
9356 11
9357 12
9358 11
9359 10
9360 13
9361 13
9362 12
9363 12
9364 10
9365 12
9366 12
9367 13
9368 11
9369 11
9370 11
9371 10
9372 14
9373 12
9374 12
9375 8
9376 11
9377 12
9378 10
9379 12
9380 13
9381 11
9382 11
9383 11
9384 13
9385 11
9386 10
9387 13
9388 12
9389 11
9390 14
9391 10
9392 10
9393 13
9394 13
9395 9
9396 11
9397 10
9398 12
9399 11
9400 13
9401 13
9402 12
9403 8
9404 11
9405 14
9406 11
9407 11
9408 10
9409 6
9410 12
9411 10
9412 13
9413 10
9414 12
9415 13
9416 13
9417 13
9418 11
9419 11
9420 13
9421 10
9422 11
9423 12
9424 12
9425 13
9426 12
9427 12
9428 11
9429 13
9430 13
9431 11
9432 11
9433 10
9434 11
9435 14
9436 12
9437 11
9438 12
9439 12
9440 12
9441 11
9442 10
9443 13
9444 12
9445 13
9446 10
9447 13
9448 10
9449 12
9450 12
9451 12
9452 12
9453 13
9454 12
9455 13
9456 12
9457 11
9458 12
9459 11
9460 14
9461 9
9462 12
9463 10
9464 11
9465 13
9466 11
9467 11
9468 12
9469 12
9470 12
9471 14
9472 9
9473 9
9474 11
9475 11
9476 11
9477 9
9478 12
9479 11
9480 14
9481 12
9482 11
9483 13
9484 11
9485 13
9486 13
9487 10
9488 10
9489 12
9490 14
9491 10
9492 14
9493 12
9494 13
9495 13
9496 13
9497 11
9498 10
9499 12
9500 11
9501 10
9502 9
9503 13
9504 12
9505 11
9506 10
9507 11
9508 11
9509 13
9510 14
9511 11
9512 13
9513 12
9514 12
9515 14
9516 13
9517 12
9518 10
9519 13
9520 13
9521 9
9522 9
9523 12
9524 10
9525 12
9526 13
9527 11
9528 13
9529 13
9530 10
9531 11
9532 11
9533 11
9534 11
9535 12
9536 11
9537 11
9538 11
9539 8
9540 12
9541 14
9542 12
9543 11
9544 10
9545 12
9546 13
9547 11
9548 14
9549 11
9550 11
9551 9
9552 11
9553 12
9554 13
9555 13
9556 12
9557 11
9558 10
9559 11
9560 13
9561 12
9562 12
9563 11
9564 11
9565 11
9566 11
9567 10
9568 12
9569 12
9570 15
9571 10
9572 11
9573 12
9574 10
9575 11
9576 13
9577 11
9578 11
9579 12
9580 12
9581 13
9582 10
9583 9
9584 10
9585 13
9586 12
9587 10
9588 14
9589 11
9590 14
9591 12
9592 13
9593 11
9594 13
9595 13
9596 12
9597 13
9598 11
9599 11
9600 10
9601 12
9602 9
9603 12
9604 7
9605 14
9606 12
9607 10
9608 11
9609 11
9610 10
9611 13
9612 12
9613 9
9614 13
9615 13
9616 12
9617 11
9618 12
9619 11
9620 14
9621 12
9622 11
9623 11
9624 12
9625 12
9626 9
9627 9
9628 12
9629 11
9630 13
9631 12
9632 12
9633 11
9634 11
9635 14
9636 14
9637 9
9638 12
9639 11
9640 11
9641 10
9642 12
9643 11
9644 10
9645 13
9646 12
9647 11
9648 11
9649 11
9650 12
9651 13
9652 12
9653 11
9654 11
9655 11
9656 13
9657 13
9658 13
9659 13
9660 14
9661 8
9662 11
9663 12
9664 10
9665 12
9666 11
9667 12
9668 10
9669 13
9670 11
9671 10
9672 14
9673 12
9674 10
9675 12
9676 12
9677 10
9678 13
9679 11
9680 11
9681 12
9682 12
9683 11
9684 12
9685 14
9686 13
9687 11
9688 13
9689 11
9690 14
9691 12
9692 12
9693 11
9694 11
9695 12
9696 12
9697 11
9698 12
9699 11
9700 11
9701 12
9702 12
9703 13
9704 12
9705 12
9706 12
9707 13
9708 13
9709 13
9710 12
9711 12
9712 11
9713 12
9714 8
9715 13
9716 12
9717 13
9718 13
9719 9
9720 11
9721 11
9722 12
9723 13
9724 14
9725 12
9726 12
9727 13
9728 8
9729 13
9730 13
9731 12
9732 13
9733 10
9734 12
9735 14
9736 10
9737 13
9738 11
9739 9
9740 13
9741 12
9742 10
9743 11
9744 13
9745 12
9746 12
9747 9
9748 8
9749 10
9750 12
9751 10
9752 11
9753 10
9754 10
9755 12
9756 12
9757 13
9758 13
9759 11
9760 12
9761 10
9762 12
9763 12
9764 11
9765 14
9766 13
9767 11
9768 14
9769 9
9770 14
9771 12
9772 13
9773 12
9774 12
9775 12
9776 13
9777 10
9778 11
9779 13
9780 13
9781 10
9782 12
9783 11
9784 11
9785 12
9786 13
9787 11
9788 10
9789 12
9790 14
9791 10
9792 11
9793 12
9794 11
9795 13
9796 13
9797 11
9798 13
9799 12
9800 11
9801 9
9802 11
9803 12
9804 13
9805 12
9806 10
9807 13
9808 10
9809 10
9810 13
9811 10
9812 12
9813 13
9814 12
9815 13
9816 12
9817 11
9818 10
9819 12
9820 13
9821 12
9822 12
9823 14
9824 11
9825 11
9826 7
9827 13
9828 13
9829 11
9830 11
9831 14
9832 11
9833 10
9834 14
9835 14
9836 12
9837 11
9838 11
9839 10
9840 13
9841 11
9842 13
9843 13
9844 12
9845 13
9846 11
9847 11
9848 11
9849 11
9850 12
9851 9
9852 12
9853 12
9854 12
9855 13
9856 11
9857 9
9858 12
9859 8
9860 14
9861 13
9862 12
9863 10
9864 13
9865 12
9866 11
9867 14
9868 12
9869 12
9870 15
9871 12
9872 11
9873 11
9874 13
9875 11
9876 13
9877 12
9878 13
9879 13
9880 14
9881 10
9882 10
9883 9
9884 12
9885 14
9886 8
9887 11
9888 11
9889 14
9890 13
9891 12
9892 11
9893 12
9894 12
9895 12
9896 12
9897 11
9898 11
9899 10
9900 13
9901 12
9902 9
9903 11
9904 11
9905 12
9906 13
9907 12
9908 10
9909 11
9910 12
9911 12
9912 13
9913 10
9914 12
9915 11
9916 12
9917 13
9918 13
9919 13
9920 12
9921 13
9922 11
9923 9
9924 11
9925 12
9926 11
9927 12
9928 13
9929 11
9930 12
9931 9
9932 12
9933 14
9934 10
9935 12
9936 11
9937 12
9938 12
9939 11
9940 14
9941 9
9942 13
9943 11
9944 14
9945 14
9946 11
9947 10
9948 13
9949 10
9950 11
9951 13
9952 9
9953 12
9954 13
9955 14
9956 11
9957 11
9958 12
9959 12
9960 13
9961 11
9962 12
9963 10
9964 12
9965 12
9966 13
9967 10
9968 12
9969 12
9970 13
9971 10
9972 11
9973 9
9974 11
9975 13
9976 13
9977 13
9978 12
9979 11
9980 13
9981 12
9982 13
9983 12
9984 10
9985 11
9986 11
9987 11
9988 11
9989 11
9990 13
9991 10
9992 12
9993 13
9994 12
9995 12
9996 12
9997 12
9998 10
9999 13
10000 8
