1 1
2 2
3 1
4 3
5 2
6 1
7 1
8 2
9 5
10 1
11 3
12 1
13 1
14 2
15 5
16 1
17 2
18 1
19 2
20 7
21 1
22 3
23 2
24 1
25 1
26 1
27 3
28 2
29 1
30 1
31 3
32 2
33 1
34 2
35 1
36 3
37 1
38 2
39 5
40 1
41 2
42 1
43 7
44 1
45 1
46 3
47 2
48 3
49 2
50 1
51 1
52 7
53 1
54 2
55 1
56 5
57 1
58 3
59 1
60 1
61 2
62 1
63 2
64 11
65 1
66 1
67 2
68 1
69 2
70 1
71 1
72 7
73 3
74 1
75 2
76 5
77 1
78 1
79 1
80 1
81 2
82 1
83 7
84 1
85 3
86 2
87 1
88 1
89 1
90 3
91 2
92 13
93 3
94 2
95 2
96 5
97 1
98 1
99 2
100 1
101 2
102 1
103 2
104 1
105 2
106 1
107 2
108 1
109 7
110 1
111 3
112 1
113 1
114 2
115 3
116 1
117 2
118 5
119 1
120 2
121 1
122 1
123 1
124 2
125 2
126 1
127 1
128 11
129 3
130 1
131 2
132 5
133 3
134 1
135 1
136 1
137 1
138 2
139 1
140 1
141 2
142 1
143 3
144 2
145 1
146 11
147 1
148 1
149 2
150 5
151 1
152 1
153 2
154 5
155 2
156 7
157 3
158 1
159 1
160 1
161 2
162 1
163 3
164 2
165 1
166 5
167 3
168 1
169 1
170 1
171 2
172 1
173 7
174 1
175 3
176 1
177 2
178 1
179 3
180 1
181 3
182 2
183 1
184 1
185 5
186 1
187 1
188 2
189 1
190 13
191 1
192 2
193 2
194 1
195 2
196 1
197 1
198 1
199 1
200 5
201 1
202 3
203 1
204 1
205 2
206 1
207 3
208 2
209 1
210 2
211 1
212 1
213 3
214 2
215 13
216 1
217 3
218 1
219 5
220 1
221 1
222 3
223 1
224 3
225 2
226 1
227 1
228 7
229 3
230 2
231 1
232 2
233 3
234 1
235 2
236 5
237 1
238 1
239 2
240 11
241 2
242 2
243 3
244 1
245 1
246 17
247 3
248 2
249 2
250 5
251 1
252 1
253 5
254 1
255 1
256 2
257 1
258 2
259 1
260 1
261 3
262 2
263 1
264 1
265 1
266 2
267 1
268 1
269 2
270 1
271 1
272 2
273 1
274 3
275 1
276 3
277 2
278 1
279 1
280 2
281 5
282 3
283 5
284 1
285 2
286 7
287 1
288 1
289 3
290 1
291 1
292 2
293 1
294 2
295 1
296 1
297 3
298 1
299 2
300 2
301 1
302 1
303 3
304 2
305 2
306 1
307 2
308 1
309 7
310 1
311 5
312 1
313 1
314 2
315 5
316 1
317 2
318 7
319 1
320 1
321 2
322 1
323 1
324 3
325 1
326 1
327 2
328 2
329 5
330 1
331 1
332 1
333 3
334 2
335 2
336 2
337 1
338 1
339 1
340 3
341 1
342 1
343 1
344 3
345 1
346 2
347 1
348 2
349 13
350 1
351 2
352 1
353 1
354 3
355 1
356 1
357 11
358 2
359 1
360 5
361 1
362 1
363 5
364 2
365 2
366 1
367 1
368 3
369 1
370 2
371 2
372 5
373 1
374 3
375 1
376 2
377 7
378 1
379 1
380 1
381 1
382 1
383 3
384 1
385 2
386 5
387 3
388 1
389 2
390 5
391 1
392 1
393 2
394 2
395 7
396 1
397 3
398 1
399 2
400 1
401 1
402 1
403 3
404 1
405 1
406 3
407 1
408 1
409 2
410 2
411 1
412 1
413 2
414 2
415 1
416 1
417 7
418 3
419 1
420 5
421 1
422 1
423 5
424 2
425 1
426 1
427 2
428 1
429 2
430 17
431 1
432 2
433 2
434 5
435 1
436 1
437 1
438 1
439 2
440 3
441 2
442 1
443 1
444 7
445 1
446 1
447 2
448 5
449 1
450 1
451 2
452 11
453 2
454 1
455 1
456 1
457 1
458 2
459 1
460 1
461 2
462 3
463 2
464 1
465 2
466 1
467 3
468 2
469 1
470 2
471 3
472 2
473 11
474 1
475 2
476 1
477 1
478 3
479 5
480 1
481 1
482 1
483 1
484 1
485 3
486 2
487 1
488 2
489 2
490 3
491 1
492 5
493 1
494 1
495 2
496 1
497 2
498 1
499 3
500 2
501 1
502 3
503 1
504 3
505 1
506 1
507 5
508 3
509 1
510 2
511 2
512 13
513 1
514 1
515 2
516 1
517 1
518 1
519 7
520 3
521 1
522 2
523 1
524 5
525 1
526 2
527 1
528 1
529 2
530 1
531 3
532 1
533 3
534 2
535 1
536 5
537 1
538 1
539 1
540 2
541 13
542 1
543 3
544 2
545 1
546 2
547 3
548 2
549 3
550 1
551 1
552 2
553 5
554 1
555 2
556 1
557 2
558 1
559 2
560 1
561 1
562 11
563 2
564 1
565 2
566 3
567 5
568 1
569 1
570 2
571 1
572 1
573 3
574 1
575 1
576 2
577 1
578 2
579 1
580 3
581 1
582 2
583 1
584 2
585 1
586 7
587 1
588 2
589 1
590 1
591 3
592 1
593 2
594 1
595 1
596 2
597 1
598 7
599 1
600 1
601 1
602 3
603 1
604 3
605 2
606 1
607 5
608 1
609 2
610 1
611 2
612 1
613 1
614 3
615 2
616 2
617 1
618 1
619 3
620 5
621 3
622 1
623 2
624 1
625 1
626 3
627 2
628 1
629 2
630 1
631 3
632 1
633 11
634 2
635 5
636 1
637 2
638 1
639 1
640 13
641 3
642 3
643 2
644 1
645 1
646 7
647 1
648 1
649 1
650 3
651 1
652 11
653 1
654 1
655 3
656 1
657 13
658 2
659 1
660 1
661 5
662 3
663 1
664 5
665 1
666 1
667 2
668 1
669 3
670 2
671 1
672 2
673 1
674 3
675 11
676 2
677 2
678 1
679 1
680 5
681 2
682 1
683 2
684 1
685 3
686 2
687 1
688 3
689 2
690 2
691 1
692 1
693 1
694 2
695 7
696 1
697 1
698 1
699 1
700 7
701 1
702 1
703 5
704 1
705 2
706 1
707 2
708 11
709 1
710 2
711 1
712 7
713 3
714 1
715 1
716 2
717 3
718 1
719 1
720 2
721 1
722 7
723 1
724 3
725 2
726 1
727 3
728 2
729 13
730 1
731 3
732 2
733 1
734 2
735 1
736 1
737 1
738 11
739 3
740 7
741 1
742 3
743 2
744 1
745 1
746 2
747 1
748 2
749 1
750 1
751 1
752 19
753 1
754 1
755 1
756 3
757 1
758 2
759 5
760 3
761 1
762 5
763 1
764 1
765 2
766 3
767 2
768 1
769 2
770 1
771 1
772 2
773 1
774 11
775 1
776 1
777 5
778 2
779 5
780 2
781 1
782 1
783 2
784 3
785 2
786 1
787 1
788 2
789 5
790 1
791 2
792 1
793 3
794 1
795 2
796 1
797 1
798 1
799 2
800 1
801 5
802 3
803 2
804 1
805 1
806 3
807 2
808 2
809 1
810 1
811 1
812 3
813 1
814 5
815 1
816 3
817 1
818 5
819 2
820 1
821 7
822 1
823 2
824 1
825 1
826 3
827 1
828 11
829 1
830 3
831 1
832 2
833 1
834 1
835 1
836 2
837 1
838 2
839 1
840 1
841 1
842 2
843 1
844 1
845 2
846 17
847 1
848 2
849 1
850 2
851 1
852 1
853 13
854 3
855 2
856 1
857 1
858 2
859 1
860 1
861 3
862 1
863 2
864 1
865 3
866 1
867 11
868 1
869 1
870 1
871 2
872 2
873 1
874 7
875 1
876 2
877 3
878 2
879 1
880 1
881 1
882 1
883 5
884 1
885 3
886 2
887 2
888 2
889 7
890 1
891 2
892 1
893 7
894 1
895 3
896 2
897 1
898 5
899 3
900 1
901 1
902 1
903 2
904 2
905 3
906 2
907 1
908 1
909 7
910 5
911 1
912 1
913 5
914 1
915 7
916 3
917 1
918 2
919 1
920 3
921 2
922 1
923 2
924 1
925 1
926 2
927 5
928 1
929 2
930 1
931 2
932 1
933 1
934 2
935 1
936 1
937 3
938 1
939 1
940 2
941 1
942 1
943 2
944 1
945 2
946 1
947 1
948 5
949 1
950 2
951 2
952 1
953 2
954 1
955 1
956 1
957 2
958 1
959 13
960 1
961 1
962 1
963 5
964 1
965 3
966 2
967 5
968 1
969 3
970 2
971 1
972 1
973 1
974 1
975 3
976 2
977 2
978 5
979 1
980 2
981 5
982 1
983 1
984 1
985 3
986 1
987 1
988 1
989 5
990 1
991 1
992 1
993 2
994 1
995 1
996 3
997 2
998 1
999 2
1000 7
1001 3
1002 1
1003 1
1004 1
1005 3
1006 2
1007 1
1008 1
1009 2
1010 1
1011 11
1012 1
1013 2
1014 1
1015 1
1016 5
1017 1
1018 1
1019 1
1020 11
1021 1
1022 2
1023 2
1024 1
1025 3
1026 2
1027 2
1028 3
1029 1
1030 2
1031 1
1032 11
1033 1
1034 1
1035 2
1036 3
1037 1
1038 1
1039 3
1040 2
1041 1
1042 1
1043 3
1044 1
1045 1
1046 1
1047 2
1048 1
1049 1
1050 2
1051 1
1052 2
1053 5
1054 1
1055 3
1056 2
1057 5
1058 1
1059 2
1060 1
1061 1
1062 1
1063 3
1064 1
1065 2
1066 5
1067 2
1068 1
1069 1
1070 1
1071 3
1072 1
1073 3
1074 2
1075 1
1076 1
1077 3
1078 5
1079 1
1080 1
1081 1
1082 1
1083 1
1084 2
1085 2
1086 1
1087 3
1088 2
1089 1
1090 1
1091 2
1092 1
1093 1
1094 2
1095 5
1096 2
1097 5
1098 2
1099 1
1100 7
1101 1
1102 3
1103 1
1104 1
1105 3
1106 2
1107 3
1108 1
1109 2
1110 1
1111 1
1112 1
1113 13
1114 2
1115 1
1116 2
1117 7
1118 1
1119 3
1120 2
1121 1
1122 1
1123 1
1124 2
1125 1
1126 2
1127 2
1128 2
1129 3
1130 1
1131 3
1132 1
1133 1
1134 3
1135 1
1136 1
1137 1
1138 1
1139 2
1140 3
1141 2
1142 1
1143 1
1144 2
1145 19
1146 1
1147 1
1148 1
1149 1
1150 2
1151 1
1152 7
1153 3
1154 2
1155 1
1156 1
1157 3
1158 1
1159 2
1160 1
1161 3
1162 1
1163 2
1164 1
1165 2
1166 1
1167 7
1168 1
1169 1
1170 3
1171 1
1172 3
1173 2
1174 1
1175 7
1176 2
1177 1
1178 3
1179 1
1180 1
1181 2
1182 2
1183 11
1184 2
1185 1
1186 1
1187 2
1188 5
1189 1
1190 3
1191 2
1192 1
1193 1
1194 1
1195 3
1196 1
1197 1
1198 13
1199 1
1200 1
1201 2
1202 5
1203 1
1204 5
1205 1
1206 1
1207 2
1208 11
1209 2
1210 2
1211 1
1212 1
1213 1
1214 7
1215 2
1216 1
1217 2
1218 3
1219 2
1220 5
1221 1
1222 2
1223 2
1224 1
1225 2
1226 1
1227 1
1228 3
1229 1
1230 5
1231 1
1232 1
1233 3
1234 1
1235 2
1236 1
1237 11
1238 2
1239 1
1240 2
1241 5
1242 3
1243 1
1244 2
1245 1
1246 7
1247 3
1248 2
1249 1
1250 1
1251 1
1252 1
1253 2
1254 5
1255 2
1256 5
1257 1
1258 2
1259 2
1260 7
1261 1
1262 1
1263 1
1264 3
1265 1
1266 1
1267 2
1268 1
1269 1
1270 5
1271 1
1272 1
1273 19
1274 3
1275 2
1276 1
1277 1
1278 1
1279 1
1280 2
1281 5
1282 1
1283 5
1284 2
1285 1
1286 1
1287 1
1288 2
1289 23
1290 3
1291 1
1292 1
1293 1
1294 5
1295 1
1296 2
1297 11
1298 3
1299 2
1300 1
1301 3
1302 2
1303 3
1304 2
1305 1
1306 3
1307 2
1308 1
1309 1
1310 2
1311 1
1312 2
1313 1
1314 1
1315 19
1316 3
1317 1
1318 5
1319 1
1320 2
1321 1
1322 2
1323 2
1324 1
1325 2
1326 3
1327 1
1328 1
1329 2
1330 1
1331 1
1332 1
1333 2
1334 2
1335 1
1336 2
1337 2
1338 3
1339 1
1340 2
1341 1
1342 3
1343 2
1344 5
1345 1
1346 1
1347 1
1348 3
1349 2
1350 1
1351 7
1352 1
1353 2
1354 1
1355 1
1356 1
1357 1
1358 3
1359 2
1360 2
1361 1
1362 1
1363 1
1364 7
1365 3
1366 2
1367 3
1368 1
1369 1
1370 1
1371 7
1372 1
1373 1
1374 3
1375 1
1376 11
1377 2
1378 5
1379 1
1380 2
1381 5
1382 2
1383 11
1384 2
1385 1
1386 2
1387 1
1388 3
1389 7
1390 3
1391 1
1392 3
1393 2
1394 2
1395 1
1396 1
1397 1
1398 1
1399 1
1400 1
1401 1
1402 1
1403 1
1404 2
1405 1
1406 1
1407 3
1408 2
1409 3
1410 1
1411 2
1412 5
1413 1
1414 1
1415 5
1416 1
1417 1
1418 2
1419 7
1420 1
1421 3
1422 3
1423 2
1424 3
1425 1
1426 5
1427 1
1428 2
1429 5
1430 1
1431 2
1432 1
1433 1
1434 3
1435 1
1436 2
1437 1
1438 2
1439 3
1440 2
1441 1
1442 1
1443 2
1444 1
1445 11
1446 1
1447 1
1448 1
1449 2
1450 1
1451 1
1452 7
1453 5
1454 1
1455 1
1456 1
1457 2
1458 1
1459 2
1460 2
1461 2
1462 13
1463 1
1464 2
1465 1
1466 5
1467 1
1468 1
1469 1
1470 1
1471 1
1472 2
1473 1
1474 3
1475 2
1476 1
1477 1
1478 2
1479 3
1480 1
1481 1
1482 1
1483 1
1484 1
1485 1
1486 2
1487 1
1488 1
1489 11
1490 3
1491 2
1492 1
1493 5
1494 3
1495 1
1496 5
1497 2
1498 1
1499 2
1500 1
1501 1
1502 1
1503 3
1504 1
1505 1
1506 2
1507 1
1508 2
1509 1
1510 1
1511 5
1512 1
1513 2
1514 7
1515 1
1516 1
1517 3
1518 1
1519 1
1520 2
1521 5
1522 1
1523 2
1524 1
1525 7
1526 3
1527 1
1528 1
1529 3
1530 1
1531 1
1532 1
1533 1
1534 1
1535 2
1536 2
1537 13
1538 1
1539 3
1540 2
1541 1
1542 1
1543 7
1544 3
1545 1
1546 2
1547 5
1548 1
1549 2
1550 5
1551 1
1552 1
1553 1
1554 2
1555 1
1556 3
1557 1
1558 2
1559 5
1560 1
1561 1
1562 5
1563 2
1564 13
1565 3
1566 2
1567 2
1568 1
1569 3
1570 2
1571 1
1572 2
1573 1
1574 1
1575 1
1576 2
1577 2
1578 2
1579 1
1580 1
1581 1
1582 3
1583 2
1584 1
1585 2
1586 5
1587 1
1588 1
1589 3
1590 2
1591 1
1592 1
1593 1
1594 2
1595 1
1596 5
1597 1
1598 1
1599 5
1600 2
1601 1
1602 2
1603 1
1604 1
1605 3
1606 1
1607 3
1608 1
1609 1
1610 2
1611 2
1612 1
1613 1
1614 1
1615 7
1616 1
1617 3
1618 2
1619 1
1620 1
1621 1
1622 3
1623 1
1624 2
1625 1
1626 11
1627 1
1628 3
1629 2
1630 1
1631 1
1632 7
1633 3
1634 1
1635 3
1636 1
1637 2
1638 1
1639 1
1640 3
1641 2
1642 1
1643 3
1644 2
1645 1
1646 1
1647 2
1648 1
1649 2
1650 5
1651 1
1652 3
1653 1
1654 2
1655 1
1656 1
1657 2
1658 1
1659 3
1660 1
1661 2
1662 5
1663 2
1664 3
1665 1
1666 1
1667 13
1668 1
1669 1
1670 1
1671 5
1672 1
1673 2
1674 1
1675 2
1676 1
1677 1
1678 5
1679 1
1680 2
1681 5
1682 1
1683 2
1684 1
1685 2
1686 1
1687 1
1688 3
1689 2
1690 2
1691 5
1692 3
1693 1
1694 5
1695 1
1696 1
1697 3
1698 1
1699 3
1700 7
1701 1
1702 1
1703 5
1704 1
1705 3
1706 1
1707 1
1708 2
1709 11
1710 1
1711 1
1712 2
1713 1
1714 1
1715 7
1716 1
1717 1
1718 1
1719 2
1720 2
1721 1
1722 1
1723 2
1724 2
1725 1
1726 1
1727 2
1728 1
1729 17
1730 3
1731 2
1732 2
1733 5
1734 1
1735 1
1736 1
1737 2
1738 11
1739 2
1740 2
1741 2
1742 1
1743 7
1744 3
1745 2
1746 1
1747 2
1748 1
1749 2
1750 2
1751 19
1752 1
1753 1
1754 3
1755 1
1756 1
1757 3
1758 1
1759 1
1760 1
1761 1
1762 2
1763 2
1764 1
1765 2
1766 1
1767 2
1768 1
1769 2
1770 1
1771 1
1772 1
1773 2
1774 1
1775 3
1776 1
1777 2
1778 1
1779 1
1780 2
1781 5
1782 1
1783 3
1784 1
1785 5
1786 1
1787 2
1788 2
1789 1
1790 3
1791 1
1792 2
1793 1
1794 7
1795 1
1796 1
1797 1
1798 5
1799 3
1800 1
1801 1
1802 2
1803 3
1804 2
1805 2
1806 1
1807 2
1808 1
1809 1
1810 1
1811 3
1812 5
1813 1
1814 7
1815 3
1816 1
1817 1
1818 3
1819 1
1820 3
1821 2
1822 1
1823 1
1824 2
1825 5
1826 1
1827 1
1828 2
1829 13
1830 3
1831 2
1832 3
1833 2
1834 1
1835 1
1836 2
1837 1
1838 1
1839 5
1840 1
1841 2
1842 23
1843 1
1844 2
1845 1
1846 1
1847 3
1848 2
1849 1
1850 1
1851 5
1852 1
1853 1
1854 2
1855 1
1856 3
1857 2
1858 1
1859 11
1860 2
1861 1
1862 3
1863 1
1864 5
1865 1
1866 1
1867 1
1868 3
1869 2
1870 1
1871 1
1872 3
1873 2
1874 1
1875 5
1876 3
1877 5
1878 2
1879 1
1880 3
1881 2
1882 1
1883 1
1884 1
1885 5
1886 1
1887 3
1888 1
1889 1
1890 2
1891 1
1892 1
1893 7
1894 1
1895 2
1896 1
1897 1
1898 2
1899 1
1900 1
1901 2
1902 1
1903 1
1904 2
1905 1
1906 3
1907 2
1908 1
1909 1
1910 1
1911 5
1912 1
1913 3
1914 1
1915 2
1916 1
1917 1
1918 3
1919 1
1920 2
1921 5
1922 2
1923 17
1924 1
1925 1
1926 2
1927 1
1928 1
1929 1
1930 2
1931 1
1932 2
1933 5
1934 1
1935 1
1936 2
1937 3
1938 2
1939 2
1940 2
1941 5
1942 1
1943 3
1944 2
1945 7
1946 3
1947 2
1948 1
1949 1
1950 3
1951 1
1952 3
1953 2
1954 1
1955 5
1956 2
1957 2
1958 1
1959 2
1960 1
1961 2
1962 1
1963 2
1964 1
1965 1
1966 1
1967 3
1968 1
1969 1
1970 1
1971 2
1972 2
1973 1
1974 2
1975 1
1976 7
1977 3
1978 5
1979 1
1980 3
1981 2
1982 5
1983 1
1984 7
1985 3
1986 1
1987 2
1988 1
1989 2
1990 1
1991 1
1992 5
1993 1
1994 1
1995 11
1996 3
1997 1
1998 3
1999 2
2000 1
2001 1
2002 1
2003 1
2004 2
2005 3
2006 2
2007 1
2008 2
2009 11
2010 1
2011 2
2012 1
2013 2
2014 1
2015 1
2016 13
2017 2
2018 3
2019 1
2020 1
2021 2
2022 1
2023 1
2024 3
2025 1
2026 3
2027 2
2028 1
2029 2
2030 1
2031 1
2032 2
2033 2
2034 1
2035 1
2036 1
2037 2
2038 1
2039 1
2040 5
2041 1
2042 3
2043 5
2044 2
2045 1
2046 3
2047 2
2048 3
2049 1
2050 2
2051 5
2052 1
2053 3
2054 1
2055 2
2056 1
2057 2
2058 1
2059 3
2060 2
2061 1
2062 1
2063 2
2064 1
2065 1
2066 1
2067 2
2068 5
2069 1
2070 2
2071 1
2072 1
2073 1
2074 1
2075 17
2076 1
2077 3
2078 2
2079 1
2080 5
2081 1
2082 1
2083 1
2084 29
2085 3
2086 2
2087 1
2088 3
2089 1
2090 1
2091 2
2092 1
2093 1
2094 1
2095 5
2096 1
2097 1
2098 2
2099 13
2100 1
2101 1
2102 1
2103 1
2104 3
2105 2
2106 2
2107 1
2108 1
2109 1
2110 2
2111 1
2112 3
2113 2
2114 2
2115 1
2116 1
2117 1
2118 1
2119 5
2120 1
2121 1
2122 2
2123 2
2124 1
2125 1
2126 3
2127 2
2128 1
2129 1
2130 1
2131 1
2132 7
2133 3
2134 2
2135 1
2136 1
2137 7
2138 2
2139 5
2140 1
2141 1
2142 1
2143 2
2144 1
2145 1
2146 2
2147 7
2148 2
2149 1
2150 2
2151 7
2152 1
2153 1
2154 3
2155 2
2156 13
2157 1
2158 2
2159 1
2160 1
2161 1
2162 11
2163 1
2164 2
2165 1
2166 1
2167 7
2168 1
2169 3
2170 1
2171 2
2172 1
2173 1
2174 2
2175 1
2176 3
2177 3
2178 2
2179 1
2180 2
2181 3
2182 1
2183 1
2184 2
2185 2
2186 1
2187 1
2188 1
2189 1
2190 11
2191 1
2192 1
2193 2
2194 1
2195 2
2196 7
2197 2
2198 1
2199 1
2200 3
2201 2
2202 1
2203 1
2204 1
2205 3
2206 1
2207 5
2208 1
2209 3
2210 1
2211 2
2212 1
2213 1
2214 2
2215 2
2216 1
2217 3
2218 1
2219 7
2220 2
2221 1
2222 5
2223 1
2224 2
2225 1
2226 1
2227 1
2228 3
2229 1
2230 2
2231 1
2232 1
2233 5
2234 2
2235 7
2236 1
2237 3
2238 2
2239 1
2240 1
2241 1
2242 1
2243 2
2244 1
2245 2
2246 1
2247 1
2248 2
2249 1
2250 2
2251 1
2252 7
2253 3
2254 1
2255 1
2256 1
2257 2
2258 1
2259 2
2260 11
2261 1
2262 1
2263 2
2264 1
2265 3
2266 1
2267 3
2268 2
2269 5
2270 3
2271 1
2272 1
2273 2
2274 1
2275 1
2276 2
2277 1
2278 3
2279 2
2280 1
2281 1
2282 1
2283 1
2284 5
2285 1
2286 2
2287 7
2288 1
2289 1
2290 1
2291 1
2292 3
2293 1
2294 2
2295 5
2296 1
2297 1
2298 2
2299 1
2300 1
2301 3
2302 1
2303 1
2304 1
2305 7
2306 3
2307 2
2308 3
2309 1
2310 2
2311 1
2312 3
2313 2
2314 2
2315 1
2316 1
2317 1
2318 5
2319 1
2320 3
2321 2
2322 1
2323 3
2324 2
2325 2
2326 11
2327 1
2328 5
2329 1
2330 1
2331 2
2332 1
2333 3
2334 2
2335 3
2336 2
2337 1
2338 1
2339 7
2340 2
2341 1
2342 1
2343 5
2344 1
2345 1
2346 1
2347 1
2348 11
2349 3
2350 1
2351 2
2352 5
2353 1
2354 1
2355 2
2356 2
2357 3
2358 2
2359 1
2360 3
2361 1
2362 2
2363 1
2364 1
2365 2
2366 5
2367 3
2368 2
2369 1
2370 2
2371 1
2372 1
2373 2
2374 1
2375 2
2376 5
2377 1
2378 1
2379 2
2380 1
2381 2
2382 2
2383 7
2384 1
2385 2
2386 1
2387 2
2388 3
2389 1
2390 1
2391 2
2392 1
2393 1
2394 3
2395 2
2396 1
2397 2
2398 1
2399 2
2400 5
2401 3
2402 1
2403 1
2404 5
2405 2
2406 1
2407 2
2408 1
2409 3
2410 2
2411 1
2412 2
2413 5
2414 1
2415 1
2416 2
2417 1
2418 1
2419 3
2420 2
2421 1
2422 1
2423 2
2424 1
2425 7
2426 1
2427 2
2428 1
2429 1
2430 5
2431 1
2432 1
2433 1
2434 2
2435 1
2436 1
2437 3
2438 1
2439 2
2440 3
2441 1
2442 5
2443 1
2444 2
2445 3
2446 2
2447 1
2448 1
2449 11
2450 1
2451 2
2452 2
2453 5
2454 3
2455 1
2456 1
2457 7
2458 1
2459 1
2460 3
2461 1
2462 1
2463 3
2464 1
2465 2
2466 1
2467 2
2468 7
2469 1
2470 3
2471 2
2472 3
2473 2
2474 1
2475 7
2476 2
2477 1
2478 1
2479 3
2480 2
2481 1
2482 1
2483 2
2484 1
2485 1
2486 3
2487 2
2488 1
2489 1
2490 1
2491 5
2492 2
2493 7
2494 1
2495 1
2496 3
2497 2
2498 2
2499 3
2500 2
2501 5
2502 1
2503 5
2504 1
2505 1
2506 13
2507 1
2508 1
2509 1
2510 1
2511 3
2512 1
2513 1
2514 1
2515 2
2516 1
2517 11
2518 2
2519 1
2520 3
2521 1
2522 3
2523 2
2524 1
2525 1
2526 2
2527 1
2528 1
2529 3
2530 2
2531 2
2532 1
2533 13
2534 2
2535 1
2536 2
2537 1
2538 1
2539 1
2540 5
2541 2
2542 1
2543 7
2544 1
2545 1
2546 3
2547 2
2548 3
2549 2
2550 1
2551 1
2552 2
2553 1
2554 7
2555 1
2556 1
2557 2
2558 1
2559 1
2560 5
2561 1
2562 2
2563 1
2564 1
2565 2
2566 2
2567 1
2568 1
2569 2
2570 1
2571 7
2572 1
2573 1
2574 1
2575 2
2576 5
2577 3
2578 1
2579 5
2580 2
2581 1
2582 2
2583 3
2584 11
2585 3
2586 1
2587 1
2588 1
2589 1
2590 2
2591 1
2592 2
2593 2
2594 1
2595 7
2596 2
2597 1
2598 1
2599 3
2600 1
2601 5
2602 1
2603 2
2604 1
2605 1
2606 2
2607 17
2608 1
2609 3
2610 5
2611 2
2612 1
2613 1
2614 1
2615 2
2616 1
2617 2
2618 1
2619 1
2620 1
2621 2
2622 5
2623 1
2624 1
2625 3
2626 2
2627 1
2628 3
2629 2
2630 1
2631 1
2632 5
2633 1
2634 3
2635 1
2636 5
2637 1
2638 3
2639 1
2640 3
2641 2
2642 1
2643 1
2644 3
2645 1
2646 1
2647 1
2648 1
2649 2
2650 2
2651 11
2652 1
2653 1
2654 1
2655 1
2656 7
2657 3
2658 1
2659 2
2660 1
2661 3
2662 1
2663 1
2664 1
2665 2
2666 1
2667 1
2668 1
2669 1
2670 3
2671 2
2672 5
2673 1
2674 2
2675 1
2676 1
2677 11
2678 1
2679 2
2680 2
2681 1
2682 3
2683 2
2684 1
2685 1
2686 1
2687 1
2688 1
2689 3
2690 1
2691 2
2692 1
2693 1
2694 2
2695 3
2696 1
2697 13
2698 3
2699 2
2700 1
2701 1
2702 1
2703 1
2704 11
2705 2
2706 1
2707 2
2708 3
2709 5
2710 1
2711 2
2712 1
2713 3
2714 2
2715 1
2716 1
2717 1
2718 2
2719 1
2720 1
2721 5
2722 1
2723 2
2724 7
2725 2
2726 1
2727 2
2728 5
2729 3
2730 2
2731 11
2732 1
2733 2
2734 2
2735 1
2736 1
2737 1
2738 1
2739 2
2740 5
2741 1
2742 1
2743 3
2744 1
2745 1
2746 1
2747 3
2748 2
2749 2
2750 1
2751 1
2752 2
2753 1
2754 3
2755 2
2756 3
2757 1
2758 3
2759 2
2760 1
2761 2
2762 1
2763 1
2764 13
2765 1
2766 1
2767 1
2768 1
2769 3
2770 1
2771 3
2772 1
2773 1
2774 5
2775 2
2776 1
2777 2
2778 1
2779 2
2780 3
2781 1
2782 2
2783 1
2784 1
2785 2
2786 5
2787 1
2788 1
2789 1
2790 3
2791 2
2792 1
2793 1
2794 2
2795 5
2796 1
2797 1
2798 5
2799 1
2800 7
2801 1
2802 2
2803 3
2804 7
2805 3
2806 1
2807 1
2808 5
2809 1
2810 3
2811 2
2812 1
2813 1
2814 1
2815 1
2816 2
2817 5
2818 1
2819 1
2820 2
2821 1
2822 1
2823 1
2824 3
2825 2
2826 1
2827 2
2828 1
2829 11
2830 1
2831 5
2832 1
2833 1
2834 1
2835 2
2836 3
2837 2
2838 2
2839 1
2840 7
2841 1
2842 2
2843 1
2844 5
2845 1
2846 2
2847 1
2848 1
2849 3
2850 1
2851 11
2852 2
2853 1
2854 2
2855 5
2856 3
2857 1
2858 1
2859 1
2860 3
2861 2
2862 1
2863 1
2864 1
2865 1
2866 1
2867 2
2868 2
2869 2
2870 7
2871 1
2872 3
2873 1
2874 1
2875 1
2876 2
2877 1
2878 5
2879 1
2880 2
2881 1
2882 2
2883 1
2884 1
2885 2
2886 1
2887 3
2888 2
2889 1
2890 1
2891 1
2892 1
2893 1
2894 2
2895 2
2896 1
2897 2
2898 2
2899 1
2900 7
2901 3
2902 1
2903 5
2904 3
2905 1
2906 1
2907 2
2908 3
2909 1
2910 1
2911 1
2912 1
2913 2
2914 1
2915 1
2916 1
2917 11
2918 1
2919 2
2920 1
2921 1
2922 3
2923 1
2924 1
2925 2
2926 5
2927 1
2928 2
2929 1
2930 11
2931 1
2932 1
2933 2
2934 1
2935 2
2936 1
2937 13
2938 1
2939 5
2940 1
2941 1
2942 1
2943 1
2944 3
2945 1
2946 1
2947 3
2948 13
2949 1
2950 2
2951 1
2952 5
2953 1
2954 5
2955 2
2956 7
2957 1
2958 3
2959 1
2960 2
2961 1
2962 2
2963 1
2964 3
2965 2
2966 2
2967 1
2968 2
2969 1
2970 1
2971 2
2972 3
2973 2
2974 1
2975 3
2976 5
2977 2
2978 13
2979 1
2980 2
2981 7
2982 1
2983 1
2984 2
2985 3
2986 1
2987 1
2988 2
2989 2
2990 1
2991 1
2992 1
2993 3
2994 1
2995 5
2996 1
2997 2
2998 17
2999 1
3000 1
3001 1
3002 7
3003 1
3004 3
3005 1
3006 5
3007 1
3008 2
3009 1
3010 17
3011 1
3012 3
3013 2
3014 1
3015 3
3016 5
3017 1
3018 1
3019 1
3020 2
3021 1
3022 1
3023 1
3024 1
3025 2
3026 5
3027 1
3028 3
3029 2
3030 5
3031 1
3032 2
3033 7
3034 1
3035 3
3036 2
3037 1
3038 1
3039 3
3040 2
3041 3
3042 2
3043 2
3044 1
3045 1
3046 1
3047 3
3048 1
3049 3
3050 2
3051 1
3052 1
3053 3
3054 5
3055 1
3056 1
3057 2
3058 2
3059 11
3060 2
3061 1
3062 1
3063 1
3064 3
3065 1
3066 2
3067 1
3068 3
3069 2
3070 7
3071 2
3072 1
3073 3
3074 1
3075 2
3076 2
3077 1
3078 1
3079 3
3080 2
3081 1
3082 1
3083 2
3084 1
3085 7
3086 1
3087 3
3088 2
3089 1
3090 2
3091 1
3092 2
3093 1
3094 1
3095 11
3096 3
3097 5
3098 1
3099 1
3100 2
3101 1
3102 1
3103 1
3104 1
3105 2
3106 1
3107 11
3108 2
3109 1
3110 2
3111 3
3112 1
3113 2
3114 5
3115 2
3116 1
3117 2
3118 7
3119 2
3120 1
3121 1
3122 1
3123 3
3124 1
3125 3
3126 1
3127 5
3128 3
3129 2
3130 1
3131 7
3132 1
3133 3
3134 2
3135 1
3136 1
3137 3
3138 1
3139 1
3140 1
3141 2
3142 2
3143 2
3144 13
3145 3
3146 1
3147 1
3148 1
3149 3
3150 1
3151 1
3152 1
3153 2
3154 1
3155 1
3156 1
3157 3
3158 2
3159 1
3160 2
3161 5
3162 1
3163 1
3164 2
3165 1
3166 2
3167 1
3168 2
3169 1
3170 3
3171 1
3172 2
3173 3
3174 1
3175 5
3176 1
3177 1
3178 11
3179 2
3180 2
3181 1
3182 3
3183 1
3184 5
3185 3
3186 5
3187 1
3188 2
3189 2
3190 2
3191 3
3192 2
3193 1
3194 13
3195 1
3196 2
3197 5
3198 1
3199 1
3200 2
3201 1
3202 1
3203 2
3204 1
3205 3
3206 2
3207 1
3208 5
3209 1
3210 1
3211 1
3212 2
3213 3
3214 2
3215 1
3216 1
3217 1
3218 5
3219 1
3220 3
3221 2
3222 1
3223 2
3224 1
3225 1
3226 7
3227 1
3228 1
3229 2
3230 2
3231 1
3232 1
3233 2
3234 3
3235 2
3236 1
3237 11
3238 1
3239 1
3240 1
3241 5
3242 2
3243 3
3244 3
3245 1
3246 2
3247 1
3248 1
3249 5
3250 2
3251 13
3252 1
3253 2
3254 1
3255 3
3256 1
3257 1
3258 11
3259 1
3260 1
3261 2
3262 1
3263 1
3264 1
3265 2
3266 1
3267 2
3268 2
3269 3
3270 1
3271 1
3272 2
3273 1
3274 3
3275 1
3276 2
3277 1
3278 3
3279 2
3280 1
3281 2
3282 3
3283 1
3284 3
3285 2
3286 2
3287 7
3288 1
3289 2
3290 1
3291 2
3292 1
3293 1
3294 1
3295 1
3296 1
3297 2
3298 1
3299 1
3300 3
3301 1
3302 1
3303 3
3304 1
3305 2
3306 1
3307 1
3308 7
3309 1
3310 1
3311 1
3312 3
3313 2
3314 1
3315 3
3316 1
3317 2
3318 1
3319 1
3320 2
3321 1
3322 1
3323 1
3324 7
3325 1
3326 2
3327 1
3328 2
3329 1
3330 3
3331 1
3332 1
3333 11
3334 2
3335 1
3336 1
3337 1
3338 2
3339 1
3340 5
3341 1
3342 2
3343 1
3344 3
3345 2
3346 3
3347 1
3348 11
3349 1
3350 2
3351 1
3352 2
3353 2
3354 2
3355 7
3356 1
3357 3
3358 1
3359 1
3360 3
3361 1
3362 1
3363 2
3364 5
3365 3
3366 1
3367 5
3368 1
3369 1
3370 2
3371 2
3372 7
3373 1
3374 2
3375 7
3376 1
3377 3
3378 1
3379 1
3380 1
3381 2
3382 2
3383 31
3384 1
3385 1
3386 1
3387 1
3388 1
3389 1
3390 7
3391 1
3392 1
3393 2
3394 1
3395 3
3396 2
3397 3
3398 1
3399 5
3400 1
3401 5
3402 2
3403 2
3404 1
3405 1
3406 3
3407 2
3408 3
3409 2
3410 1
3411 2
3412 5
3413 1
3414 1
3415 11
3416 1
3417 2
3418 1
3419 11
3420 1
3421 5
3422 1
3423 2
3424 1
3425 2
3426 2
3427 2
3428 1
3429 2
3430 1
3431 1
3432 7
3433 2
3434 1
3435 2
3436 1
3437 2
3438 1
3439 2
3440 5
3441 1
3442 1
3443 2
3444 1
3445 2
3446 1
3447 3
3448 1
3449 3
3450 7
3451 1
3452 5
3453 1
3454 3
3455 2
3456 1
3457 1
3458 1
3459 2
3460 1
3461 1
3462 1
3463 2
3464 5
3465 1
3466 1
3467 2
3468 5
3469 1
3470 1
3471 3
3472 2
3473 1
3474 2
3475 1
3476 1
3477 1
3478 2
3479 1
3480 5
3481 1
3482 1
3483 2
3484 2
3485 3
3486 2
3487 1
3488 3
3489 2
3490 2
3491 1
3492 1
3493 1
3494 2
3495 1
3496 1
3497 2
3498 2
3499 2
3500 1
3501 2
3502 1
3503 1
3504 3
3505 1
3506 5
3507 1
3508 2
3509 1
3510 1
3511 3
3512 1
3513 2
3514 2
3515 5
3516 1
3517 1
3518 1
3519 2
3520 7
3521 1
3522 3
3523 2
3524 1
3525 3
3526 1
3527 3
3528 1
3529 1
3530 2
3531 1
3532 1
3533 1
3534 2
3535 3
3536 2
3537 1
3538 7
3539 1
3540 5
3541 1
3542 1
3543 1
3544 1
3545 11
3546 1
3547 2
3548 2
3549 2
3550 1
3551 7
3552 1
3553 3
3554 1
3555 2
3556 1
3557 7
3558 3
3559 2
3560 2
3561 3
3562 3
3563 5
3564 1
3565 1
3566 11
3567 1
3568 1
3569 2
3570 3
3571 2
3572 1
3573 1
3574 7
3575 1
3576 3
3577 2
3578 1
3579 1
3580 2
3581 1
3582 1
3583 1
3584 17
3585 3
3586 1
3587 5
3588 1
3589 1
3590 1
3591 2
3592 2
3593 1
3594 1
3595 1
3596 2
3597 1
3598 11
3599 1
3600 1
3601 1
3602 2
3603 5
3604 1
3605 1
3606 1
3607 5
3608 3
3609 3
3610 1
3611 1
3612 2
3613 1
3614 3
3615 1
3616 5
3617 1
3618 1
3619 7
3620 1
3621 1
3622 2
3623 2
3624 1
3625 2
3626 1
3627 5
3628 3
3629 1
3630 1
3631 11
3632 2
3633 2
3634 1
3635 1
3636 1
3637 3
3638 1
3639 2
3640 7
3641 1
3642 3
3643 1
3644 1
3645 2
3646 5
3647 1
3648 1
3649 2
3650 1
3651 3
3652 2
3653 3
3654 2
3655 1
3656 1
3657 3
3658 1
3659 2
3660 1
3661 2
3662 1
3663 2
3664 1
3665 1
3666 3
3667 1
3668 19
3669 3
3670 1
3671 3
3672 1
3673 5
3674 1
3675 1
3676 2
3677 1
3678 1
3679 11
3680 1
3681 1
3682 3
3683 2
3684 5
3685 2
3686 1
3687 7
3688 1
3689 3
3690 1
3691 3
3692 1
3693 5
3694 1
3695 3
3696 2
3697 5
3698 1
3699 7
3700 1
3701 2
3702 2
3703 1
3704 7
3705 3
3706 1
3707 5
3708 1
3709 1
3710 2
3711 2
3712 1
3713 3
3714 2
3715 1
3716 3
3717 2
3718 1
3719 2
3720 5
3721 1
3722 7
3723 1
3724 2
3725 1
3726 1
3727 11
3728 2
3729 1
3730 1
3731 2
3732 1
3733 3
3734 2
3735 2
3736 1
3737 2
3738 1
3739 1
3740 2
3741 1
3742 2
3743 2
3744 13
3745 1
3746 1
3747 1
3748 1
3749 1
3750 11
3751 2
3752 1
3753 1
3754 2
3755 2
3756 1
3757 2
3758 29
3759 1
3760 2
3761 3
3762 1
3763 2
3764 5
3765 2
3766 1
3767 2
3768 1
3769 1
3770 1
3771 3
3772 2
3773 5
3774 1
3775 5
3776 1
3777 1
3778 2
3779 2
3780 1
3781 1
3782 3
3783 2
3784 1
3785 1
3786 5
3787 1
3788 1
3789 17
3790 1
3791 1
3792 2
3793 1
3794 3
3795 1
3796 1
3797 2
3798 2
3799 1
3800 11
3801 2
3802 1
3803 1
3804 2
3805 1
3806 11
3807 1
3808 3
3809 2
3810 3
3811 1
3812 7
3813 1
3814 2
3815 3
3816 2
3817 1
3818 11
3819 2
3820 1
3821 1
3822 3
3823 1
3824 13
3825 3
3826 2
3827 1
3828 1
3829 1
3830 1
3831 2
3832 1
3833 2
3834 1
3835 2
3836 1
3837 2
3838 1
3839 3
3840 1
3841 2
3842 7
3843 1
3844 1
3845 1
3846 1
3847 2
3848 5
3849 1
3850 1
3851 1
3852 2
3853 2
3854 1
3855 3
3856 1
3857 3
3858 1
3859 1
3860 5
3861 1
3862 1
3863 2
3864 1
3865 2
3866 1
3867 1
3868 7
3869 1
3870 1
3871 2
3872 5
3873 1
3874 1
3875 7
3876 3
3877 2
3878 2
3879 3
3880 2
3881 19
3882 3
3883 1
3884 1
3885 2
3886 1
3887 13
3888 1
3889 2
3890 2
3891 1
3892 1
3893 1
3894 1
3895 2
3896 1
3897 1
3898 5
3899 2
3900 1
3901 2
3902 17
3903 1
3904 1
3905 1
3906 1
3907 3
3908 1
3909 3
3910 1
3911 5
3912 2
3913 1
3914 1
3915 3
3916 2
3917 1
3918 2
3919 3
3920 2
3921 1
3922 2
3923 1
3924 2
3925 1
3926 2
3927 1
3928 3
3929 1
3930 1
3931 1
3932 3
3933 1
3934 1
3935 2
3936 2
3937 3
3938 2
3939 1
3940 1
3941 7
3942 1
3943 1
3944 5
3945 2
3946 1
3947 1
3948 1
3949 2
3950 1
3951 1
3952 1
3953 1
3954 2
3955 1
3956 1
3957 2
3958 1
3959 2
3960 1
3961 1
3962 3
3963 1
3964 3
3965 5
3966 2
3967 1
3968 1
3969 1
3970 2
3971 11
3972 1
3973 1
3974 1
3975 2
3976 1
3977 1
3978 3
3979 2
3980 1
3981 2
3982 1
3983 3
3984 5
3985 2
3986 1
3987 2
3988 1
3989 1
3990 3
3991 2
3992 1
3993 2
3994 1
3995 2
3996 1
3997 3
3998 11
3999 2
4000 1
4001 3
4002 5
4003 1
4004 1
4005 7
4006 3
4007 1
4008 1
4009 2
4010 3
4011 1
4012 2
4013 5
4014 2
4015 7
4016 1
4017 1
4018 2
4019 7
4020 3
4021 1
4022 1
4023 2
4024 1
4025 3
4026 1
4027 1
4028 3
4029 1
4030 5
4031 1
4032 1
4033 1
4034 2
4035 7
4036 1
4037 3
4038 1
4039 1
4040 1
4041 3
4042 2
4043 5
4044 1
4045 1
4046 5
4047 1
4048 1
4049 11
4050 2
4051 1
4052 1
4053 3
4054 5
4055 1
4056 1
4057 2
4058 1
4059 1
4060 5
4061 1
4062 1
4063 5
4064 1
4065 1
4066 2
4067 1
4068 2
4069 1
4070 29
4071 2
4072 1
4073 1
4074 3
4075 1
4076 1
4077 2
4078 2
4079 7
4080 1
4081 2
4082 1
4083 1
4084 2
4085 1
4086 3
4087 5
4088 3
4089 2
4090 1
4091 1
4092 3
4093 2
4094 1
4095 2
4096 1
4097 2
4098 5
4099 1
4100 1
4101 2
4102 1
4103 1
4104 3
4105 2
4106 1
4107 1
4108 2
4109 5
4110 1
4111 2
4112 5
4113 3
4114 1
4115 1
4116 3
4117 2
4118 1
4119 11
4120 1
4121 2
4122 1
4123 1
4124 2
4125 1
4126 11
4127 3
4128 1
4129 1
4130 2
4131 1
4132 1
4133 7
4134 1
4135 2
4136 1
4137 1
4138 1
4139 1
4140 2
4141 1
4142 3
4143 11
4144 3
4145 2
4146 1
4147 5
4148 1
4149 1
4150 2
4151 3
4152 2
4153 2
4154 1
4155 2
4156 5
4157 1
4158 3
4159 1
4160 1
4161 7
4162 2
4163 1
4164 1
4165 3
4166 2
4167 5
4168 3
4169 2
4170 2
4171 7
4172 3
4173 3
4174 1
4175 7
4176 3
4177 1
4178 1
4179 1
4180 1
4181 2
4182 11
4183 3
4184 1
4185 2
4186 1
4187 7
4188 1
4189 3
4190 1
4191 5
4192 1
4193 1
4194 2
4195 5
4196 1
4197 1
4198 1
4199 1
4200 2
4201 2
4202 5
4203 1
4204 1
4205 1
4206 19
4207 1
4208 3
4209 3
4210 3
4211 1
4212 2
4213 3
4214 2
4215 5
4216 1
4217 11
4218 1
4219 2
4220 1
4221 1
4222 1
4223 1
4224 1
4225 3
4226 1
4227 1
4228 1
4229 1
4230 2
4231 1
4232 5
4233 3
4234 1
4235 1
4236 2
4237 3
4238 2
4239 1
4240 1
4241 2
4242 3
4243 2
4244 5
4245 1
4246 2
4247 2
4248 3
4249 1
4250 2
4251 3
4252 7
4253 1
4254 5
4255 3
4256 1
4257 1
4258 2
4259 1
4260 3
4261 1
4262 1
4263 2
4264 1
4265 2
4266 7
4267 3
4268 2
4269 2
4270 2
4271 1
4272 1
4273 2
4274 5
4275 1
4276 1
4277 5
4278 1
4279 1
4280 2
4281 3
4282 2
4283 1
4284 3
4285 3
4286 1
4287 2
4288 1
4289 1
4290 1
4291 1
4292 2
4293 1
4294 3
4295 11
4296 3
4297 2
4298 1
4299 1
4300 1
4301 1
4302 1
4303 2
4304 1
4305 3
4306 1
4307 1
4308 1
4309 2
4310 5
4311 1
4312 1
4313 2
4314 1
4315 1
4316 2
4317 7
4318 1
4319 2
4320 1
4321 3
4322 1
4323 1
4324 2
4325 1
4326 1
4327 7
4328 1
4329 1
4330 2
4331 1
4332 7
4333 2
4334 1
4335 2
4336 1
4337 2
4338 3
4339 2
4340 2
4341 1
4342 7
4343 1
4344 2
4345 5
4346 1
4347 2
4348 1
4349 1
4350 2
4351 1
4352 2
4353 1
4354 1
4355 2
4356 1
4357 3
4358 2
4359 2
4360 1
4361 1
4362 5
4363 3
4364 1
4365 1
4366 7
4367 1
4368 2
4369 1
4370 1
4371 1
4372 1
4373 2
4374 1
4375 2
4376 3
4377 13
4378 3
4379 1
4380 1
4381 5
4382 3
4383 5
4384 1
4385 2
4386 1
4387 1
4388 3
4389 1
4390 1
4391 3
4392 11
4393 1
4394 1
4395 2
4396 5
4397 2
4398 1
4399 7
4400 1
4401 2
4402 1
4403 1
4404 2
4405 2
4406 1
4407 1
4408 2
4409 1
4410 2
4411 1
4412 1
4413 1
4414 1
4415 3
4416 2
4417 7
4418 1
4419 1
4420 2
4421 1
4422 2
4423 2
4424 2
4425 2
4426 1
4427 1
4428 7
4429 1
4430 2
4431 3
4432 1
4433 2
4434 5
4435 1
4436 1
4437 1
4438 2
4439 2
4440 1
4441 1
4442 3
4443 2
4444 1
4445 3
4446 2
4447 2
4448 1
4449 1
4450 1
4451 1
4452 2
4453 1
4454 1
4455 2
4456 1
4457 2
4458 1
4459 2
4460 1
4461 2
4462 1
4463 1
4464 1
4465 3
4466 1
4467 19
4468 3
4469 1
4470 5
4471 3
4472 5
4473 1
4474 2
4475 1
4476 1
4477 1
4478 1
4479 11
4480 1
4481 1
4482 2
4483 5
4484 2
4485 1
4486 2
4487 1
4488 1
4489 3
4490 1
4491 1
4492 3
4493 2
4494 1
4495 2
4496 1
4497 2
4498 1
4499 1
4500 2
4501 3
4502 2
4503 1
4504 5
4505 1
4506 1
4507 11
4508 3
4509 1
4510 1
4511 1
4512 3
4513 5
4514 1
4515 1
4516 7
4517 2
4518 2
4519 1
4520 11
4521 1
4522 2
4523 17
4524 1
4525 3
4526 2
4527 2
4528 2
4529 1
4530 2
4531 1
4532 1
4533 5
4534 2
4535 1
4536 1
4537 3
4538 1
4539 1
4540 2
4541 3
4542 1
4543 5
4544 1
4545 1
4546 2
4547 1
4548 1
4549 2
4550 1
4551 1
4552 2
4553 3
4554 1
4555 1
4556 1
4557 3
4558 1
4559 1
4560 3
4561 2
4562 1
4563 1
4564 1
4565 1
4566 2
4567 1
4568 2
4569 1
4570 1
4571 5
4572 3
4573 1
4574 2
4575 1
4576 1
4577 2
4578 17
4579 1
4580 1
4581 1
4582 2
4583 1
4584 1
4585 1
4586 2
4587 3
4588 5
4589 1
4590 1
4591 7
4592 3
4593 2
4594 1
4595 2
4596 11
4597 2
4598 2
4599 1
4600 1
4601 2
4602 5
4603 1
4604 1
4605 1
4606 3
4607 2
4608 1
4609 1
4610 7
4611 1
4612 1
4613 13
4614 1
4615 2
4616 1
4617 3
4618 1
4619 1
4620 1
4621 1
4622 2
4623 2
4624 1
4625 1
4626 2
4627 13
4628 2
4629 1
4630 1
4631 5
4632 1
4633 2
4634 2
4635 2
4636 1
4637 1
4638 3
4639 1
4640 1
4641 3
4642 2
4643 1
4644 2
4645 5
4646 2
4647 1
4648 7
4649 1
4650 1
4651 1
4652 2
4653 1
4654 1
4655 1
4656 1
4657 1
4658 2
4659 3
4660 2
4661 2
4662 2
4663 7
4664 3
4665 1
4666 1
4667 1
4668 5
4669 2
4670 1
4671 3
4672 2
4673 2
4674 3
4675 2
4676 3
4677 1
4678 1
4679 1
4680 1
4681 2
4682 7
4683 1
4684 3
4685 2
4686 1
4687 2
4688 1
4689 2
4690 1
4691 11
4692 1
4693 1
4694 3
4695 2
4696 5
4697 1
4698 1
4699 1
4700 2
4701 1
4702 3
4703 1
4704 1
4705 1
4706 3
4707 1
4708 1
4709 1
4710 2
4711 1
4712 2
4713 1
4714 3
4715 1
4716 2
4717 1
4718 5
4719 2
4720 1
4721 1
4722 1
4723 1
4724 1
4725 2
4726 1
4727 7
4728 1
4729 3
4730 1
4731 2
4732 2
4733 1
4734 1
4735 2
4736 1
4737 2
4738 1
4739 3
4740 1
4741 2
4742 5
4743 2
4744 1
4745 1
4746 3
4747 2
4748 1
4749 1
4750 1
4751 5
4752 1
4753 5
4754 1
4755 3
4756 1
4757 1
4758 7
4759 2
4760 2
4761 1
4762 1
4763 2
4764 1
4765 2
4766 1
4767 1
4768 2
4769 1
4770 2
4771 5
4772 1
4773 1
4774 2
4775 1
4776 2
4777 1
4778 3
4779 2
4780 17
4781 2
4782 1
4783 1
4784 1
4785 7
4786 1
4787 3
4788 1
4789 2
4790 1
4791 3
4792 1
4793 1
4794 3
4795 1
4796 3
4797 2
4798 7
4799 1
4800 3
4801 2
4802 1
4803 3
4804 1
4805 1
4806 2
4807 2
4808 11
4809 2
4810 1
4811 7
4812 3
4813 1
4814 1
4815 3
4816 1
4817 2
4818 1
4819 3
4820 2
4821 1
4822 3
4823 17
4824 1
4825 3
4826 2
4827 5
4828 2
4829 5
4830 2
4831 11
4832 1
4833 1
4834 2
4835 3
4836 2
4837 1
4838 2
4839 1
4840 3
4841 1
4842 1
4843 2
4844 1
4845 1
4846 1
4847 11
4848 1
4849 1
4850 1
4851 1
4852 1
4853 1
4854 2
4855 1
4856 2
4857 5
4858 1
4859 7
4860 3
4861 2
4862 1
4863 1
4864 3
4865 2
4866 1
4867 1
4868 1
4869 5
4870 1
4871 1
4872 2
4873 1
4874 7
4875 3
4876 1
4877 1
4878 5
4879 1
4880 1
4881 2
4882 13
4883 1
4884 2
4885 1
4886 2
4887 1
4888 3
4889 1
4890 2
4891 3
4892 1
4893 2
4894 2
4895 1
4896 1
4897 2
4898 1
4899 1
4900 3
4901 1
4902 5
4903 2
4904 1
4905 1
4906 11
4907 3
4908 1
4909 3
4910 1
4911 7
4912 1
4913 1
4914 2
4915 1
4916 2
4917 1
4918 11
4919 1
4920 1
4921 1
4922 1
4923 3
4924 1
4925 2
4926 3
4927 1
4928 5
4929 1
4930 2
4931 1
4932 2
4933 1
4934 1
4935 1
4936 5
4937 3
4938 1
4939 1
4940 2
4941 2
4942 7
4943 2
4944 1
4945 1
4946 1
4947 1
4948 5
4949 1
4950 1
4951 1
4952 3
4953 2
4954 1
4955 7
4956 1
4957 2
4958 1
4959 2
4960 2
4961 2
4962 1
4963 1
4964 1
4965 7
4966 3
4967 2
4968 3
4969 1
4970 2
4971 7
4972 1
4973 1
4974 1
4975 1
4976 2
4977 5
4978 1
4979 5
4980 1
4981 1
4982 1
4983 1
4984 3
4985 1
4986 7
4987 1
4988 3
4989 2
4990 1
4991 2
4992 5
4993 1
4994 2
4995 1
4996 2
4997 2
4998 1
4999 1
5000 2
5001 2
5002 5
5003 5
5004 1
5005 1
5006 1
5007 1
5008 3
5009 2
5010 1
5011 3
5012 1
5013 1
5014 5
5015 2
5016 1
5017 2
5018 3
5019 1
5020 1
5021 1
5022 3
5023 3
5024 1
5025 2
5026 1
5027 3
5028 2
5029 1
5030 2
5031 2
5032 1
5033 1
5034 1
5035 3
5036 2
5037 1
5038 2
5039 11
5040 1
5041 1
5042 2
5043 1
5044 1
5045 1
5046 5
5047 1
5048 1
5049 1
5050 2
5051 2
5052 1
5053 1
5054 2
5055 1
5056 1
5057 13
5058 1
5059 3
5060 2
5061 5
5062 1
5063 1
5064 1
5065 3
5066 1
5067 2
5068 2
5069 1
5070 2
5071 2
5072 5
5073 1
5074 11
5075 1
5076 1
5077 2
5078 1
5079 1
5080 1
5081 2
5082 2
5083 5
5084 1
5085 1
5086 2
5087 2
5088 1
5089 2
5090 1
5091 2
5092 1
5093 11
5094 1
5095 2
5096 1
5097 2
5098 1
5099 3
5100 3
5101 2
5102 1
5103 1
5104 1
5105 3
5106 5
5107 2
5108 1
5109 2
5110 1
5111 3
5112 2
5113 1
5114 1
5115 3
5116 2
5117 5
5118 3
5119 2
5120 1
5121 17
5122 1
5123 2
5124 7
5125 1
5126 3
5127 1
5128 2
5129 5
5130 1
5131 7
5132 1
5133 3
5134 1
5135 3
5136 1
5137 3
5138 2
5139 1
5140 1
5141 1
5142 5
5143 1
5144 1
5145 17
5146 3
5147 2
5148 1
5149 2
5150 2
5151 1
5152 7
5153 1
5154 5
5155 1
5156 2
5157 11
5158 1
5159 3
5160 1
5161 3
5162 2
5163 3
5164 1
5165 1
5166 1
5167 1
5168 3
5169 2
5170 1
5171 3
5172 2
5173 2
5174 1
5175 5
5176 1
5177 2
5178 1
5179 1
5180 3
5181 1
5182 3
5183 2
5184 5
5185 1
5186 3
5187 1
5188 2
5189 7
5190 1
5191 3
5192 2
5193 3
5194 2
5195 3
5196 2
5197 2
5198 2
5199 1
5200 1
5201 3
5202 1
5203 1
5204 1
5205 1
5206 1
5207 3
5208 1
5209 1
5210 2
5211 1
5212 2
5213 1
5214 1
5215 2
5216 1
5217 23
5218 1
5219 1
5220 2
5221 1
5222 1
5223 1
5224 3
5225 2
5226 5
5227 2
5228 1
5229 11
5230 1
5231 2
5232 1
5233 1
5234 3
5235 1
5236 1
5237 1
5238 1
5239 3
5240 2
5241 1
5242 1
5243 11
5244 1
5245 1
5246 5
5247 2
5248 5
5249 2
5250 1
5251 1
5252 3
5253 2
5254 1
5255 1
5256 5
5257 5
5258 1
5259 2
5260 1
5261 2
5262 7
5263 1
5264 3
5265 1
5266 1
5267 1
5268 7
5269 1
5270 3
5271 5
5272 3
5273 1
5274 1
5275 2
5276 11
5277 2
5278 1
5279 1
5280 1
5281 7
5282 3
5283 1
5284 3
5285 1
5286 5
5287 2
5288 1
5289 3
5290 2
5291 2
5292 1
5293 13
5294 1
5295 1
5296 5
5297 1
5298 2
5299 1
5300 2
5301 1
5302 2
5303 1
5304 7
5305 1
5306 2
5307 1
5308 3
5309 1
5310 2
5311 2
5312 1
5313 1
5314 1
5315 1
5316 2
5317 1
5318 1
5319 3
5320 1
5321 1
5322 2
5323 2
5324 1
5325 2
5326 1
5327 1
5328 5
5329 1
5330 5
5331 2
5332 1
5333 2
5334 1
5335 1
5336 3
5337 1
5338 1
5339 5
5340 1
5341 1
5342 1
5343 2
5344 2
5345 1
5346 2
5347 1
5348 1
5349 1
5350 1
5351 2
5352 1
5353 2
5354 2
5355 11
5356 1
5357 1
5358 1
5359 1
5360 1
5361 7
5362 1
5363 1
5364 1
5365 3
5366 1
5367 1
5368 3
5369 2
5370 2
5371 5
5372 1
5373 2
5374 13
5375 3
5376 2
5377 1
5378 2
5379 1
5380 1
5381 3
5382 1
5383 5
5384 1
5385 2
5386 1
5387 1
5388 3
5389 3
5390 1
5391 1
5392 1
5393 2
5394 1
5395 3
5396 2
5397 1
5398 1
5399 3
5400 11
5401 1
5402 3
5403 1
5404 2
5405 5
5406 1
5407 1
5408 3
5409 2
5410 1
5411 3
5412 2
5413 1
5414 1
5415 5
5416 1
5417 1
5418 1
5419 1
5420 1
5421 1
5422 2
5423 1
5424 1
5425 2
5426 1
5427 1
5428 1
5429 1
5430 23
5431 1
5432 3
5433 2
5434 1
5435 7
5436 1
5437 2
5438 1
5439 2
5440 5
5441 1
5442 3
5443 1
5444 1
5445 1
5446 3
5447 2
5448 2
5449 1
5450 1
5451 1
5452 3
5453 3
5454 2
5455 3
5456 1
5457 3
5458 1
5459 13
5460 1
5461 1
5462 1
5463 2
5464 1
5465 3
5466 1
5467 1
5468 11
5469 1
5470 1
5471 1
5472 1
5473 2
5474 1
5475 3
5476 2
5477 17
5478 1
5479 1
5480 5
5481 3
5482 1
5483 2
5484 7
5485 1
5486 1
5487 1
5488 1
5489 3
5490 2
5491 1
5492 2
5493 1
5494 2
5495 5
5496 2
5497 7
5498 3
5499 2
5500 1
5501 1
5502 2
5503 1
5504 1
5505 1
5506 2
5507 2
5508 2
5509 1
5510 1
5511 1
5512 2
5513 3
5514 2
5515 5
5516 1
5517 1
5518 1
5519 2
5520 1
5521 1
5522 5
5523 1
5524 11
5525 3
5526 2
5527 2
5528 2
5529 1
5530 3
5531 2
5532 1
5533 1
5534 2
5535 1
5536 1
5537 2
5538 1
5539 1
5540 2
5541 1
5542 1
5543 1
5544 1
5545 2
5546 5
5547 1
5548 1
5549 2
5550 1
5551 2
5552 3
5553 2
5554 1
5555 1
5556 3
5557 1
5558 1
5559 5
5560 1
5561 3
5562 5
5563 2
5564 1
5565 3
5566 1
5567 1
5568 1
5569 3
5570 3
5571 5
5572 1
5573 2
5574 2
5575 3
5576 1
5577 1
5578 2
5579 1
5580 1
5581 1
5582 2
5583 1
5584 3
5585 1
5586 1
5587 7
5588 1
5589 2
5590 5
5591 1
5592 1
5593 1
5594 1
5595 2
5596 1
5597 1
5598 1
5599 13
5600 5
5601 1
5602 1
5603 5
5604 2
5605 2
5606 2
5607 1
5608 3
5609 1
5610 1
5611 2
5612 1
5613 2
5614 1
5615 2
5616 2
5617 1
5618 2
5619 1
5620 1
5621 2
5622 5
5623 3
5624 1
5625 1
5626 3
5627 2
5628 13
5629 1
5630 1
5631 1
5632 5
5633 1
5634 7
5635 1
5636 1
5637 2
5638 2
5639 1
5640 2
5641 1
5642 2
5643 1
5644 7
5645 1
5646 3
5647 1
5648 3
5649 2
5650 1
5651 1
5652 2
5653 1
5654 3
5655 1
5656 1
5657 1
5658 2
5659 2
5660 1
5661 7
5662 3
5663 1
5664 1
5665 2
5666 5
5667 1
5668 1
5669 2
5670 1
5671 7
5672 1
5673 1
5674 1
5675 3
5676 1
5677 3
5678 2
5679 1
5680 1
5681 5
5682 2
5683 1
5684 2
5685 1
5686 7
5687 1
5688 1
5689 1
5690 5
5691 1
5692 2
5693 1
5694 1
5695 2
5696 2
5697 1
5698 3
5699 2
5700 2
5701 1
5702 5
5703 1
5704 1
5705 3
5706 1
5707 3
5708 2
5709 1
5710 2
5711 3
5712 1
5713 3
5714 1
5715 1
5716 3
5717 1
5718 1
5719 1
5720 3
5721 1
5722 2
5723 1
5724 2
5725 1
5726 1
5727 3
5728 1
5729 1
5730 3
5731 1
5732 7
5733 3
5734 2
5735 1
5736 5
5737 1
5738 13
5739 1
5740 3
5741 2
5742 1
5743 1
5744 2
5745 5
5746 3
5747 1
5748 5
5749 1
5750 7
5751 1
5752 2
5753 1
5754 2
5755 3
5756 1
5757 2
5758 5
5759 5
5760 1
5761 1
5762 1
5763 2
5764 2
5765 1
5766 1
5767 2
5768 1
5769 1
5770 1
5771 3
5772 1
5773 2
5774 1
5775 1
5776 11
5777 1
5778 2
5779 3
5780 1
5781 1
5782 13
5783 1
5784 1
5785 5
5786 2
5787 1
5788 1
5789 1
5790 1
5791 2
5792 19
5793 2
5794 2
5795 5
5796 1
5797 2
5798 1
5799 2
5800 7
5801 1
5802 2
5803 1
5804 3
5805 1
5806 2
5807 2
5808 1
5809 3
5810 2
5811 5
5812 1
5813 1
5814 2
5815 2
5816 1
5817 3
5818 1
5819 5
5820 1
5821 1
5822 1
5823 2
5824 1
5825 2
5826 3
5827 1
5828 5
5829 5
5830 1
5831 1
5832 3
5833 2
5834 2
5835 1
5836 1
5837 1
5838 1
5839 1
5840 1
5841 2
5842 3
5843 1
5844 1
5845 1
5846 1
5847 7
5848 3
5849 2
5850 1
5851 3
5852 1
5853 1
5854 2
5855 13
5856 1
5857 2
5858 1
5859 1
5860 11
5861 3
5862 1
5863 2
5864 1
5865 2
5866 1
5867 1
5868 2
5869 3
5870 2
5871 1
5872 1
5873 3
5874 1
5875 2
5876 7
5877 2
5878 1
5879 1
5880 1
5881 2
5882 1
5883 2
5884 1
5885 3
5886 1
5887 2
5888 7
5889 1
5890 1
5891 2
5892 1
5893 1
5894 7
5895 3
5896 2
5897 1
5898 1
5899 3
5900 1
5901 2
5902 11
5903 1
5904 1
5905 1
5906 1
5907 2
5908 5
5909 1
5910 2
5911 7
5912 1
5913 2
5914 2
5915 1
5916 2
5917 17
5918 1
5919 2
5920 1
5921 1
5922 1
5923 13
5924 1
5925 3
5926 1
5927 3
5928 1
5929 2
5930 1
5931 2
5932 1
5933 11
5934 1
5935 1
5936 11
5937 3
5938 1
5939 2
5940 3
5941 5
5942 1
5943 1
5944 1
5945 2
5946 2
5947 2
5948 1
5949 3
5950 1
5951 1
5952 1
5953 2
5954 1
5955 1
5956 1
5957 1
5958 5
5959 2
5960 5
5961 2
5962 7
5963 1
5964 1
5965 2
5966 1
5967 3
5968 1
5969 2
5970 1
5971 5
5972 1
5973 1
5974 2
5975 1
5976 2
5977 1
5978 3
5979 2
5980 1
5981 1
5982 7
5983 3
5984 5
5985 1
5986 5
5987 1
5988 2
5989 1
5990 1
5991 3
5992 2
5993 3
5994 1
5995 1
5996 1
5997 1
5998 13
5999 1
6000 3
6001 1
6002 1
6003 2
6004 1
6005 7
6006 3
6007 1
6008 2
6009 1
6010 2
6011 5
6012 1
6013 2
6014 11
6015 1
6016 1
6017 1
6018 1
6019 2
6020 1
6021 1
6022 5
6023 1
6024 2
6025 1
6026 1
6027 2
6028 1
6029 2
6030 2
6031 5
6032 1
6033 3
6034 1
6035 2
6036 2
6037 2
6038 1
6039 3
6040 2
6041 1
6042 2
6043 2
6044 3
6045 1
6046 1
6047 1
6048 3
6049 7
6050 3
6051 1
6052 1
6053 11
6054 1
6055 2
6056 1
6057 7
6058 1
6059 1
6060 1
6061 1
6062 1
6063 1
6064 2
6065 1
6066 2
6067 1
6068 3
6069 2
6070 3
6071 1
6072 2
6073 1
6074 1
6075 5
6076 1
6077 1
6078 1
6079 3
6080 2
6081 1
6082 2
6083 3
6084 1
6085 1
6086 1
6087 2
6088 1
6089 3
6090 1
6091 1
6092 5
6093 1
6094 1
6095 2
6096 2
6097 1
6098 1
6099 1
6100 1
6101 1
6102 1
6103 5
6104 2
6105 1
6106 1
6107 3
6108 2
6109 1
6110 5
6111 3
6112 1
6113 5
6114 1
6115 2
6116 1
6117 3
6118 1
6119 3
6120 7
6121 3
6122 1
6123 1
6124 1
6125 1
6126 2
6127 1
6128 2
6129 1
6130 2
6131 1
6132 2
6133 1
6134 5
6135 1
6136 2
6137 1
6138 1
6139 1
6140 3
6141 2
6142 1
6143 3
6144 1
6145 1
6146 1
6147 5
6148 2
6149 11
6150 2
6151 2
6152 1
6153 2
6154 2
6155 1
6156 1
6157 1
6158 19
6159 1
6160 1
6161 2
6162 5
6163 3
6164 1
6165 1
6166 2
6167 2
6168 1
6169 2
6170 1
6171 2
6172 5
6173 1
6174 2
6175 2
6176 1
6177 2
6178 1
6179 1
6180 1
6181 5
6182 1
6183 3
6184 2
6185 5
6186 1
6187 2
6188 7
6189 3
6190 3
6191 2
6192 1
6193 7
6194 1
6195 5
6196 2
6197 1
6198 1
6199 2
6200 11
6201 1
6202 2
6203 2
6204 1
6205 2
6206 1
6207 1
6208 3
6209 5
6210 1
6211 2
6212 1
6213 7
6214 1
6215 1
6216 1
6217 2
6218 1
6219 2
6220 1
6221 19
6222 3
6223 1
6224 3
6225 1
6226 1
6227 1
6228 5
6229 2
6230 1
6231 2
6232 13
6233 2
6234 2
6235 1
6236 17
6237 3
6238 1
6239 1
6240 3
6241 1
6242 2
6243 3
6244 1
6245 2
6246 1
6247 1
6248 3
6249 2
6250 1
6251 3
6252 1
6253 5
6254 1
6255 2
6256 1
6257 1
6258 1
6259 2
6260 5
6261 3
6262 2
6263 5
6264 2
6265 7
6266 3
6267 1
6268 1
6269 5
6270 2
6271 2
6272 1
6273 1
6274 2
6275 1
6276 1
6277 2
6278 1
6279 2
6280 1
6281 2
6282 1
6283 7
6284 1
6285 2
6286 1
6287 2
6288 1
6289 11
6290 1
6291 2
6292 2
6293 5
6294 1
6295 2
6296 2
6297 3
6298 1
6299 1
6300 1
6301 3
6302 1
6303 2
6304 2
6305 2
6306 1
6307 1
6308 1
6309 1
6310 5
6311 1
6312 5
6313 1
6314 2
6315 1
6316 2
6317 1
6318 3
6319 2
6320 1
6321 1
6322 3
6323 2
6324 2
6325 1
6326 3
6327 1
6328 3
6329 1
6330 3
6331 2
6332 1
6333 2
6334 1
6335 3
6336 2
6337 1
6338 3
6339 1
6340 1
6341 2
6342 17
6343 1
6344 1
6345 2
6346 1
6347 2
6348 1
6349 1
6350 3
6351 1
6352 1
6353 3
6354 1
6355 1
6356 2
6357 1
6358 3
6359 2
6360 3
6361 2
6362 1
6363 3
6364 1
6365 2
6366 1
6367 5
6368 1
6369 1
6370 3
6371 1
6372 2
6373 1
6374 7
6375 1
6376 3
6377 2
6378 1
6379 1
6380 5
6381 1
6382 2
6383 2
6384 11
6385 1
6386 2
6387 1
6388 3
6389 1
6390 13
6391 3
6392 1
6393 5
6394 1
6395 1
6396 1
6397 1
6398 3
6399 2
6400 1
6401 3
6402 29
6403 1
6404 1
6405 1
6406 5
6407 1
6408 2
6409 1
6410 1
6411 1
6412 1
6413 1
6414 5
6415 1
6416 2
6417 1
6418 1
6419 3
6420 2
6421 1
6422 2
6423 1
6424 2
6425 17
6426 1
6427 1
6428 2
6429 2
6430 1
6431 1
6432 5
6433 3
6434 1
6435 7
6436 3
6437 2
6438 1
6439 3
6440 13
6441 3
6442 1
6443 1
6444 1
6445 3
6446 2
6447 1
6448 7
6449 2
6450 1
6451 2
6452 1
6453 2
6454 1
6455 1
6456 3
6457 1
6458 2
6459 3
6460 1
6461 1
6462 1
6463 1
6464 2
6465 1
6466 1
6467 3
6468 2
6469 17
6470 1
6471 1
6472 1
6473 2
6474 2
6475 1
6476 3
6477 1
6478 2
6479 1
6480 1
6481 1
6482 7
6483 1
6484 3
6485 2
6486 1
6487 7
6488 1
6489 3
6490 1
6491 3
6492 1
6493 1
6494 2
6495 2
6496 2
6497 1
6498 1
6499 1
6500 5
6501 3
6502 1
6503 2
6504 1
6505 7
6506 3
6507 2
6508 1
6509 1
6510 2
6511 3
6512 2
6513 1
6514 2
6515 5
6516 2
6517 1
6518 3
6519 1
6520 2
6521 1
6522 3
6523 1
6524 1
6525 2
6526 5
6527 1
6528 1
6529 2
6530 1
6531 1
6532 3
6533 1
6534 2
6535 5
6536 1
6537 5
6538 1
6539 3
6540 1
6541 11
6542 1
6543 1
6544 2
6545 5
6546 3
6547 1
6548 2
6549 2
6550 1
6551 2
6552 3
6553 1
6554 1
6555 1
6556 1
6557 3
6558 2
6559 1
6560 1
6561 5
6562 2
6563 1
6564 2
6565 1
6566 1
6567 3
6568 1
6569 2
6570 1
6571 1
6572 1
6573 1
6574 2
6575 17
6576 1
6577 3
6578 2
6579 2
6580 2
6581 1
6582 2
6583 1
6584 5
6585 1
6586 7
6587 1
6588 2
6589 1
6590 3
6591 1
6592 1
6593 1
6594 1
6595 5
6596 2
6597 11
6598 2
6599 1
6600 3
6601 2
6602 1
6603 1
6604 1
6605 1
6606 1
6607 2
6608 11
6609 1
6610 17
6611 3
6612 1
6613 1
6614 1
6615 3
6616 2
6617 13
6618 1
6619 1
6620 1
6621 5
6622 2
6623 1
6624 7
6625 1
6626 1
6627 3
6628 2
6629 2
6630 2
6631 1
6632 2
6633 1
6634 1
6635 1
6636 1
6637 1
6638 2
6639 2
6640 1
6641 1
6642 1
6643 1
6644 2
6645 1
6646 2
6647 1
6648 1
6649 1
6650 1
6651 1
6652 2
6653 1
6654 3
6655 2
6656 7
6657 1
6658 1
6659 1
6660 1
6661 2
6662 1
6663 5
6664 1
6665 2
6666 1
6667 3
6668 2
6669 2
6670 3
6671 2
6672 1
6673 7
6674 1
6675 1
6676 2
6677 1
6678 1
6679 2
6680 1
6681 1
6682 1
6683 1
6684 11
6685 5
6686 1
6687 1
6688 2
6689 1
6690 1
6691 1
6692 1
6693 1
6694 2
6695 1
6696 2
6697 1
6698 1
6699 2
6700 3
6701 5
6702 1
6703 7
6704 1
6705 1
6706 2
6707 2
6708 5
6709 1
6710 1
6711 7
6712 3
6713 1
6714 2
6715 1
6716 2
6717 1
6718 1
6719 3
6720 1
6721 1
6722 1
6723 1
6724 1
6725 2
6726 11
6727 2
6728 2
6729 1
6730 2
6731 7
6732 3
6733 1
6734 2
6735 1
6736 1
6737 5
6738 2
6739 7
6740 2
6741 19
6742 2
6743 1
6744 2
6745 1
6746 1
6747 13
6748 1
6749 3
6750 2
6751 1
6752 3
6753 1
6754 1
6755 3
6756 2
6757 1
6758 2
6759 1
6760 2
6761 2
6762 2
6763 1
6764 3
6765 2
6766 1
6767 2
6768 5
6769 1
6770 1
6771 5
6772 2
6773 2
6774 1
6775 3
6776 1
6777 1
6778 2
6779 3
6780 5
6781 2
6782 7
6783 1
6784 1
6785 2
6786 1
6787 2
6788 5
6789 1
6790 1
6791 2
6792 2
6793 3
6794 1
6795 7
6796 1
6797 3
6798 1
6799 17
6800 2
6801 1
6802 7
6803 1
6804 2
6805 5
6806 1
6807 1
6808 1
6809 2
6810 1
6811 2
6812 1
6813 2
6814 1
6815 2
6816 2
6817 5
6818 5
6819 1
6820 1
6821 2
6822 1
6823 7
6824 2
6825 1
6826 2
6827 5
6828 2
6829 11
6830 1
6831 1
6832 1
6833 3
6834 1
6835 3
6836 2
6837 1
6838 3
6839 1
6840 2
6841 1
6842 3
6843 13
6844 1
6845 2
6846 1
6847 2
6848 5
6849 1
6850 1
6851 5
6852 2
6853 2
6854 1
6855 1
6856 2
6857 2
6858 1
6859 3
6860 1
6861 2
6862 1
6863 1
6864 7
6865 3
6866 5
6867 1
6868 3
6869 2
6870 11
6871 1
6872 1
6873 2
6874 1
6875 1
6876 7
6877 3
6878 1
6879 2
6880 5
6881 1
6882 1
6883 1
6884 1
6885 2
6886 2
6887 5
6888 1
6889 1
6890 2
6891 2
6892 13
6893 3
6894 1
6895 3
6896 2
6897 1
6898 1
6899 2
6900 1
6901 1
6902 2
6903 2
6904 1
6905 1
6906 5
6907 1
6908 1
6909 1
6910 2
6911 1
6912 1
6913 1
6914 2
6915 1
6916 2
6917 5
6918 2
6919 1
6920 1
6921 2
6922 1
6923 1
6924 3
6925 1
6926 2
6927 1
6928 2
6929 7
6930 1
6931 2
6932 1
6933 7
6934 3
6935 1
6936 1
6937 2
6938 1
6939 2
6940 3
6941 2
6942 1
6943 2
6944 7
6945 2
6946 3
6947 1
6948 1
6949 2
6950 2
6951 1
6952 1
6953 2
6954 1
6955 1
6956 3
6957 17
6958 1
6959 3
6960 5
6961 1
6962 1
6963 1
6964 1
6965 11
6966 1
6967 1
6968 1
6969 1
6970 1
6971 3
6972 3
6973 1
6974 2
6975 1
6976 1
6977 3
6978 1
6979 13
6980 2
6981 1
6982 2
6983 1
6984 5
6985 1
6986 1
6987 2
6988 1
6989 1
6990 1
6991 2
6992 1
6993 5
6994 1
6995 5
6996 2
6997 1
6998 2
6999 3
7000 1
7001 3
7002 2
7003 3
7004 1
7005 1
7006 1
7007 1
7008 1
7009 3
7010 1
7011 5
7012 1
7013 2
7014 1
7015 1
7016 2
7017 1
7018 3
7019 2
7020 1
7021 1
7022 7
7023 1
7024 1
7025 1
7026 3
7027 1
7028 1
7029 2
7030 1
7031 7
7032 1
7033 3
7034 2
7035 3
7036 11
7037 2
7038 1
7039 1
7040 1
7041 3
7042 1
7043 3
7044 2
7045 1
7046 1
7047 3
7048 2
7049 3
7050 1
7051 1
7052 1
7053 1
7054 1
7055 1
7056 3
7057 3
7058 1
7059 1
7060 5
7061 1
7062 1
7063 2
7064 1
7065 2
7066 1
7067 3
7068 2
7069 2
7070 1
7071 11
7072 2
7073 1
7074 2
7075 1
7076 1
7077 2
7078 1
7079 7
7080 1
7081 3
7082 2
7083 3
7084 3
7085 1
7086 1
7087 3
7088 2
7089 1
7090 1
7091 1
7092 1
7093 3
7094 5
7095 3
7096 1
7097 2
7098 2
7099 17
7100 1
7101 3
7102 1
7103 1
7104 1
7105 1
7106 5
7107 1
7108 1
7109 1
7110 2
7111 1
7112 1
7113 2
7114 11
7115 1
7116 3
7117 2
7118 1
7119 1
7120 1
7121 1
7122 2
7123 2
7124 2
7125 3
7126 2
7127 1
7128 7
7129 2
7130 3
7131 2
7132 5
7133 1
7134 1
7135 1
7136 1
7137 2
7138 1
7139 3
7140 1
7141 2
7142 1
7143 5
7144 1
7145 1
7146 2
7147 1
7148 3
7149 2
7150 1
7151 2
7152 1
7153 1
7154 3
7155 1
7156 5
7157 2
7158 1
7159 1
7160 1
7161 1
7162 3
7163 2
7164 5
7165 1
7166 7
7167 1
7168 2
7169 1
7170 1
7171 1
7172 1
7173 5
7174 1
7175 2
7176 13
7177 3
7178 1
7179 1
7180 1
7181 5
7182 2
7183 5
7184 1
7185 1
7186 7
7187 1
7188 3
7189 1
7190 1
7191 2
7192 11
7193 3
7194 1
7195 2
7196 2
7197 5
7198 1
7199 1
7200 3
7201 2
7202 1
7203 3
7204 2
7205 1
7206 1
7207 1
7208 2
7209 11
7210 2
7211 2
7212 1
7213 1
7214 1
7215 17
7216 1
7217 1
7218 1
7219 1
7220 1
7221 2
7222 1
7223 3
7224 2
7225 1
7226 3
7227 13
7228 2
7229 1
7230 5
7231 1
7232 1
7233 1
7234 1
7235 1
7236 2
7237 2
7238 1
7239 2
7240 3
7241 1
7242 3
7243 2
7244 3
7245 1
7246 2
7247 1
7248 2
7249 2
7250 1
7251 1
7252 1
7253 1
7254 2
7255 3
7256 1
7257 2
7258 1
7259 2
7260 1
7261 2
7262 1
7263 1
7264 2
7265 5
7266 1
7267 1
7268 5
7269 1
7270 1
7271 1
7272 2
7273 2
7274 1
7275 7
7276 1
7277 1
7278 2
7279 1
7280 1
7281 5
7282 13
7283 1
7284 2
7285 3
7286 2
7287 5
7288 5
7289 1
7290 2
7291 2
7292 1
7293 2
7294 1
7295 2
7296 2
7297 5
7298 3
7299 1
7300 1
7301 3
7302 1
7303 1
7304 2
7305 3
7306 2
7307 3
7308 1
7309 1
7310 2
7311 1
7312 2
7313 3
7314 1
7315 7
7316 1
7317 3
7318 1
7319 1
7320 1
7321 1
7322 2
7323 1
7324 2
7325 11
7326 1
7327 7
7328 3
7329 1
7330 1
7331 3
7332 1
7333 2
7334 1
7335 1
7336 2
7337 1
7338 1
7339 3
7340 2
7341 1
7342 2
7343 1
7344 1
7345 1
7346 11
7347 1
7348 2
7349 1
7350 1
7351 3
7352 2
7353 3
7354 1
7355 5
7356 1
7357 2
7358 1
7359 1
7360 2
7361 3
7362 1
7363 5
7364 2
7365 2
7366 1
7367 1
7368 3
7369 1
7370 2
7371 2
7372 11
7373 1
7374 2
7375 2
7376 1
7377 1
7378 2
7379 7
7380 2
7381 1
7382 1
7383 1
7384 1
7385 3
7386 2
7387 1
7388 5
7389 2
7390 1
7391 1
7392 1
7393 3
7394 2
7395 1
7396 1
7397 1
7398 1
7399 1
7400 3
7401 2
7402 1
7403 1
7404 1
7405 1
7406 5
7407 1
7408 1
7409 1
7410 1
7411 2
7412 1
7413 3
7414 2
7415 13
7416 1
7417 1
7418 1
7419 1
7420 2
7421 2
7422 1
7423 1
7424 2
7425 1
7426 3
7427 1
7428 1
7429 3
7430 1
7431 2
7432 5
7433 11
7434 1
7435 19
7436 5
7437 3
7438 1
7439 5
7440 1
7441 2
7442 1
7443 1
7444 1
7445 2
7446 1
7447 3
7448 2
7449 1
7450 2
7451 1
7452 1
7453 1
7454 2
7455 3
7456 2
7457 1
7458 3
7459 2
7460 1
7461 1
7462 2
7463 5
7464 5
7465 1
7466 1
7467 2
7468 1
7469 1
7470 1
7471 1
7472 1
7473 1
7474 2
7475 1
7476 2
7477 1
7478 1
7479 3
7480 2
7481 5
7482 1
7483 3
7484 1
7485 1
7486 2
7487 7
7488 3
7489 11
7490 1
7491 2
7492 2
7493 5
7494 2
7495 1
7496 2
7497 1
7498 3
7499 2
7500 3
7501 1
7502 3
7503 2
7504 1
7505 1
7506 2
7507 1
7508 2
7509 1
7510 3
7511 1
7512 5
7513 5
7514 1
7515 2
7516 2
7517 2
7518 1
7519 3
7520 1
7521 5
7522 3
7523 1
7524 5
7525 1
7526 2
7527 7
7528 3
7529 1
7530 1
7531 3
7532 1
7533 2
7534 1
7535 2
7536 5
7537 7
7538 1
7539 2
7540 2
7541 1
7542 7
7543 1
7544 1
7545 1
7546 1
7547 1
7548 2
7549 1
7550 1
7551 1
7552 2
7553 1
7554 3
7555 1
7556 5
7557 7
7558 1
7559 2
7560 2
7561 1
7562 13
7563 5
7564 1
7565 1
7566 2
7567 13
7568 2
7569 1
7570 3
7571 1
7572 1
7573 3
7574 1
7575 1
7576 1
7577 1
7578 1
7579 1
7580 1
7581 3
7582 2
7583 3
7584 1
7585 1
7586 1
7587 3
7588 2
7589 1
7590 1
7591 3
7592 2
7593 1
7594 11
7595 2
7596 1
7597 2
7598 2
7599 2
7600 7
7601 3
7602 1
7603 1
7604 3
7605 1
7606 2
7607 3
7608 5
7609 7
7610 1
7611 3
7612 1
7613 2
7614 1
7615 1
7616 1
7617 3
7618 5
7619 1
7620 3
7621 1
7622 2
7623 1
7624 1
7625 2
7626 13
7627 2
7628 1
7629 1
7630 1
7631 3
7632 2
7633 1
7634 5
7635 1
7636 2
7637 7
7638 1
7639 3
7640 2
7641 2
7642 3
7643 2
7644 1
7645 1
7646 5
7647 1
7648 1
7649 1
7650 3
7651 1
7652 3
7653 2
7654 1
7655 2
7656 1
7657 1
7658 11
7659 1
7660 1
7661 3
7662 11
7663 3
7664 1
7665 3
7666 1
7667 1
7668 2
7669 3
7670 1
7671 1
7672 1
7673 2
7674 1
7675 2
7676 5
7677 1
7678 2
7679 7
7680 1
7681 2
7682 1
7683 1
7684 1
7685 2
7686 1
7687 2
7688 1
7689 2
7690 7
7691 1
7692 1
7693 2
7694 3
7695 1
7696 2
7697 1
7698 3
7699 2
7700 7
7701 3
7702 1
7703 1
7704 3
7705 1
7706 2
7707 1
7708 1
7709 1
7710 2
7711 1
7712 3
7713 1
7714 3
7715 5
7716 2
7717 1
7718 1
7719 2
7720 1
7721 2
7722 1
7723 1
7724 1
7725 2
7726 1
7727 2
7728 11
7729 1
7730 2
7731 1
7732 3
7733 13
7734 1
7735 1
7736 1
7737 5
7738 1
7739 1
7740 1
7741 3
7742 1
7743 1
7744 1
7745 2
7746 1
7747 7
7748 3
7749 2
7750 3
7751 3
7752 5
7753 3
7754 1
7755 2
7756 2
7757 7
7758 1
7759 3
7760 1
7761 2
7762 1
7763 1
7764 1
7765 3
7766 1
7767 2
7768 1
7769 3
7770 2
7771 1
7772 1
7773 7
7774 1
7775 1
7776 1
7777 1
7778 5
7779 2
7780 1
7781 1
7782 3
7783 2
7784 3
7785 2
7786 1
7787 2
7788 1
7789 1
7790 2
7791 1
7792 1
7793 7
7794 1
7795 2
7796 1
7797 1
7798 1
7799 1
7800 1
7801 2
7802 13
7803 1
7804 1
7805 1
7806 3
7807 2
7808 1
7809 1
7810 2
7811 1
7812 1
7813 1
7814 1
7815 2
7816 1
7817 1
7818 5
7819 1
7820 1
7821 2
7822 5
7823 1
7824 2
7825 1
7826 1
7827 1
7828 3
7829 2
7830 2
7831 5
7832 5
7833 1
7834 2
7835 2
7836 1
7837 3
7838 1
7839 7
7840 2
7841 3
7842 1
7843 2
7844 11
7845 1
7846 2
7847 1
7848 1
7849 3
7850 1
7851 1
7852 3
7853 5
7854 1
7855 1
7856 7
7857 1
7858 3
7859 2
7860 3
7861 1
7862 11
7863 3
7864 1
7865 1
7866 1
7867 1
7868 2
7869 2
7870 1
7871 2
7872 3
7873 1
7874 5
7875 1
7876 17
7877 1
7878 1
7879 2
7880 1
7881 3
7882 1
7883 1
7884 5
7885 3
7886 2
7887 2
7888 1
7889 2
7890 1
7891 2
7892 1
7893 1
7894 3
7895 1
7896 1
7897 2
7898 5
7899 1
7900 1
7901 1
7902 2
7903 1
7904 1
7905 1
7906 2
7907 5
7908 1
7909 2
7910 1
7911 2
7912 7
7913 1
7914 1
7915 3
7916 1
7917 1
7918 3
7919 1
7920 2
7921 1
7922 1
7923 1
7924 2
7925 1
7926 1
7927 1
7928 1
7929 2
7930 5
7931 3
7932 1
7933 2
7934 5
7935 1
7936 7
7937 1
7938 2
7939 1
7940 1
7941 11
7942 2
7943 1
7944 2
7945 1
7946 1
7947 1
7948 3
7949 2
7950 3
7951 1
7952 7
7953 1
7954 2
7955 1
7956 2
7957 2
7958 2
7959 3
7960 1
7961 1
7962 11
7963 2
7964 1
7965 1
7966 1
7967 1
7968 3
7969 1
7970 3
7971 1
7972 1
7973 5
7974 1
7975 2
7976 7
7977 1
7978 3
7979 2
7980 1
7981 2
7982 2
7983 1
7984 1
7985 5
7986 1
7987 2
7988 7
7989 1
7990 1
7991 1
7992 3
7993 2
7994 3
7995 1
7996 1
7997 1
7998 1
7999 1
8000 3
8001 1
8002 7
8003 3
8004 1
8005 1
8006 2
8007 2
8008 1
8009 3
8010 1
8011 2
8012 1
8013 3
8014 1
8015 3
8016 2
8017 1
8018 2
8019 5
8020 1
8021 1
8022 1
8023 11
8024 1
8025 3
8026 2
8027 2
8028 1
8029 1
8030 2
8031 1
8032 1
8033 2
8034 2
8035 3
8036 1
8037 1
8038 3
8039 1
8040 2
8041 5
8042 3
8043 1
8044 1
8045 1
8046 2
8047 3
8048 1
8049 2
8050 2
8051 1
8052 3
8053 1
8054 1
8055 2
8056 1
8057 1
8058 1
8059 5
8060 1
8061 3
8062 2
8063 5
8064 1
8065 2
8066 2
8067 1
8068 2
8069 1
8070 7
8071 1
8072 3
8073 2
8074 3
8075 1
8076 1
8077 1
8078 2
8079 1
8080 2
8081 1
8082 2
8083 1
8084 2
8085 5
8086 1
8087 1
8088 3
8089 2
8090 1
8091 2
8092 1
8093 13
8094 2
8095 1
8096 1
8097 5
8098 2
8099 1
8100 2
8101 3
8102 1
8103 2
8104 2
8105 1
8106 1
8107 2
8108 1
8109 3
8110 3
8111 2
8112 5
8113 3
8114 1
8115 1
8116 1
8117 1
8118 1
8119 1
8120 1
8121 2
8122 5
8123 2
8124 1
8125 2
8126 7
8127 1
8128 2
8129 1
8130 2
8131 1
8132 1
8133 2
8134 3
8135 2
8136 1
8137 1
8138 3
8139 1
8140 7
8141 1
8142 3
8143 1
8144 5
8145 3
8146 1
8147 2
8148 1
8149 2
8150 11
8151 1
8152 1
8153 1
8154 1
8155 1
8156 2
8157 2
8158 7
8159 1
8160 1
8161 1
8162 1
8163 19
8164 1
8165 1
8166 5
8167 1
8168 1
8169 1
8170 3
8171 1
8172 1
8173 1
8174 1
8175 3
8176 1
8177 1
8178 2
8179 1
8180 1
8181 1
8182 2
8183 5
8184 3
8185 1
8186 1
8187 2
8188 1
8189 3
8190 2
8191 2
8192 1
8193 5
8194 1
8195 2
8196 1
8197 2
8198 1
8199 1
8200 3
8201 2
8202 1
8203 5
8204 2
8205 2
8206 1
8207 7
8208 3
8209 2
8210 1
8211 3
8212 1
8213 7
8214 3
8215 5
8216 2
8217 2
8218 1
8219 1
8220 3
8221 2
8222 1
8223 1
8224 1
8225 3
8226 1
8227 5
8228 1
8229 7
8230 1
8231 2
8232 1
8233 1
8234 3
8235 2
8236 1
8237 2
8238 5
8239 1
8240 1
8241 2
8242 1
8243 11
8244 3
8245 1
8246 1
8247 3
8248 1
8249 1
8250 2
8251 1
8252 2
8253 1
8254 1
8255 1
8256 13
8257 2
8258 1
8259 3
8260 1
8261 2
8262 1
8263 1
8264 2
8265 2
8266 1
8267 2
8268 1
8269 3
8270 1
8271 3
8272 2
8273 1
8274 3
8275 1
8276 2
8277 3
8278 1
8279 1
8280 2
8281 1
8282 1
8283 1
8284 1
8285 3
8286 2
8287 1
8288 5
8289 1
8290 1
8291 1
8292 2
8293 3
8294 1
8295 7
8296 1
8297 1
8298 5
8299 1
8300 1
8301 2
8302 5
8303 2
8304 1
8305 3
8306 1
8307 2
8308 1
8309 1
8310 2
8311 1
8312 1
8313 2
8314 2
8315 1
8316 7
8317 3
8318 2
8319 1
8320 1
8321 5
8322 1
8323 1
8324 2
8325 2
8326 1
8327 2
8328 1
8329 1
8330 1
8331 5
8332 2
8333 1
8334 2
8335 3
8336 2
8337 1
8338 2
8339 1
8340 2
8341 5
8342 3
8343 1
8344 1
8345 7
8346 1
8347 1
8348 1
8349 2
8350 1
8351 3
8352 1
8353 2
8354 5
8355 1
8356 1
8357 3
8358 1
8359 2
8360 1
8361 11
8362 3
8363 2
8364 1
8365 2
8366 1
8367 1
8368 1
8369 2
8370 7
8371 1
8372 1
8373 2
8374 1
8375 3
8376 1
8377 2
8378 2
8379 5
8380 1
8381 1
8382 1
8383 3
8384 2
8385 1
8386 1
8387 3
8388 1
8389 3
8390 2
8391 1
8392 1
8393 3
8394 2
8395 1
8396 11
8397 1
8398 1
8399 1
8400 2
8401 1
8402 1
8403 11
8404 1
8405 5
8406 1
8407 1
8408 1
8409 2
8410 1
8411 2
8412 1
8413 1
8414 2
8415 1
8416 2
8417 1
8418 1
8419 2
8420 2
8421 3
8422 2
8423 1
8424 1
8425 1
8426 1
8427 7
8428 3
8429 1
8430 3
8431 1
8432 3
8433 2
8434 5
8435 1
8436 1
8437 2
8438 2
8439 1
8440 1
8441 1
8442 2
8443 5
8444 1
8445 2
8446 7
8447 3
8448 1
8449 1
8450 1
8451 2
8452 1
8453 1
8454 1
8455 1
8456 17
8457 2
8458 3
8459 2
8460 7
8461 1
8462 1
8463 1
8464 3
8465 2
8466 1
8467 2
8468 2
8469 1
8470 3
8471 2
8472 1
8473 1
8474 1
8475 1
8476 1
8477 2
8478 1
8479 1
8480 2
8481 1
8482 19
8483 5
8484 2
8485 5
8486 1
8487 2
8488 1
8489 2
8490 1
8491 1
8492 2
8493 1
8494 3
8495 1
8496 2
8497 2
8498 1
8499 2
8500 1
8501 1
8502 3
8503 3
8504 2
8505 1
8506 1
8507 5
8508 1
8509 3
8510 1
8511 2
8512 1
8513 11
8514 3
8515 2
8516 2
8517 1
8518 1
8519 7
8520 1
8521 2
8522 5
8523 3
8524 5
8525 1
8526 1
8527 2
8528 2
8529 1
8530 1
8531 1
8532 1
8533 1
8534 5
8535 13
8536 1
8537 2
8538 3
8539 7
8540 1
8541 1
8542 1
8543 3
8544 1
8545 2
8546 5
8547 2
8548 1
8549 1
8550 23
8551 1
8552 1
8553 1
8554 1
8555 1
8556 2
8557 5
8558 1
8559 1
8560 2
8561 1
8562 1
8563 1
8564 1
8565 3
8566 1
8567 2
8568 2
8569 1
8570 2
8571 3
8572 2
8573 5
8574 1
8575 3
8576 1
8577 2
8578 1
8579 2
8580 2
8581 1
8582 3
8583 5
8584 1
8585 2
8586 2
8587 1
8588 1
8589 3
8590 2
8591 1
8592 1
8593 1
8594 1
8595 2
8596 2
8597 1
8598 1
8599 7
8600 1
8601 3
8602 2
8603 1
8604 1
8605 2
8606 2
8607 1
8608 1
8609 2
8610 1
8611 2
8612 1
8613 3
8614 23
8615 1
8616 3
8617 1
8618 1
8619 1
8620 2
8621 1
8622 1
8623 1
8624 1
8625 2
8626 1
8627 1
8628 3
8629 2
8630 5
8631 1
8632 2
8633 1
8634 3
8635 2
8636 1
8637 1
8638 1
8639 2
8640 1
8641 1
8642 2
8643 7
8644 1
8645 1
8646 1
8647 1
8648 1
8649 5
8650 1
8651 1
8652 2
8653 2
8654 1
8655 2
8656 1
8657 7
8658 1
8659 1
8660 3
8661 2
8662 1
8663 2
8664 1
8665 2
8666 1
8667 1
8668 11
8669 1
8670 3
8671 1
8672 1
8673 2
8674 5
8675 13
8676 1
8677 3
8678 2
8679 2
8680 2
8681 1
8682 1
8683 1
8684 2
8685 1
8686 3
8687 1
8688 1
8689 1
8690 13
8691 3
8692 2
8693 5
8694 1
8695 1
8696 2
8697 1
8698 1
8699 3
8700 1
8701 2
8702 2
8703 1
8704 2
8705 1
8706 1
8707 2
8708 2
8709 3
8710 2
8711 1
8712 3
8713 1
8714 1
8715 3
8716 2
8717 1
8718 2
8719 5
8720 3
8721 1
8722 2
8723 2
8724 7
8725 1
8726 1
8727 2
8728 1
8729 3
8730 1
8731 2
8732 1
8733 2
8734 17
8735 1
8736 3
8737 2
8738 1
8739 2
8740 7
8741 3
8742 5
8743 3
8744 1
8745 1
8746 1
8747 1
8748 11
8749 2
8750 1
8751 2
8752 1
8753 1
8754 2
8755 5
8756 1
8757 3
8758 1
8759 1
8760 1
8761 2
8762 3
8763 2
8764 5
8765 1
8766 1
8767 2
8768 3
8769 11
8770 1
8771 2
8772 3
8773 1
8774 5
8775 2
8776 1
8777 3
8778 1
8779 3
8780 1
8781 2
8782 1
8783 2
8784 1
8785 2
8786 1
8787 3
8788 1
8789 1
8790 3
8791 5
8792 5
8793 1
8794 2
8795 7
8796 1
8797 2
8798 2
8799 2
8800 1
8801 1
8802 1
8803 1
8804 2
8805 1
8806 7
8807 1
8808 1
8809 2
8810 1
8811 5
8812 1
8813 2
8814 1
8815 7
8816 1
8817 3
8818 2
8819 3
8820 1
8821 11
8822 1
8823 1
8824 2
8825 1
8826 1
8827 2
8828 2
8829 1
8830 3
8831 1
8832 2
8833 5
8834 1
8835 1
8836 1
8837 2
8838 1
8839 1
8840 2
8841 3
8842 1
8843 1
8844 1
8845 2
8846 5
8847 1
8848 2
8849 1
8850 1
8851 1
8852 2
8853 1
8854 1
8855 5
8856 3
8857 1
8858 7
8859 3
8860 1
8861 2
8862 5
8863 3
8864 1
8865 1
8866 1
8867 2
8868 1
8869 1
8870 3
8871 2
8872 1
8873 5
8874 1
8875 1
8876 2
8877 1
8878 1
8879 1
8880 2
8881 5
8882 3
8883 1
8884 1
8885 5
8886 1
8887 1
8888 2
8889 1
8890 1
8891 1
8892 2
8893 1
8894 2
8895 2
8896 13
8897 3
8898 3
8899 1
8900 1
8901 1
8902 2
8903 1
8904 2
8905 2
8906 1
8907 2
8908 1
8909 1
8910 2
8911 2
8912 1
8913 1
8914 3
8915 1
8916 1
8917 2
8918 1
8919 1
8920 2
8921 1
8922 1
8923 1
8924 3
8925 2
8926 13
8927 1
8928 1
8929 2
8930 3
8931 2
8932 1
8933 2
8934 3
8935 1
8936 3
8937 2
8938 3
8939 1
8940 5
8941 1
8942 1
8943 1
8944 3
8945 2
8946 7
8947 1
8948 3
8949 1
8950 1
8951 3
8952 1
8953 2
8954 1
8955 2
8956 2
8957 1
8958 2
8959 1
8960 1
8961 1
8962 3
8963 2
8964 1
8965 3
8966 1
8967 1
8968 1
8969 7
8970 1
8971 1
8972 1
8973 3
8974 2
8975 1
8976 2
8977 1
8978 5
8979 1
8980 11
8981 1
8982 3
8983 2
8984 1
8985 1
8986 5
8987 1
8988 2
8989 1
8990 2
8991 1
8992 1
8993 3
8994 1
8995 2
8996 1
8997 2
8998 3
8999 1
9000 2
9001 2
9002 3
9003 1
9004 11
9005 1
9006 2
9007 1
9008 1
9009 5
9010 1
9011 2
9012 5
9013 2
9014 3
9015 2
9016 1
9017 1
9018 2
9019 1
9020 5
9021 5
9022 2
9023 2
9024 3
9025 7
9026 1
9027 3
9028 2
9029 1
9030 1
9031 5
9032 2
9033 1
9034 1
9035 1
9036 3
9037 2
9038 1
9039 1
9040 3
9041 1
9042 1
9043 2
9044 1
9045 3
9046 13
9047 2
9048 1
9049 2
9050 2
9051 1
9052 2
9053 2
9054 2
9055 3
9056 5
9057 1
9058 1
9059 1
9060 11
9061 1
9062 2
9063 1
9064 1
9065 1
9066 3
9067 2
9068 2
9069 5
9070 1
9071 5
9072 1
9073 1
9074 1
9075 1
9076 3
9077 13
9078 2
9079 1
9080 3
9081 1
9082 1
9083 7
9084 1
9085 1
9086 1
9087 3
9088 2
9089 1
9090 1
9091 1
9092 1
9093 2
9094 2
9095 1
9096 1
9097 3
9098 2
9099 5
9100 1
9101 3
9102 2
9103 1
9104 3
9105 1
9106 2
9107 1
9108 7
9109 1
9110 3
9111 5
9112 1
9113 2
9114 1
9115 1
9116 2
9117 1
9118 3
9119 2
9120 11
9121 1
9122 1
9123 5
9124 1
9125 2
9126 1
9127 1
9128 1
9129 2
9130 3
9131 1
9132 1
9133 2
9134 5
9135 2
9136 2
9137 1
9138 1
9139 1
9140 1
9141 2
9142 2
9143 5
9144 1
9145 1
9146 5
9147 1
9148 1
9149 1
9150 3
9151 2
9152 1
9153 1
9154 3
9155 1
9156 1
9157 3
9158 2
9159 1
9160 1
9161 2
9162 5
9163 3
9164 2
9165 5
9166 1
9167 1
9168 1
9169 2
9170 7
9171 2
9172 3
9173 1
9174 1
9175 1
9176 3
9177 2
9178 1
9179 2
9180 11
9181 1
9182 3
9183 1
9184 1
9185 2
9186 1
9187 7
9188 3
9189 3
9190 1
9191 5
9192 2
9193 1
9194 3
9195 1
9196 1
9197 1
9198 2
9199 1
9200 1
9201 2
9202 1
9203 2
9204 29
9205 3
9206 2
9207 2
9208 3
9209 2
9210 2
9211 1
9212 1
9213 1
9214 1
9215 1
9216 2
9217 1
9218 1
9219 1
9220 1
9221 2
9222 1
9223 2
9224 1
9225 1
9226 2
9227 2
9228 1
9229 2
9230 1
9231 5
9232 1
9233 3
9234 1
9235 2
9236 1
9237 2
9238 1
9239 1
9240 1
9241 1
9242 2
9243 3
9244 1
9245 2
9246 1
9247 2
9248 1
9249 3
9250 2
9251 2
9252 1
9253 1
9254 1
9255 1
9256 2
9257 1
9258 2
9259 3
9260 1
9261 1
9262 1
9263 1
9264 5
9265 2
9266 1
9267 3
9268 2
9269 1
9270 3
9271 1
9272 2
9273 5
9274 1
9275 1
9276 1
9277 1
9278 2
9279 1
9280 2
9281 1
9282 1
9283 1
9284 1
9285 2
9286 11
9287 2
9288 2
9289 1
9290 1
9291 1
9292 11
9293 3
9294 1
9295 1
9296 1
9297 5
9298 1
9299 1
9300 1
9301 2
9302 1
9303 1
9304 2
9305 1
9306 2
9307 7
9308 1
9309 3
9310 2
9311 1
9312 2
9313 1
9314 1
9315 2
9316 1
9317 2
9318 2
9319 1
9320 3
9321 1
9322 3
9323 2
9324 3
9325 2
9326 1
9327 1
9328 2
9329 11
9330 2
9331 1
9332 7
9333 1
9334 2
9335 1
9336 1
9337 1
9338 2
9339 5
9340 1
9341 3
9342 1
9343 1
9344 5
9345 1
9346 5
9347 13
9348 1
9349 3
9350 1
9351 2
9352 1
9353 2
9354 1
9355 3
9356 1
9357 2
9358 2
9359 1
9360 3
9361 3
9362 5
9363 1
9364 1
9365 2
9366 1
9367 2
9368 1
9369 3
9370 1
9371 1
9372 1
9373 2
9374 5
9375 2
9376 1
9377 7
9378 2
9379 2
9380 1
9381 1
9382 1
9383 2
9384 1
9385 2
9386 5
9387 5
9388 1
9389 1
9390 1
9391 2
9392 1
9393 3
9394 3
9395 1
9396 2
9397 1
9398 2
9399 1
9400 1
9401 1
9402 1
9403 2
9404 5
9405 1
9406 2
9407 1
9408 7
9409 3
9410 2
9411 23
9412 3
9413 2
9414 5
9415 1
9416 5
9417 1
9418 2
9419 1
9420 2
9421 1
9422 1
9423 3
9424 1
9425 1
9426 1
9427 2
9428 1
9429 3
9430 2
9431 5
9432 1
9433 1
9434 2
9435 2
9436 1
9437 1
9438 1
9439 2
9440 1
9441 1
9442 2
9443 5
9444 2
9445 1
9446 1
9447 2
9448 1
9449 3
9450 2
9451 2
9452 1
9453 2
9454 1
9455 2
9456 2
9457 1
9458 3
9459 2
9460 2
9461 7
9462 1
9463 5
9464 1
9465 2
9466 1
9467 1
9468 1
9469 2
9470 7
9471 1
9472 5
9473 1
9474 1
9475 7
9476 1
9477 1
9478 1
9479 2
9480 1
9481 1
9482 2
9483 1
9484 5
9485 1
9486 1
9487 1
9488 2
9489 1
9490 1
9491 3
9492 1
9493 1
9494 2
9495 1
9496 3
9497 5
9498 1
9499 2
9500 2
9501 1
9502 2
9503 1
9504 1
9505 19
9506 1
9507 1
9508 5
9509 1
9510 1
9511 3
9512 2
9513 1
9514 3
9515 1
9516 11
9517 2
9518 1
9519 1
9520 2
9521 1
9522 1
9523 1
9524 7
9525 3
9526 1
9527 1
9528 2
9529 1
9530 2
9531 1
9532 1
9533 1
9534 2
9535 1
9536 3
9537 2
9538 1
9539 3
9540 1
9541 1
9542 1
9543 13
9544 3
9545 1
9546 3
9547 1
9548 2
9549 5
9550 1
9551 7
9552 3
9553 2
9554 2
9555 1
9556 1
9557 3
9558 2
9559 5
9560 2
9561 1
9562 2
9563 3
9564 1
9565 2
9566 1
9567 1
9568 7
9569 1
9570 1
9571 1
9572 5
9573 2
9574 1
9575 1
9576 1
9577 3
9578 1
9579 1
9580 11
9581 2
9582 3
9583 1
9584 1
9585 1
9586 2
9587 2
9588 1
9589 1
9590 2
9591 1
9592 3
9593 2
9594 2
9595 2
9596 1
9597 1
9598 1
9599 5
9600 1
9601 1
9602 7
9603 1
9604 1
9605 3
9606 1
9607 1
9608 3
9609 1
9610 1
9611 2
9612 13
9613 3
9614 2
9615 1
9616 1
9617 1
9618 5
9619 1
9620 1
9621 2
9622 2
9623 7
9624 1
9625 2
9626 2
9627 1
9628 3
9629 2
9630 1
9631 2
9632 1
9633 1
9634 11
9635 1
9636 3
9637 2
9638 1
9639 2
9640 1
9641 7
9642 3
9643 1
9644 1
9645 1
9646 1
9647 1
9648 1
9649 1
9650 2
9651 5
9652 1
9653 1
9654 2
9655 1
9656 2
9657 17
9658 1
9659 2
9660 5
9661 1
9662 5
9663 1
9664 2
9665 1
9666 3
9667 2
9668 1
9669 5
9670 1
9671 1
9672 2
9673 3
9674 1
9675 1
9676 2
9677 2
9678 5
9679 1
9680 1
9681 2
9682 17
9683 1
9684 1
9685 3
9686 1
9687 1
9688 7
9689 1
9690 1
9691 5
9692 1
9693 2
9694 5
9695 1
9696 1
9697 2
9698 1
9699 17
9700 1
9701 3
9702 1
9703 2
9704 1
9705 1
9706 2
9707 3
9708 2
9709 1
9710 3
9711 7
9712 2
9713 2
9714 1
9715 1
9716 2
9717 1
9718 2
9719 1
9720 1
9721 3
9722 1
9723 3
9724 2
9725 1
9726 1
9727 1
9728 1
9729 1
9730 3
9731 2
9732 2
9733 2
9734 1
9735 1
9736 5
9737 1
9738 1
9739 1
9740 3
9741 2
9742 1
9743 1
9744 2
9745 1
9746 2
9747 1
9748 1
9749 5
9750 1
9751 1
9752 3
9753 3
9754 1
9755 1
9756 7
9757 2
9758 1
9759 1
9760 1
9761 2
9762 1
9763 2
9764 1
9765 2
9766 7
9767 1
9768 1
9769 2
9770 5
9771 3
9772 2
9773 2
9774 1
9775 7
9776 1
9777 3
9778 1
9779 3
9780 2
9781 1
9782 2
9783 1
9784 1
9785 1
9786 11
9787 1
9788 3
9789 2
9790 1
9791 1
9792 1
9793 1
9794 2
9795 1
9796 2
9797 1
9798 2
9799 1
9800 1
9801 1
9802 1
9803 11
9804 3
9805 1
9806 5
9807 1
9808 1
9809 1
9810 2
9811 1
9812 1
9813 1
9814 2
9815 5
9816 2
9817 1
9818 2
9819 2
9820 7
9821 3
9822 2
9823 2
9824 1
9825 3
9826 2
9827 2
9828 5
9829 1
9830 2
9831 1
9832 1
9833 3
9834 1
9835 1
9836 2
9837 1
9838 1
9839 1
9840 2
9841 1
9842 1
9843 2
9844 3
9845 1
9846 1
9847 7
9848 1
9849 1
9850 2
9851 1
9852 3
9853 5
9854 1
9855 5
9856 2
9857 1
9858 2
9859 1
9860 7
9861 3
9862 2
9863 1
9864 2
9865 2
9866 1
9867 2
9868 1
9869 3
9870 1
9871 3
9872 1
9873 1
9874 2
9875 2
9876 13
9877 1
9878 1
9879 1
9880 2
9881 7
9882 1
9883 3
9884 1
9885 1
9886 3
9887 2
9888 1
9889 3
9890 2
9891 7
9892 1
9893 1
9894 1
9895 1
9896 3
9897 1
9898 1
9899 5
9900 3
9901 1
9902 2
9903 2
9904 2
9905 1
9906 1
9907 1
9908 3
9909 2
9910 5
9911 2
9912 1
9913 2
9914 1
9915 2
9916 1
9917 1
9918 1
9919 2
9920 2
9921 1
9922 3
9923 1
9924 7
9925 3
9926 2
9927 5
9928 1
9929 2
9930 1
9931 19
9932 1
9933 1
9934 2
9935 1
9936 1
9937 1
9938 3
9939 1
9940 2
9941 5
9942 1
9943 2
9944 1
9945 3
9946 2
9947 2
9948 1
9949 1
9950 1
9951 2
9952 5
9953 5
9954 7
9955 1
9956 3
9957 2
9958 1
9959 3
9960 1
9961 1
9962 3
9963 2
9964 5
9965 2
9966 1
9967 1
9968 3
9969 1
9970 7
9971 1
9972 2
9973 11
9974 1
9975 3
9976 2
9977 1
9978 3
9979 1
9980 5
9981 1
9982 3
9983 1
9984 2
9985 1
9986 1
9987 3
9988 13
9989 2
9990 2
9991 1
9992 1
9993 2
9994 1
9995 1
9996 2
9997 29
9998 1
9999 2
10000 1
