1 1
2 2
3 2
4 3
5 2
6 4
7 3
8 5
9 2
10 6
11 4
12 7
13 3
14 8
15 5
16 9
17 2
18 10
19 6
20 11
21 4
22 12
23 7
24 13
25 3
26 14
27 8
28 15
29 5
30 16
31 9
32 17
33 2
34 18
35 10
36 19
37 6
38 20
39 11
40 21
41 4
42 22
43 12
44 23
45 7
46 24
47 13
48 25
49 3
50 26
51 14
52 27
53 8
54 28
55 15
56 29
57 5
58 30
59 16
60 31
61 9
62 32
63 17
64 33
65 2
66 34
67 18
68 35
69 10
70 36
71 19
72 37
73 6
74 38
75 20
76 39
77 11
78 40
79 21
80 41
81 4
82 42
83 22
84 43
85 12
86 44
87 23
88 45
89 7
90 46
91 24
92 47
93 13
94 48
95 25
96 49
97 3
98 50
99 26
100 51
101 14
102 52
103 27
104 53
105 8
106 54
107 28
108 55
109 15
110 56
111 29
112 57
113 5
114 58
115 30
116 59
117 16
118 60
119 31
120 61
121 9
122 62
123 32
124 63
125 17
126 64
127 33
128 65
129 2
130 66
131 34
132 67
133 18
134 68
135 35
136 69
137 10
138 70
139 36
140 71
141 19
142 72
143 37
144 73
145 6
146 74
147 38
148 75
149 20
150 76
151 39
152 77
153 11
154 78
155 40
156 79
157 21
158 80
159 41
160 81
161 4
162 82
163 42
164 83
165 22
166 84
167 43
168 85
169 12
170 86
171 44
172 87
173 23
174 88
175 45
176 89
177 7
178 90
179 46
180 91
181 24
182 92
183 47
184 93
185 13
186 94
187 48
188 95
189 25
190 96
191 49
192 97
193 3
194 98
195 50
196 99
197 26
198 100
199 51
200 101
201 14
202 102
203 52
204 103
205 27
206 104
207 53
208 105
209 8
210 106
211 54
212 107
213 28
214 108
215 55
216 109
217 15
218 110
219 56
220 111
221 29
222 112
223 57
224 113
225 5
226 114
227 58
228 115
229 30
230 116
231 59
232 117
233 16
234 118
235 60
236 119
237 31
238 120
239 61
240 121
241 9
242 122
243 62
244 123
245 32
246 124
247 63
248 125
249 17
250 126
251 64
252 127
253 33
254 128
255 65
256 129
257 2
258 130
259 66
260 131
261 34
262 132
263 67
264 133
265 18
266 134
267 68
268 135
269 35
270 136
271 69
272 137
273 10
274 138
275 70
276 139
277 36
278 140
279 71
280 141
281 19
282 142
283 72
284 143
285 37
286 144
287 73
288 145
289 6
290 146
291 74
292 147
293 38
294 148
295 75
296 149
297 20
298 150
299 76
300 151
301 39
302 152
303 77
304 153
305 11
306 154
307 78
308 155
309 40
310 156
311 79
312 157
313 21
314 158
315 80
316 159
317 41
318 160
319 81
320 161
321 4
322 162
323 82
324 163
325 42
326 164
327 83
328 165
329 22
330 166
331 84
332 167
333 43
334 168
335 85
336 169
337 12
338 170
339 86
340 171
341 44
342 172
343 87
344 173
345 23
346 174
347 88
348 175
349 45
350 176
351 89
352 177
353 7
354 178
355 90
356 179
357 46
358 180
359 91
360 181
361 24
362 182
363 92
364 183
365 47
366 184
367 93
368 185
369 13
370 186
371 94
372 187
373 48
374 188
375 95
376 189
377 25
378 190
379 96
380 191
381 49
382 192
383 97
384 193
385 3
386 194
387 98
388 195
389 50
390 196
391 99
392 197
393 26
394 198
395 100
396 199
397 51
398 200
399 101
400 201
401 14
402 202
403 102
404 203
405 52
406 204
407 103
408 205
409 27
410 206
411 104
412 207
413 53
414 208
415 105
416 209
417 8
418 210
419 106
420 211
421 54
422 212
423 107
424 213
425 28
426 214
427 108
428 215
429 55
430 216
431 109
432 217
433 15
434 218
435 110
436 219
437 56
438 220
439 111
440 221
441 29
442 222
443 112
444 223
445 57
446 224
447 113
448 225
449 5
450 226
451 114
452 227
453 58
454 228
455 115
456 229
457 30
458 230
459 116
460 231
461 59
462 232
463 117
464 233
465 16
466 234
467 118
468 235
469 60
470 236
471 119
472 237
473 31
474 238
475 120
476 239
477 61
478 240
479 121
480 241
481 9
482 242
483 122
484 243
485 62
486 244
487 123
488 245
489 32
490 246
491 124
492 247
493 63
494 248
495 125
496 249
497 17
498 250
499 126
500 251
501 64
502 252
503 127
504 253
505 33
506 254
507 128
508 255
509 65
510 256
511 129
512 257
513 2
514 258
515 130
516 259
517 66
518 260
519 131
520 261
521 34
522 262
523 132
524 263
525 67
526 264
527 133
528 265
529 18
530 266
531 134
532 267
533 68
534 268
535 135
536 269
537 35
538 270
539 136
540 271
541 69
542 272
543 137
544 273
545 10
546 274
547 138
548 275
549 70
550 276
551 139
552 277
553 36
554 278
555 140
556 279
557 71
558 280
559 141
560 281
561 19
562 282
563 142
564 283
565 72
566 284
567 143
568 285
569 37
570 286
571 144
572 287
573 73
574 288
575 145
576 289
577 6
578 290
579 146
580 291
581 74
582 292
583 147
584 293
585 38
586 294
587 148
588 295
589 75
590 296
591 149
592 297
593 20
594 298
595 150
596 299
597 76
598 300
599 151
600 301
601 39
602 302
603 152
604 303
605 77
606 304
607 153
608 305
609 11
610 306
611 154
612 307
613 78
614 308
615 155
616 309
617 40
618 310
619 156
620 311
621 79
622 312
623 157
624 313
625 21
626 314
627 158
628 315
629 80
630 316
631 159
632 317
633 41
634 318
635 160
636 319
637 81
638 320
639 161
640 321
641 4
642 322
643 162
644 323
645 82
646 324
647 163
648 325
649 42
650 326
651 164
652 327
653 83
654 328
655 165
656 329
657 22
658 330
659 166
660 331
661 84
662 332
663 167
664 333
665 43
666 334
667 168
668 335
669 85
670 336
671 169
672 337
673 12
674 338
675 170
676 339
677 86
678 340
679 171
680 341
681 44
682 342
683 172
684 343
685 87
686 344
687 173
688 345
689 23
690 346
691 174
692 347
693 88
694 348
695 175
696 349
697 45
698 350
699 176
700 351
701 89
702 352
703 177
704 353
705 7
706 354
707 178
708 355
709 90
710 356
711 179
712 357
713 46
714 358
715 180
716 359
717 91
718 360
719 181
720 361
721 24
722 362
723 182
724 363
725 92
726 364
727 183
728 365
729 47
730 366
731 184
732 367
733 93
734 368
735 185
736 369
737 13
738 370
739 186
740 371
741 94
742 372
743 187
744 373
745 48
746 374
747 188
748 375
749 95
750 376
751 189
752 377
753 25
754 378
755 190
756 379
757 96
758 380
759 191
760 381
761 49
762 382
763 192
764 383
765 97
766 384
767 193
768 385
769 3
770 386
771 194
772 387
773 98
774 388
775 195
776 389
777 50
778 390
779 196
780 391
781 99
782 392
783 197
784 393
785 26
786 394
787 198
788 395
789 100
790 396
791 199
792 397
793 51
794 398
795 200
796 399
797 101
798 400
799 201
800 401
801 14
802 402
803 202
804 403
805 102
806 404
807 203
808 405
809 52
810 406
811 204
812 407
813 103
814 408
815 205
816 409
817 27
818 410
819 206
820 411
821 104
822 412
823 207
824 413
825 53
826 414
827 208
828 415
829 105
830 416
831 209
832 417
833 8
834 418
835 210
836 419
837 106
838 420
839 211
840 421
841 54
842 422
843 212
844 423
845 107
846 424
847 213
848 425
849 28
850 426
851 214
852 427
853 108
854 428
855 215
856 429
857 55
858 430
859 216
860 431
861 109
862 432
863 217
864 433
865 15
866 434
867 218
868 435
869 110
870 436
871 219
872 437
873 56
874 438
875 220
876 439
877 111
878 440
879 221
880 441
881 29
882 442
883 222
884 443
885 112
886 444
887 223
888 445
889 57
890 446
891 224
892 447
893 113
894 448
895 225
896 449
897 5
898 450
899 226
900 451
901 114
902 452
903 227
904 453
905 58
906 454
907 228
908 455
909 115
910 456
911 229
912 457
913 30
914 458
915 230
916 459
917 116
918 460
919 231
920 461
921 59
922 462
923 232
924 463
925 117
926 464
927 233
928 465
929 16
930 466
931 234
932 467
933 118
934 468
935 235
936 469
937 60
938 470
939 236
940 471
941 119
942 472
943 237
944 473
945 31
946 474
947 238
948 475
949 120
950 476
951 239
952 477
953 61
954 478
955 240
956 479
957 121
958 480
959 241
960 481
961 9
962 482
963 242
964 483
965 122
966 484
967 243
968 485
969 62
970 486
971 244
972 487
973 123
974 488
975 245
976 489
977 32
978 490
979 246
980 491
981 124
982 492
983 247
984 493
985 63
986 494
987 248
988 495
989 125
990 496
991 249
992 497
993 17
994 498
995 250
996 499
997 126
998 500
999 251
1000 501
1001 64
1002 502
1003 252
1004 503
1005 127
1006 504
1007 253
1008 505
1009 33
1010 506
1011 254
1012 507
1013 128
1014 508
1015 255
1016 509
1017 65
1018 510
1019 256
1020 511
1021 129
1022 512
1023 257
1024 513
1025 2
1026 514
1027 258
1028 515
1029 130
1030 516
1031 259
1032 517
1033 66
1034 518
1035 260
1036 519
1037 131
1038 520
1039 261
1040 521
1041 34
1042 522
1043 262
1044 523
1045 132
1046 524
1047 263
1048 525
1049 67
1050 526
1051 264
1052 527
1053 133
1054 528
1055 265
1056 529
1057 18
1058 530
1059 266
1060 531
1061 134
1062 532
1063 267
1064 533
1065 68
1066 534
1067 268
1068 535
1069 135
1070 536
1071 269
1072 537
1073 35
1074 538
1075 270
1076 539
1077 136
1078 540
1079 271
1080 541
1081 69
1082 542
1083 272
1084 543
1085 137
1086 544
1087 273
1088 545
1089 10
1090 546
1091 274
1092 547
1093 138
1094 548
1095 275
1096 549
1097 70
1098 550
1099 276
1100 551
1101 139
1102 552
1103 277
1104 553
1105 36
1106 554
1107 278
1108 555
1109 140
1110 556
1111 279
1112 557
1113 71
1114 558
1115 280
1116 559
1117 141
1118 560
1119 281
1120 561
1121 19
1122 562
1123 282
1124 563
1125 142
1126 564
1127 283
1128 565
1129 72
1130 566
1131 284
1132 567
1133 143
1134 568
1135 285
1136 569
1137 37
1138 570
1139 286
1140 571
1141 144
1142 572
1143 287
1144 573
1145 73
1146 574
1147 288
1148 575
1149 145
1150 576
1151 289
1152 577
1153 6
1154 578
1155 290
1156 579
1157 146
1158 580
1159 291
1160 581
1161 74
1162 582
1163 292
1164 583
1165 147
1166 584
1167 293
1168 585
1169 38
1170 586
1171 294
1172 587
1173 148
1174 588
1175 295
1176 589
1177 75
1178 590
1179 296
1180 591
1181 149
1182 592
1183 297
1184 593
1185 20
1186 594
1187 298
1188 595
1189 150
1190 596
1191 299
1192 597
1193 76
1194 598
1195 300
1196 599
1197 151
1198 600
1199 301
1200 601
1201 39
1202 602
1203 302
1204 603
1205 152
1206 604
1207 303
1208 605
1209 77
1210 606
1211 304
1212 607
1213 153
1214 608
1215 305
1216 609
1217 11
1218 610
1219 306
1220 611
1221 154
1222 612
1223 307
1224 613
1225 78
1226 614
1227 308
1228 615
1229 155
1230 616
1231 309
1232 617
1233 40
1234 618
1235 310
1236 619
1237 156
1238 620
1239 311
1240 621
1241 79
1242 622
1243 312
1244 623
1245 157
1246 624
1247 313
1248 625
1249 21
1250 626
1251 314
1252 627
1253 158
1254 628
1255 315
1256 629
1257 80
1258 630
1259 316
1260 631
1261 159
1262 632
1263 317
1264 633
1265 41
1266 634
1267 318
1268 635
1269 160
1270 636
1271 319
1272 637
1273 81
1274 638
1275 320
1276 639
1277 161
1278 640
1279 321
1280 641
1281 4
1282 642
1283 322
1284 643
1285 162
1286 644
1287 323
1288 645
1289 82
1290 646
1291 324
1292 647
1293 163
1294 648
1295 325
1296 649
1297 42
1298 650
1299 326
1300 651
1301 164
1302 652
1303 327
1304 653
1305 83
1306 654
1307 328
1308 655
1309 165
1310 656
1311 329
1312 657
1313 22
1314 658
1315 330
1316 659
1317 166
1318 660
1319 331
1320 661
1321 84
1322 662
1323 332
1324 663
1325 167
1326 664
1327 333
1328 665
1329 43
1330 666
1331 334
1332 667
1333 168
1334 668
1335 335
1336 669
1337 85
1338 670
1339 336
1340 671
1341 169
1342 672
1343 337
1344 673
1345 12
1346 674
1347 338
1348 675
1349 170
1350 676
1351 339
1352 677
1353 86
1354 678
1355 340
1356 679
1357 171
1358 680
1359 341
1360 681
1361 44
1362 682
1363 342
1364 683
1365 172
1366 684
1367 343
1368 685
1369 87
1370 686
1371 344
1372 687
1373 173
1374 688
1375 345
1376 689
1377 23
1378 690
1379 346
1380 691
1381 174
1382 692
1383 347
1384 693
1385 88
1386 694
1387 348
1388 695
1389 175
1390 696
1391 349
1392 697
1393 45
1394 698
1395 350
1396 699
1397 176
1398 700
1399 351
1400 701
1401 89
1402 702
1403 352
1404 703
1405 177
1406 704
1407 353
1408 705
1409 7
1410 706
1411 354
1412 707
1413 178
1414 708
1415 355
1416 709
1417 90
1418 710
1419 356
1420 711
1421 179
1422 712
1423 357
1424 713
1425 46
1426 714
1427 358
1428 715
1429 180
1430 716
1431 359
1432 717
1433 91
1434 718
1435 360
1436 719
1437 181
1438 720
1439 361
1440 721
1441 24
1442 722
1443 362
1444 723
1445 182
1446 724
1447 363
1448 725
1449 92
1450 726
1451 364
1452 727
1453 183
1454 728
1455 365
1456 729
1457 47
1458 730
1459 366
1460 731
1461 184
1462 732
1463 367
1464 733
1465 93
1466 734
1467 368
1468 735
1469 185
1470 736
1471 369
1472 737
1473 13
1474 738
1475 370
1476 739
1477 186
1478 740
1479 371
1480 741
1481 94
1482 742
1483 372
1484 743
1485 187
1486 744
1487 373
1488 745
1489 48
1490 746
1491 374
1492 747
1493 188
1494 748
1495 375
1496 749
1497 95
1498 750
1499 376
1500 751
1501 189
1502 752
1503 377
1504 753
1505 25
1506 754
1507 378
1508 755
1509 190
1510 756
1511 379
1512 757
1513 96
1514 758
1515 380
1516 759
1517 191
1518 760
1519 381
1520 761
1521 49
1522 762
1523 382
1524 763
1525 192
1526 764
1527 383
1528 765
1529 97
1530 766
1531 384
1532 767
1533 193
1534 768
1535 385
1536 769
1537 3
1538 770
1539 386
1540 771
1541 194
1542 772
1543 387
1544 773
1545 98
1546 774
1547 388
1548 775
1549 195
1550 776
1551 389
1552 777
1553 50
1554 778
1555 390
1556 779
1557 196
1558 780
1559 391
1560 781
1561 99
1562 782
1563 392
1564 783
1565 197
1566 784
1567 393
1568 785
1569 26
1570 786
1571 394
1572 787
1573 198
1574 788
1575 395
1576 789
1577 100
1578 790
1579 396
1580 791
1581 199
1582 792
1583 397
1584 793
1585 51
1586 794
1587 398
1588 795
1589 200
1590 796
1591 399
1592 797
1593 101
1594 798
1595 400
1596 799
1597 201
1598 800
1599 401
1600 801
1601 14
1602 802
1603 402
1604 803
1605 202
1606 804
1607 403
1608 805
1609 102
1610 806
1611 404
1612 807
1613 203
1614 808
1615 405
1616 809
1617 52
1618 810
1619 406
1620 811
1621 204
1622 812
1623 407
1624 813
1625 103
1626 814
1627 408
1628 815
1629 205
1630 816
1631 409
1632 817
1633 27
1634 818
1635 410
1636 819
1637 206
1638 820
1639 411
1640 821
1641 104
1642 822
1643 412
1644 823
1645 207
1646 824
1647 413
1648 825
1649 53
1650 826
1651 414
1652 827
1653 208
1654 828
1655 415
1656 829
1657 105
1658 830
1659 416
1660 831
1661 209
1662 832
1663 417
1664 833
1665 8
1666 834
1667 418
1668 835
1669 210
1670 836
1671 419
1672 837
1673 106
1674 838
1675 420
1676 839
1677 211
1678 840
1679 421
1680 841
1681 54
1682 842
1683 422
1684 843
1685 212
1686 844
1687 423
1688 845
1689 107
1690 846
1691 424
1692 847
1693 213
1694 848
1695 425
1696 849
1697 28
1698 850
1699 426
1700 851
1701 214
1702 852
1703 427
1704 853
1705 108
1706 854
1707 428
1708 855
1709 215
1710 856
1711 429
1712 857
1713 55
1714 858
1715 430
1716 859
1717 216
1718 860
1719 431
1720 861
1721 109
1722 862
1723 432
1724 863
1725 217
1726 864
1727 433
1728 865
1729 15
1730 866
1731 434
1732 867
1733 218
1734 868
1735 435
1736 869
1737 110
1738 870
1739 436
1740 871
1741 219
1742 872
1743 437
1744 873
1745 56
1746 874
1747 438
1748 875
1749 220
1750 876
1751 439
1752 877
1753 111
1754 878
1755 440
1756 879
1757 221
1758 880
1759 441
1760 881
1761 29
1762 882
1763 442
1764 883
1765 222
1766 884
1767 443
1768 885
1769 112
1770 886
1771 444
1772 887
1773 223
1774 888
1775 445
1776 889
1777 57
1778 890
1779 446
1780 891
1781 224
1782 892
1783 447
1784 893
1785 113
1786 894
1787 448
1788 895
1789 225
1790 896
1791 449
1792 897
1793 5
1794 898
1795 450
1796 899
1797 226
1798 900
1799 451
1800 901
1801 114
1802 902
1803 452
1804 903
1805 227
1806 904
1807 453
1808 905
1809 58
1810 906
1811 454
1812 907
1813 228
1814 908
1815 455
1816 909
1817 115
1818 910
1819 456
1820 911
1821 229
1822 912
1823 457
1824 913
1825 30
1826 914
1827 458
1828 915
1829 230
1830 916
1831 459
1832 917
1833 116
1834 918
1835 460
1836 919
1837 231
1838 920
1839 461
1840 921
1841 59
1842 922
1843 462
1844 923
1845 232
1846 924
1847 463
1848 925
1849 117
1850 926
1851 464
1852 927
1853 233
1854 928
1855 465
1856 929
1857 16
1858 930
1859 466
1860 931
1861 234
1862 932
1863 467
1864 933
1865 118
1866 934
1867 468
1868 935
1869 235
1870 936
1871 469
1872 937
1873 60
1874 938
1875 470
1876 939
1877 236
1878 940
1879 471
1880 941
1881 119
1882 942
1883 472
1884 943
1885 237
1886 944
1887 473
1888 945
1889 31
1890 946
1891 474
1892 947
1893 238
1894 948
1895 475
1896 949
1897 120
1898 950
1899 476
1900 951
1901 239
1902 952
1903 477
1904 953
1905 61
1906 954
1907 478
1908 955
1909 240
1910 956
1911 479
1912 957
1913 121
1914 958
1915 480
1916 959
1917 241
1918 960
1919 481
1920 961
1921 9
1922 962
1923 482
1924 963
1925 242
1926 964
1927 483
1928 965
1929 122
1930 966
1931 484
1932 967
1933 243
1934 968
1935 485
1936 969
1937 62
1938 970
1939 486
1940 971
1941 244
1942 972
1943 487
1944 973
1945 123
1946 974
1947 488
1948 975
1949 245
1950 976
1951 489
1952 977
1953 32
1954 978
1955 490
1956 979
1957 246
1958 980
1959 491
1960 981
1961 124
1962 982
1963 492
1964 983
1965 247
1966 984
1967 493
1968 985
1969 63
1970 986
1971 494
1972 987
1973 248
1974 988
1975 495
1976 989
1977 125
1978 990
1979 496
1980 991
1981 249
1982 992
1983 497
1984 993
1985 17
1986 994
1987 498
1988 995
1989 250
1990 996
1991 499
1992 997
1993 126
1994 998
1995 500
1996 999
1997 251
1998 1000
1999 501
2000 1001
2001 64
2002 1002
2003 502
2004 1003
2005 252
2006 1004
2007 503
2008 1005
2009 127
2010 1006
2011 504
2012 1007
2013 253
2014 1008
2015 505
2016 1009
2017 33
2018 1010
2019 506
2020 1011
2021 254
2022 1012
2023 507
2024 1013
2025 128
2026 1014
2027 508
2028 1015
2029 255
2030 1016
2031 509
2032 1017
2033 65
2034 1018
2035 510
2036 1019
2037 256
2038 1020
2039 511
2040 1021
2041 129
2042 1022
2043 512
2044 1023
2045 257
2046 1024
2047 513
2048 1025
2049 2
2050 1026
2051 514
2052 1027
2053 258
2054 1028
2055 515
2056 1029
2057 130
2058 1030
2059 516
2060 1031
2061 259
2062 1032
2063 517
2064 1033
2065 66
2066 1034
2067 518
2068 1035
2069 260
2070 1036
2071 519
2072 1037
2073 131
2074 1038
2075 520
2076 1039
2077 261
2078 1040
2079 521
2080 1041
2081 34
2082 1042
2083 522
2084 1043
2085 262
2086 1044
2087 523
2088 1045
2089 132
2090 1046
2091 524
2092 1047
2093 263
2094 1048
2095 525
2096 1049
2097 67
2098 1050
2099 526
2100 1051
2101 264
2102 1052
2103 527
2104 1053
2105 133
2106 1054
2107 528
2108 1055
2109 265
2110 1056
2111 529
2112 1057
2113 18
2114 1058
2115 530
2116 1059
2117 266
2118 1060
2119 531
2120 1061
2121 134
2122 1062
2123 532
2124 1063
2125 267
2126 1064
2127 533
2128 1065
2129 68
2130 1066
2131 534
2132 1067
2133 268
2134 1068
2135 535
2136 1069
2137 135
2138 1070
2139 536
2140 1071
2141 269
2142 1072
2143 537
2144 1073
2145 35
2146 1074
2147 538
2148 1075
2149 270
2150 1076
2151 539
2152 1077
2153 136
2154 1078
2155 540
2156 1079
2157 271
2158 1080
2159 541
2160 1081
2161 69
2162 1082
2163 542
2164 1083
2165 272
2166 1084
2167 543
2168 1085
2169 137
2170 1086
2171 544
2172 1087
2173 273
2174 1088
2175 545
2176 1089
2177 10
2178 1090
2179 546
2180 1091
2181 274
2182 1092
2183 547
2184 1093
2185 138
2186 1094
2187 548
2188 1095
2189 275
2190 1096
2191 549
2192 1097
2193 70
2194 1098
2195 550
2196 1099
2197 276
2198 1100
2199 551
2200 1101
2201 139
2202 1102
2203 552
2204 1103
2205 277
2206 1104
2207 553
2208 1105
2209 36
2210 1106
2211 554
2212 1107
2213 278
2214 1108
2215 555
2216 1109
2217 140
2218 1110
2219 556
2220 1111
2221 279
2222 1112
2223 557
2224 1113
2225 71
2226 1114
2227 558
2228 1115
2229 280
2230 1116
2231 559
2232 1117
2233 141
2234 1118
2235 560
2236 1119
2237 281
2238 1120
2239 561
2240 1121
2241 19
2242 1122
2243 562
2244 1123
2245 282
2246 1124
2247 563
2248 1125
2249 142
2250 1126
2251 564
2252 1127
2253 283
2254 1128
2255 565
2256 1129
2257 72
2258 1130
2259 566
2260 1131
2261 284
2262 1132
2263 567
2264 1133
2265 143
2266 1134
2267 568
2268 1135
2269 285
2270 1136
2271 569
2272 1137
2273 37
2274 1138
2275 570
2276 1139
2277 286
2278 1140
2279 571
2280 1141
2281 144
2282 1142
2283 572
2284 1143
2285 287
2286 1144
2287 573
2288 1145
2289 73
2290 1146
2291 574
2292 1147
2293 288
2294 1148
2295 575
2296 1149
2297 145
2298 1150
2299 576
2300 1151
2301 289
2302 1152
2303 577
2304 1153
2305 6
2306 1154
2307 578
2308 1155
2309 290
2310 1156
2311 579
2312 1157
2313 146
2314 1158
2315 580
2316 1159
2317 291
2318 1160
2319 581
2320 1161
2321 74
2322 1162
2323 582
2324 1163
2325 292
2326 1164
2327 583
2328 1165
2329 147
2330 1166
2331 584
2332 1167
2333 293
2334 1168
2335 585
2336 1169
2337 38
2338 1170
2339 586
2340 1171
2341 294
2342 1172
2343 587
2344 1173
2345 148
2346 1174
2347 588
2348 1175
2349 295
2350 1176
2351 589
2352 1177
2353 75
2354 1178
2355 590
2356 1179
2357 296
2358 1180
2359 591
2360 1181
2361 149
2362 1182
2363 592
2364 1183
2365 297
2366 1184
2367 593
2368 1185
2369 20
2370 1186
2371 594
2372 1187
2373 298
2374 1188
2375 595
2376 1189
2377 150
2378 1190
2379 596
2380 1191
2381 299
2382 1192
2383 597
2384 1193
2385 76
2386 1194
2387 598
2388 1195
2389 300
2390 1196
2391 599
2392 1197
2393 151
2394 1198
2395 600
2396 1199
2397 301
2398 1200
2399 601
2400 1201
2401 39
2402 1202
2403 602
2404 1203
2405 302
2406 1204
2407 603
2408 1205
2409 152
2410 1206
2411 604
2412 1207
2413 303
2414 1208
2415 605
2416 1209
2417 77
2418 1210
2419 606
2420 1211
2421 304
2422 1212
2423 607
2424 1213
2425 153
2426 1214
2427 608
2428 1215
2429 305
2430 1216
2431 609
2432 1217
2433 11
2434 1218
2435 610
2436 1219
2437 306
2438 1220
2439 611
2440 1221
2441 154
2442 1222
2443 612
2444 1223
2445 307
2446 1224
2447 613
2448 1225
2449 78
2450 1226
2451 614
2452 1227
2453 308
2454 1228
2455 615
2456 1229
2457 155
2458 1230
2459 616
2460 1231
2461 309
2462 1232
2463 617
2464 1233
2465 40
2466 1234
2467 618
2468 1235
2469 310
2470 1236
2471 619
2472 1237
2473 156
2474 1238
2475 620
2476 1239
2477 311
2478 1240
2479 621
2480 1241
2481 79
2482 1242
2483 622
2484 1243
2485 312
2486 1244
2487 623
2488 1245
2489 157
2490 1246
2491 624
2492 1247
2493 313
2494 1248
2495 625
2496 1249
2497 21
2498 1250
2499 626
2500 1251
2501 314
2502 1252
2503 627
2504 1253
2505 158
2506 1254
2507 628
2508 1255
2509 315
2510 1256
2511 629
2512 1257
2513 80
2514 1258
2515 630
2516 1259
2517 316
2518 1260
2519 631
2520 1261
2521 159
2522 1262
2523 632
2524 1263
2525 317
2526 1264
2527 633
2528 1265
2529 41
2530 1266
2531 634
2532 1267
2533 318
2534 1268
2535 635
2536 1269
2537 160
2538 1270
2539 636
2540 1271
2541 319
2542 1272
2543 637
2544 1273
2545 81
2546 1274
2547 638
2548 1275
2549 320
2550 1276
2551 639
2552 1277
2553 161
2554 1278
2555 640
2556 1279
2557 321
2558 1280
2559 641
2560 1281
2561 4
2562 1282
2563 642
2564 1283
2565 322
2566 1284
2567 643
2568 1285
2569 162
2570 1286
2571 644
2572 1287
2573 323
2574 1288
2575 645
2576 1289
2577 82
2578 1290
2579 646
2580 1291
2581 324
2582 1292
2583 647
2584 1293
2585 163
2586 1294
2587 648
2588 1295
2589 325
2590 1296
2591 649
2592 1297
2593 42
2594 1298
2595 650
2596 1299
2597 326
2598 1300
2599 651
2600 1301
2601 164
2602 1302
2603 652
2604 1303
2605 327
2606 1304
2607 653
2608 1305
2609 83
2610 1306
2611 654
2612 1307
2613 328
2614 1308
2615 655
2616 1309
2617 165
2618 1310
2619 656
2620 1311
2621 329
2622 1312
2623 657
2624 1313
2625 22
2626 1314
2627 658
2628 1315
2629 330
2630 1316
2631 659
2632 1317
2633 166
2634 1318
2635 660
2636 1319
2637 331
2638 1320
2639 661
2640 1321
2641 84
2642 1322
2643 662
2644 1323
2645 332
2646 1324
2647 663
2648 1325
2649 167
2650 1326
2651 664
2652 1327
2653 333
2654 1328
2655 665
2656 1329
2657 43
2658 1330
2659 666
2660 1331
2661 334
2662 1332
2663 667
2664 1333
2665 168
2666 1334
2667 668
2668 1335
2669 335
2670 1336
2671 669
2672 1337
2673 85
2674 1338
2675 670
2676 1339
2677 336
2678 1340
2679 671
2680 1341
2681 169
2682 1342
2683 672
2684 1343
2685 337
2686 1344
2687 673
2688 1345
2689 12
2690 1346
2691 674
2692 1347
2693 338
2694 1348
2695 675
2696 1349
2697 170
2698 1350
2699 676
2700 1351
2701 339
2702 1352
2703 677
2704 1353
2705 86
2706 1354
2707 678
2708 1355
2709 340
2710 1356
2711 679
2712 1357
2713 171
2714 1358
2715 680
2716 1359
2717 341
2718 1360
2719 681
2720 1361
2721 44
2722 1362
2723 682
2724 1363
2725 342
2726 1364
2727 683
2728 1365
2729 172
2730 1366
2731 684
2732 1367
2733 343
2734 1368
2735 685
2736 1369
2737 87
2738 1370
2739 686
2740 1371
2741 344
2742 1372
2743 687
2744 1373
2745 173
2746 1374
2747 688
2748 1375
2749 345
2750 1376
2751 689
2752 1377
2753 23
2754 1378
2755 690
2756 1379
2757 346
2758 1380
2759 691
2760 1381
2761 174
2762 1382
2763 692
2764 1383
2765 347
2766 1384
2767 693
2768 1385
2769 88
2770 1386
2771 694
2772 1387
2773 348
2774 1388
2775 695
2776 1389
2777 175
2778 1390
2779 696
2780 1391
2781 349
2782 1392
2783 697
2784 1393
2785 45
2786 1394
2787 698
2788 1395
2789 350
2790 1396
2791 699
2792 1397
2793 176
2794 1398
2795 700
2796 1399
2797 351
2798 1400
2799 701
2800 1401
2801 89
2802 1402
2803 702
2804 1403
2805 352
2806 1404
2807 703
2808 1405
2809 177
2810 1406
2811 704
2812 1407
2813 353
2814 1408
2815 705
2816 1409
2817 7
2818 1410
2819 706
2820 1411
2821 354
2822 1412
2823 707
2824 1413
2825 178
2826 1414
2827 708
2828 1415
2829 355
2830 1416
2831 709
2832 1417
2833 90
2834 1418
2835 710
2836 1419
2837 356
2838 1420
2839 711
2840 1421
2841 179
2842 1422
2843 712
2844 1423
2845 357
2846 1424
2847 713
2848 1425
2849 46
2850 1426
2851 714
2852 1427
2853 358
2854 1428
2855 715
2856 1429
2857 180
2858 1430
2859 716
2860 1431
2861 359
2862 1432
2863 717
2864 1433
2865 91
2866 1434
2867 718
2868 1435
2869 360
2870 1436
2871 719
2872 1437
2873 181
2874 1438
2875 720
2876 1439
2877 361
2878 1440
2879 721
2880 1441
2881 24
2882 1442
2883 722
2884 1443
2885 362
2886 1444
2887 723
2888 1445
2889 182
2890 1446
2891 724
2892 1447
2893 363
2894 1448
2895 725
2896 1449
2897 92
2898 1450
2899 726
2900 1451
2901 364
2902 1452
2903 727
2904 1453
2905 183
2906 1454
2907 728
2908 1455
2909 365
2910 1456
2911 729
2912 1457
2913 47
2914 1458
2915 730
2916 1459
2917 366
2918 1460
2919 731
2920 1461
2921 184
2922 1462
2923 732
2924 1463
2925 367
2926 1464
2927 733
2928 1465
2929 93
2930 1466
2931 734
2932 1467
2933 368
2934 1468
2935 735
2936 1469
2937 185
2938 1470
2939 736
2940 1471
2941 369
2942 1472
2943 737
2944 1473
2945 13
2946 1474
2947 738
2948 1475
2949 370
2950 1476
2951 739
2952 1477
2953 186
2954 1478
2955 740
2956 1479
2957 371
2958 1480
2959 741
2960 1481
2961 94
2962 1482
2963 742
2964 1483
2965 372
2966 1484
2967 743
2968 1485
2969 187
2970 1486
2971 744
2972 1487
2973 373
2974 1488
2975 745
2976 1489
2977 48
2978 1490
2979 746
2980 1491
2981 374
2982 1492
2983 747
2984 1493
2985 188
2986 1494
2987 748
2988 1495
2989 375
2990 1496
2991 749
2992 1497
2993 95
2994 1498
2995 750
2996 1499
2997 376
2998 1500
2999 751
3000 1501
3001 189
3002 1502
3003 752
3004 1503
3005 377
3006 1504
3007 753
3008 1505
3009 25
3010 1506
3011 754
3012 1507
3013 378
3014 1508
3015 755
3016 1509
3017 190
3018 1510
3019 756
3020 1511
3021 379
3022 1512
3023 757
3024 1513
3025 96
3026 1514
3027 758
3028 1515
3029 380
3030 1516
3031 759
3032 1517
3033 191
3034 1518
3035 760
3036 1519
3037 381
3038 1520
3039 761
3040 1521
3041 49
3042 1522
3043 762
3044 1523
3045 382
3046 1524
3047 763
3048 1525
3049 192
3050 1526
3051 764
3052 1527
3053 383
3054 1528
3055 765
3056 1529
3057 97
3058 1530
3059 766
3060 1531
3061 384
3062 1532
3063 767
3064 1533
3065 193
3066 1534
3067 768
3068 1535
3069 385
3070 1536
3071 769
3072 1537
3073 3
3074 1538
3075 770
3076 1539
3077 386
3078 1540
3079 771
3080 1541
3081 194
3082 1542
3083 772
3084 1543
3085 387
3086 1544
3087 773
3088 1545
3089 98
3090 1546
3091 774
3092 1547
3093 388
3094 1548
3095 775
3096 1549
3097 195
3098 1550
3099 776
3100 1551
3101 389
3102 1552
3103 777
3104 1553
3105 50
3106 1554
3107 778
3108 1555
3109 390
3110 1556
3111 779
3112 1557
3113 196
3114 1558
3115 780
3116 1559
3117 391
3118 1560
3119 781
3120 1561
3121 99
3122 1562
3123 782
3124 1563
3125 392
3126 1564
3127 783
3128 1565
3129 197
3130 1566
3131 784
3132 1567
3133 393
3134 1568
3135 785
3136 1569
3137 26
3138 1570
3139 786
3140 1571
3141 394
3142 1572
3143 787
3144 1573
3145 198
3146 1574
3147 788
3148 1575
3149 395
3150 1576
3151 789
3152 1577
3153 100
3154 1578
3155 790
3156 1579
3157 396
3158 1580
3159 791
3160 1581
3161 199
3162 1582
3163 792
3164 1583
3165 397
3166 1584
3167 793
3168 1585
3169 51
3170 1586
3171 794
3172 1587
3173 398
3174 1588
3175 795
3176 1589
3177 200
3178 1590
3179 796
3180 1591
3181 399
3182 1592
3183 797
3184 1593
3185 101
3186 1594
3187 798
3188 1595
3189 400
3190 1596
3191 799
3192 1597
3193 201
3194 1598
3195 800
3196 1599
3197 401
3198 1600
3199 801
3200 1601
3201 14
3202 1602
3203 802
3204 1603
3205 402
3206 1604
3207 803
3208 1605
3209 202
3210 1606
3211 804
3212 1607
3213 403
3214 1608
3215 805
3216 1609
3217 102
3218 1610
3219 806
3220 1611
3221 404
3222 1612
3223 807
3224 1613
3225 203
3226 1614
3227 808
3228 1615
3229 405
3230 1616
3231 809
3232 1617
3233 52
3234 1618
3235 810
3236 1619
3237 406
3238 1620
3239 811
3240 1621
3241 204
3242 1622
3243 812
3244 1623
3245 407
3246 1624
3247 813
3248 1625
3249 103
3250 1626
3251 814
3252 1627
3253 408
3254 1628
3255 815
3256 1629
3257 205
3258 1630
3259 816
3260 1631
3261 409
3262 1632
3263 817
3264 1633
3265 27
3266 1634
3267 818
3268 1635
3269 410
3270 1636
3271 819
3272 1637
3273 206
3274 1638
3275 820
3276 1639
3277 411
3278 1640
3279 821
3280 1641
3281 104
3282 1642
3283 822
3284 1643
3285 412
3286 1644
3287 823
3288 1645
3289 207
3290 1646
3291 824
3292 1647
3293 413
3294 1648
3295 825
3296 1649
3297 53
3298 1650
3299 826
3300 1651
3301 414
3302 1652
3303 827
3304 1653
3305 208
3306 1654
3307 828
3308 1655
3309 415
3310 1656
3311 829
3312 1657
3313 105
3314 1658
3315 830
3316 1659
3317 416
3318 1660
3319 831
3320 1661
3321 209
3322 1662
3323 832
3324 1663
3325 417
3326 1664
3327 833
3328 1665
3329 8
3330 1666
3331 834
3332 1667
3333 418
3334 1668
3335 835
3336 1669
3337 210
3338 1670
3339 836
3340 1671
3341 419
3342 1672
3343 837
3344 1673
3345 106
3346 1674
3347 838
3348 1675
3349 420
3350 1676
3351 839
3352 1677
3353 211
3354 1678
3355 840
3356 1679
3357 421
3358 1680
3359 841
3360 1681
3361 54
3362 1682
3363 842
3364 1683
3365 422
3366 1684
3367 843
3368 1685
3369 212
3370 1686
3371 844
3372 1687
3373 423
3374 1688
3375 845
3376 1689
3377 107
3378 1690
3379 846
3380 1691
3381 424
3382 1692
3383 847
3384 1693
3385 213
3386 1694
3387 848
3388 1695
3389 425
3390 1696
3391 849
3392 1697
3393 28
3394 1698
3395 850
3396 1699
3397 426
3398 1700
3399 851
3400 1701
3401 214
3402 1702
3403 852
3404 1703
3405 427
3406 1704
3407 853
3408 1705
3409 108
3410 1706
3411 854
3412 1707
3413 428
3414 1708
3415 855
3416 1709
3417 215
3418 1710
3419 856
3420 1711
3421 429
3422 1712
3423 857
3424 1713
3425 55
3426 1714
3427 858
3428 1715
3429 430
3430 1716
3431 859
3432 1717
3433 216
3434 1718
3435 860
3436 1719
3437 431
3438 1720
3439 861
3440 1721
3441 109
3442 1722
3443 862
3444 1723
3445 432
3446 1724
3447 863
3448 1725
3449 217
3450 1726
3451 864
3452 1727
3453 433
3454 1728
3455 865
3456 1729
3457 15
3458 1730
3459 866
3460 1731
3461 434
3462 1732
3463 867
3464 1733
3465 218
3466 1734
3467 868
3468 1735
3469 435
3470 1736
3471 869
3472 1737
3473 110
3474 1738
3475 870
3476 1739
3477 436
3478 1740
3479 871
3480 1741
3481 219
3482 1742
3483 872
3484 1743
3485 437
3486 1744
3487 873
3488 1745
3489 56
3490 1746
3491 874
3492 1747
3493 438
3494 1748
3495 875
3496 1749
3497 220
3498 1750
3499 876
3500 1751
3501 439
3502 1752
3503 877
3504 1753
3505 111
3506 1754
3507 878
3508 1755
3509 440
3510 1756
3511 879
3512 1757
3513 221
3514 1758
3515 880
3516 1759
3517 441
3518 1760
3519 881
3520 1761
3521 29
3522 1762
3523 882
3524 1763
3525 442
3526 1764
3527 883
3528 1765
3529 222
3530 1766
3531 884
3532 1767
3533 443
3534 1768
3535 885
3536 1769
3537 112
3538 1770
3539 886
3540 1771
3541 444
3542 1772
3543 887
3544 1773
3545 223
3546 1774
3547 888
3548 1775
3549 445
3550 1776
3551 889
3552 1777
3553 57
3554 1778
3555 890
3556 1779
3557 446
3558 1780
3559 891
3560 1781
3561 224
3562 1782
3563 892
3564 1783
3565 447
3566 1784
3567 893
3568 1785
3569 113
3570 1786
3571 894
3572 1787
3573 448
3574 1788
3575 895
3576 1789
3577 225
3578 1790
3579 896
3580 1791
3581 449
3582 1792
3583 897
3584 1793
3585 5
3586 1794
3587 898
3588 1795
3589 450
3590 1796
3591 899
3592 1797
3593 226
3594 1798
3595 900
3596 1799
3597 451
3598 1800
3599 901
3600 1801
3601 114
3602 1802
3603 902
3604 1803
3605 452
3606 1804
3607 903
3608 1805
3609 227
3610 1806
3611 904
3612 1807
3613 453
3614 1808
3615 905
3616 1809
3617 58
3618 1810
3619 906
3620 1811
3621 454
3622 1812
3623 907
3624 1813
3625 228
3626 1814
3627 908
3628 1815
3629 455
3630 1816
3631 909
3632 1817
3633 115
3634 1818
3635 910
3636 1819
3637 456
3638 1820
3639 911
3640 1821
3641 229
3642 1822
3643 912
3644 1823
3645 457
3646 1824
3647 913
3648 1825
3649 30
3650 1826
3651 914
3652 1827
3653 458
3654 1828
3655 915
3656 1829
3657 230
3658 1830
3659 916
3660 1831
3661 459
3662 1832
3663 917
3664 1833
3665 116
3666 1834
3667 918
3668 1835
3669 460
3670 1836
3671 919
3672 1837
3673 231
3674 1838
3675 920
3676 1839
3677 461
3678 1840
3679 921
3680 1841
3681 59
3682 1842
3683 922
3684 1843
3685 462
3686 1844
3687 923
3688 1845
3689 232
3690 1846
3691 924
3692 1847
3693 463
3694 1848
3695 925
3696 1849
3697 117
3698 1850
3699 926
3700 1851
3701 464
3702 1852
3703 927
3704 1853
3705 233
3706 1854
3707 928
3708 1855
3709 465
3710 1856
3711 929
3712 1857
3713 16
3714 1858
3715 930
3716 1859
3717 466
3718 1860
3719 931
3720 1861
3721 234
3722 1862
3723 932
3724 1863
3725 467
3726 1864
3727 933
3728 1865
3729 118
3730 1866
3731 934
3732 1867
3733 468
3734 1868
3735 935
3736 1869
3737 235
3738 1870
3739 936
3740 1871
3741 469
3742 1872
3743 937
3744 1873
3745 60
3746 1874
3747 938
3748 1875
3749 470
3750 1876
3751 939
3752 1877
3753 236
3754 1878
3755 940
3756 1879
3757 471
3758 1880
3759 941
3760 1881
3761 119
3762 1882
3763 942
3764 1883
3765 472
3766 1884
3767 943
3768 1885
3769 237
3770 1886
3771 944
3772 1887
3773 473
3774 1888
3775 945
3776 1889
3777 31
3778 1890
3779 946
3780 1891
3781 474
3782 1892
3783 947
3784 1893
3785 238
3786 1894
3787 948
3788 1895
3789 475
3790 1896
3791 949
3792 1897
3793 120
3794 1898
3795 950
3796 1899
3797 476
3798 1900
3799 951
3800 1901
3801 239
3802 1902
3803 952
3804 1903
3805 477
3806 1904
3807 953
3808 1905
3809 61
3810 1906
3811 954
3812 1907
3813 478
3814 1908
3815 955
3816 1909
3817 240
3818 1910
3819 956
3820 1911
3821 479
3822 1912
3823 957
3824 1913
3825 121
3826 1914
3827 958
3828 1915
3829 480
3830 1916
3831 959
3832 1917
3833 241
3834 1918
3835 960
3836 1919
3837 481
3838 1920
3839 961
3840 1921
3841 9
3842 1922
3843 962
3844 1923
3845 482
3846 1924
3847 963
3848 1925
3849 242
3850 1926
3851 964
3852 1927
3853 483
3854 1928
3855 965
3856 1929
3857 122
3858 1930
3859 966
3860 1931
3861 484
3862 1932
3863 967
3864 1933
3865 243
3866 1934
3867 968
3868 1935
3869 485
3870 1936
3871 969
3872 1937
3873 62
3874 1938
3875 970
3876 1939
3877 486
3878 1940
3879 971
3880 1941
3881 244
3882 1942
3883 972
3884 1943
3885 487
3886 1944
3887 973
3888 1945
3889 123
3890 1946
3891 974
3892 1947
3893 488
3894 1948
3895 975
3896 1949
3897 245
3898 1950
3899 976
3900 1951
3901 489
3902 1952
3903 977
3904 1953
3905 32
3906 1954
3907 978
3908 1955
3909 490
3910 1956
3911 979
3912 1957
3913 246
3914 1958
3915 980
3916 1959
3917 491
3918 1960
3919 981
3920 1961
3921 124
3922 1962
3923 982
3924 1963
3925 492
3926 1964
3927 983
3928 1965
3929 247
3930 1966
3931 984
3932 1967
3933 493
3934 1968
3935 985
3936 1969
3937 63
3938 1970
3939 986
3940 1971
3941 494
3942 1972
3943 987
3944 1973
3945 248
3946 1974
3947 988
3948 1975
3949 495
3950 1976
3951 989
3952 1977
3953 125
3954 1978
3955 990
3956 1979
3957 496
3958 1980
3959 991
3960 1981
3961 249
3962 1982
3963 992
3964 1983
3965 497
3966 1984
3967 993
3968 1985
3969 17
3970 1986
3971 994
3972 1987
3973 498
3974 1988
3975 995
3976 1989
3977 250
3978 1990
3979 996
3980 1991
3981 499
3982 1992
3983 997
3984 1993
3985 126
3986 1994
3987 998
3988 1995
3989 500
3990 1996
3991 999
3992 1997
3993 251
3994 1998
3995 1000
3996 1999
3997 501
3998 2000
3999 1001
4000 2001
4001 64
4002 2002
4003 1002
4004 2003
4005 502
4006 2004
4007 1003
4008 2005
4009 252
4010 2006
4011 1004
4012 2007
4013 503
4014 2008
4015 1005
4016 2009
4017 127
4018 2010
4019 1006
4020 2011
4021 504
4022 2012
4023 1007
4024 2013
4025 253
4026 2014
4027 1008
4028 2015
4029 505
4030 2016
4031 1009
4032 2017
4033 33
4034 2018
4035 1010
4036 2019
4037 506
4038 2020
4039 1011
4040 2021
4041 254
4042 2022
4043 1012
4044 2023
4045 507
4046 2024
4047 1013
4048 2025
4049 128
4050 2026
4051 1014
4052 2027
4053 508
4054 2028
4055 1015
4056 2029
4057 255
4058 2030
4059 1016
4060 2031
4061 509
4062 2032
4063 1017
4064 2033
4065 65
4066 2034
4067 1018
4068 2035
4069 510
4070 2036
4071 1019
4072 2037
4073 256
4074 2038
4075 1020
4076 2039
4077 511
4078 2040
4079 1021
4080 2041
4081 129
4082 2042
4083 1022
4084 2043
4085 512
4086 2044
4087 1023
4088 2045
4089 257
4090 2046
4091 1024
4092 2047
4093 513
4094 2048
4095 1025
4096 2049
4097 2
4098 2050
4099 1026
4100 2051
4101 514
4102 2052
4103 1027
4104 2053
4105 258
4106 2054
4107 1028
4108 2055
4109 515
4110 2056
4111 1029
4112 2057
4113 130
4114 2058
4115 1030
4116 2059
4117 516
4118 2060
4119 1031
4120 2061
4121 259
4122 2062
4123 1032
4124 2063
4125 517
4126 2064
4127 1033
4128 2065
4129 66
4130 2066
4131 1034
4132 2067
4133 518
4134 2068
4135 1035
4136 2069
4137 260
4138 2070
4139 1036
4140 2071
4141 519
4142 2072
4143 1037
4144 2073
4145 131
4146 2074
4147 1038
4148 2075
4149 520
4150 2076
4151 1039
4152 2077
4153 261
4154 2078
4155 1040
4156 2079
4157 521
4158 2080
4159 1041
4160 2081
4161 34
4162 2082
4163 1042
4164 2083
4165 522
4166 2084
4167 1043
4168 2085
4169 262
4170 2086
4171 1044
4172 2087
4173 523
4174 2088
4175 1045
4176 2089
4177 132
4178 2090
4179 1046
4180 2091
4181 524
4182 2092
4183 1047
4184 2093
4185 263
4186 2094
4187 1048
4188 2095
4189 525
4190 2096
4191 1049
4192 2097
4193 67
4194 2098
4195 1050
4196 2099
4197 526
4198 2100
4199 1051
4200 2101
4201 264
4202 2102
4203 1052
4204 2103
4205 527
4206 2104
4207 1053
4208 2105
4209 133
4210 2106
4211 1054
4212 2107
4213 528
4214 2108
4215 1055
4216 2109
4217 265
4218 2110
4219 1056
4220 2111
4221 529
4222 2112
4223 1057
4224 2113
4225 18
4226 2114
4227 1058
4228 2115
4229 530
4230 2116
4231 1059
4232 2117
4233 266
4234 2118
4235 1060
4236 2119
4237 531
4238 2120
4239 1061
4240 2121
4241 134
4242 2122
4243 1062
4244 2123
4245 532
4246 2124
4247 1063
4248 2125
4249 267
4250 2126
4251 1064
4252 2127
4253 533
4254 2128
4255 1065
4256 2129
4257 68
4258 2130
4259 1066
4260 2131
4261 534
4262 2132
4263 1067
4264 2133
4265 268
4266 2134
4267 1068
4268 2135
4269 535
4270 2136
4271 1069
4272 2137
4273 135
4274 2138
4275 1070
4276 2139
4277 536
4278 2140
4279 1071
4280 2141
4281 269
4282 2142
4283 1072
4284 2143
4285 537
4286 2144
4287 1073
4288 2145
4289 35
4290 2146
4291 1074
4292 2147
4293 538
4294 2148
4295 1075
4296 2149
4297 270
4298 2150
4299 1076
4300 2151
4301 539
4302 2152
4303 1077
4304 2153
4305 136
4306 2154
4307 1078
4308 2155
4309 540
4310 2156
4311 1079
4312 2157
4313 271
4314 2158
4315 1080
4316 2159
4317 541
4318 2160
4319 1081
4320 2161
4321 69
4322 2162
4323 1082
4324 2163
4325 542
4326 2164
4327 1083
4328 2165
4329 272
4330 2166
4331 1084
4332 2167
4333 543
4334 2168
4335 1085
4336 2169
4337 137
4338 2170
4339 1086
4340 2171
4341 544
4342 2172
4343 1087
4344 2173
4345 273
4346 2174
4347 1088
4348 2175
4349 545
4350 2176
4351 1089
4352 2177
4353 10
4354 2178
4355 1090
4356 2179
4357 546
4358 2180
4359 1091
4360 2181
4361 274
4362 2182
4363 1092
4364 2183
4365 547
4366 2184
4367 1093
4368 2185
4369 138
4370 2186
4371 1094
4372 2187
4373 548
4374 2188
4375 1095
4376 2189
4377 275
4378 2190
4379 1096
4380 2191
4381 549
4382 2192
4383 1097
4384 2193
4385 70
4386 2194
4387 1098
4388 2195
4389 550
4390 2196
4391 1099
4392 2197
4393 276
4394 2198
4395 1100
4396 2199
4397 551
4398 2200
4399 1101
4400 2201
4401 139
4402 2202
4403 1102
4404 2203
4405 552
4406 2204
4407 1103
4408 2205
4409 277
4410 2206
4411 1104
4412 2207
4413 553
4414 2208
4415 1105
4416 2209
4417 36
4418 2210
4419 1106
4420 2211
4421 554
4422 2212
4423 1107
4424 2213
4425 278
4426 2214
4427 1108
4428 2215
4429 555
4430 2216
4431 1109
4432 2217
4433 140
4434 2218
4435 1110
4436 2219
4437 556
4438 2220
4439 1111
4440 2221
4441 279
4442 2222
4443 1112
4444 2223
4445 557
4446 2224
4447 1113
4448 2225
4449 71
4450 2226
4451 1114
4452 2227
4453 558
4454 2228
4455 1115
4456 2229
4457 280
4458 2230
4459 1116
4460 2231
4461 559
4462 2232
4463 1117
4464 2233
4465 141
4466 2234
4467 1118
4468 2235
4469 560
4470 2236
4471 1119
4472 2237
4473 281
4474 2238
4475 1120
4476 2239
4477 561
4478 2240
4479 1121
4480 2241
4481 19
4482 2242
4483 1122
4484 2243
4485 562
4486 2244
4487 1123
4488 2245
4489 282
4490 2246
4491 1124
4492 2247
4493 563
4494 2248
4495 1125
4496 2249
4497 142
4498 2250
4499 1126
4500 2251
4501 564
4502 2252
4503 1127
4504 2253
4505 283
4506 2254
4507 1128
4508 2255
4509 565
4510 2256
4511 1129
4512 2257
4513 72
4514 2258
4515 1130
4516 2259
4517 566
4518 2260
4519 1131
4520 2261
4521 284
4522 2262
4523 1132
4524 2263
4525 567
4526 2264
4527 1133
4528 2265
4529 143
4530 2266
4531 1134
4532 2267
4533 568
4534 2268
4535 1135
4536 2269
4537 285
4538 2270
4539 1136
4540 2271
4541 569
4542 2272
4543 1137
4544 2273
4545 37
4546 2274
4547 1138
4548 2275
4549 570
4550 2276
4551 1139
4552 2277
4553 286
4554 2278
4555 1140
4556 2279
4557 571
4558 2280
4559 1141
4560 2281
4561 144
4562 2282
4563 1142
4564 2283
4565 572
4566 2284
4567 1143
4568 2285
4569 287
4570 2286
4571 1144
4572 2287
4573 573
4574 2288
4575 1145
4576 2289
4577 73
4578 2290
4579 1146
4580 2291
4581 574
4582 2292
4583 1147
4584 2293
4585 288
4586 2294
4587 1148
4588 2295
4589 575
4590 2296
4591 1149
4592 2297
4593 145
4594 2298
4595 1150
4596 2299
4597 576
4598 2300
4599 1151
4600 2301
4601 289
4602 2302
4603 1152
4604 2303
4605 577
4606 2304
4607 1153
4608 2305
4609 6
4610 2306
4611 1154
4612 2307
4613 578
4614 2308
4615 1155
4616 2309
4617 290
4618 2310
4619 1156
4620 2311
4621 579
4622 2312
4623 1157
4624 2313
4625 146
4626 2314
4627 1158
4628 2315
4629 580
4630 2316
4631 1159
4632 2317
4633 291
4634 2318
4635 1160
4636 2319
4637 581
4638 2320
4639 1161
4640 2321
4641 74
4642 2322
4643 1162
4644 2323
4645 582
4646 2324
4647 1163
4648 2325
4649 292
4650 2326
4651 1164
4652 2327
4653 583
4654 2328
4655 1165
4656 2329
4657 147
4658 2330
4659 1166
4660 2331
4661 584
4662 2332
4663 1167
4664 2333
4665 293
4666 2334
4667 1168
4668 2335
4669 585
4670 2336
4671 1169
4672 2337
4673 38
4674 2338
4675 1170
4676 2339
4677 586
4678 2340
4679 1171
4680 2341
4681 294
4682 2342
4683 1172
4684 2343
4685 587
4686 2344
4687 1173
4688 2345
4689 148
4690 2346
4691 1174
4692 2347
4693 588
4694 2348
4695 1175
4696 2349
4697 295
4698 2350
4699 1176
4700 2351
4701 589
4702 2352
4703 1177
4704 2353
4705 75
4706 2354
4707 1178
4708 2355
4709 590
4710 2356
4711 1179
4712 2357
4713 296
4714 2358
4715 1180
4716 2359
4717 591
4718 2360
4719 1181
4720 2361
4721 149
4722 2362
4723 1182
4724 2363
4725 592
4726 2364
4727 1183
4728 2365
4729 297
4730 2366
4731 1184
4732 2367
4733 593
4734 2368
4735 1185
4736 2369
4737 20
4738 2370
4739 1186
4740 2371
4741 594
4742 2372
4743 1187
4744 2373
4745 298
4746 2374
4747 1188
4748 2375
4749 595
4750 2376
4751 1189
4752 2377
4753 150
4754 2378
4755 1190
4756 2379
4757 596
4758 2380
4759 1191
4760 2381
4761 299
4762 2382
4763 1192
4764 2383
4765 597
4766 2384
4767 1193
4768 2385
4769 76
4770 2386
4771 1194
4772 2387
4773 598
4774 2388
4775 1195
4776 2389
4777 300
4778 2390
4779 1196
4780 2391
4781 599
4782 2392
4783 1197
4784 2393
4785 151
4786 2394
4787 1198
4788 2395
4789 600
4790 2396
4791 1199
4792 2397
4793 301
4794 2398
4795 1200
4796 2399
4797 601
4798 2400
4799 1201
4800 2401
4801 39
4802 2402
4803 1202
4804 2403
4805 602
4806 2404
4807 1203
4808 2405
4809 302
4810 2406
4811 1204
4812 2407
4813 603
4814 2408
4815 1205
4816 2409
4817 152
4818 2410
4819 1206
4820 2411
4821 604
4822 2412
4823 1207
4824 2413
4825 303
4826 2414
4827 1208
4828 2415
4829 605
4830 2416
4831 1209
4832 2417
4833 77
4834 2418
4835 1210
4836 2419
4837 606
4838 2420
4839 1211
4840 2421
4841 304
4842 2422
4843 1212
4844 2423
4845 607
4846 2424
4847 1213
4848 2425
4849 153
4850 2426
4851 1214
4852 2427
4853 608
4854 2428
4855 1215
4856 2429
4857 305
4858 2430
4859 1216
4860 2431
4861 609
4862 2432
4863 1217
4864 2433
4865 11
4866 2434
4867 1218
4868 2435
4869 610
4870 2436
4871 1219
4872 2437
4873 306
4874 2438
4875 1220
4876 2439
4877 611
4878 2440
4879 1221
4880 2441
4881 154
4882 2442
4883 1222
4884 2443
4885 612
4886 2444
4887 1223
4888 2445
4889 307
4890 2446
4891 1224
4892 2447
4893 613
4894 2448
4895 1225
4896 2449
4897 78
4898 2450
4899 1226
4900 2451
4901 614
4902 2452
4903 1227
4904 2453
4905 308
4906 2454
4907 1228
4908 2455
4909 615
4910 2456
4911 1229
4912 2457
4913 155
4914 2458
4915 1230
4916 2459
4917 616
4918 2460
4919 1231
4920 2461
4921 309
4922 2462
4923 1232
4924 2463
4925 617
4926 2464
4927 1233
4928 2465
4929 40
4930 2466
4931 1234
4932 2467
4933 618
4934 2468
4935 1235
4936 2469
4937 310
4938 2470
4939 1236
4940 2471
4941 619
4942 2472
4943 1237
4944 2473
4945 156
4946 2474
4947 1238
4948 2475
4949 620
4950 2476
4951 1239
4952 2477
4953 311
4954 2478
4955 1240
4956 2479
4957 621
4958 2480
4959 1241
4960 2481
4961 79
4962 2482
4963 1242
4964 2483
4965 622
4966 2484
4967 1243
4968 2485
4969 312
4970 2486
4971 1244
4972 2487
4973 623
4974 2488
4975 1245
4976 2489
4977 157
4978 2490
4979 1246
4980 2491
4981 624
4982 2492
4983 1247
4984 2493
4985 313
4986 2494
4987 1248
4988 2495
4989 625
4990 2496
4991 1249
4992 2497
4993 21
4994 2498
4995 1250
4996 2499
4997 626
4998 2500
4999 1251
5000 2501
5001 314
5002 2502
5003 1252
5004 2503
5005 627
5006 2504
5007 1253
5008 2505
5009 158
5010 2506
5011 1254
5012 2507
5013 628
5014 2508
5015 1255
5016 2509
5017 315
5018 2510
5019 1256
5020 2511
5021 629
5022 2512
5023 1257
5024 2513
5025 80
5026 2514
5027 1258
5028 2515
5029 630
5030 2516
5031 1259
5032 2517
5033 316
5034 2518
5035 1260
5036 2519
5037 631
5038 2520
5039 1261
5040 2521
5041 159
5042 2522
5043 1262
5044 2523
5045 632
5046 2524
5047 1263
5048 2525
5049 317
5050 2526
5051 1264
5052 2527
5053 633
5054 2528
5055 1265
5056 2529
5057 41
5058 2530
5059 1266
5060 2531
5061 634
5062 2532
5063 1267
5064 2533
5065 318
5066 2534
5067 1268
5068 2535
5069 635
5070 2536
5071 1269
5072 2537
5073 160
5074 2538
5075 1270
5076 2539
5077 636
5078 2540
5079 1271
5080 2541
5081 319
5082 2542
5083 1272
5084 2543
5085 637
5086 2544
5087 1273
5088 2545
5089 81
5090 2546
5091 1274
5092 2547
5093 638
5094 2548
5095 1275
5096 2549
5097 320
5098 2550
5099 1276
5100 2551
5101 639
5102 2552
5103 1277
5104 2553
5105 161
5106 2554
5107 1278
5108 2555
5109 640
5110 2556
5111 1279
5112 2557
5113 321
5114 2558
5115 1280
5116 2559
5117 641
5118 2560
5119 1281
5120 2561
5121 4
5122 2562
5123 1282
5124 2563
5125 642
5126 2564
5127 1283
5128 2565
5129 322
5130 2566
5131 1284
5132 2567
5133 643
5134 2568
5135 1285
5136 2569
5137 162
5138 2570
5139 1286
5140 2571
5141 644
5142 2572
5143 1287
5144 2573
5145 323
5146 2574
5147 1288
5148 2575
5149 645
5150 2576
5151 1289
5152 2577
5153 82
5154 2578
5155 1290
5156 2579
5157 646
5158 2580
5159 1291
5160 2581
5161 324
5162 2582
5163 1292
5164 2583
5165 647
5166 2584
5167 1293
5168 2585
5169 163
5170 2586
5171 1294
5172 2587
5173 648
5174 2588
5175 1295
5176 2589
5177 325
5178 2590
5179 1296
5180 2591
5181 649
5182 2592
5183 1297
5184 2593
5185 42
5186 2594
5187 1298
5188 2595
5189 650
5190 2596
5191 1299
5192 2597
5193 326
5194 2598
5195 1300
5196 2599
5197 651
5198 2600
5199 1301
5200 2601
5201 164
5202 2602
5203 1302
5204 2603
5205 652
5206 2604
5207 1303
5208 2605
5209 327
5210 2606
5211 1304
5212 2607
5213 653
5214 2608
5215 1305
5216 2609
5217 83
5218 2610
5219 1306
5220 2611
5221 654
5222 2612
5223 1307
5224 2613
5225 328
5226 2614
5227 1308
5228 2615
5229 655
5230 2616
5231 1309
5232 2617
5233 165
5234 2618
5235 1310
5236 2619
5237 656
5238 2620
5239 1311
5240 2621
5241 329
5242 2622
5243 1312
5244 2623
5245 657
5246 2624
5247 1313
5248 2625
5249 22
5250 2626
5251 1314
5252 2627
5253 658
5254 2628
5255 1315
5256 2629
5257 330
5258 2630
5259 1316
5260 2631
5261 659
5262 2632
5263 1317
5264 2633
5265 166
5266 2634
5267 1318
5268 2635
5269 660
5270 2636
5271 1319
5272 2637
5273 331
5274 2638
5275 1320
5276 2639
5277 661
5278 2640
5279 1321
5280 2641
5281 84
5282 2642
5283 1322
5284 2643
5285 662
5286 2644
5287 1323
5288 2645
5289 332
5290 2646
5291 1324
5292 2647
5293 663
5294 2648
5295 1325
5296 2649
5297 167
5298 2650
5299 1326
5300 2651
5301 664
5302 2652
5303 1327
5304 2653
5305 333
5306 2654
5307 1328
5308 2655
5309 665
5310 2656
5311 1329
5312 2657
5313 43
5314 2658
5315 1330
5316 2659
5317 666
5318 2660
5319 1331
5320 2661
5321 334
5322 2662
5323 1332
5324 2663
5325 667
5326 2664
5327 1333
5328 2665
5329 168
5330 2666
5331 1334
5332 2667
5333 668
5334 2668
5335 1335
5336 2669
5337 335
5338 2670
5339 1336
5340 2671
5341 669
5342 2672
5343 1337
5344 2673
5345 85
5346 2674
5347 1338
5348 2675
5349 670
5350 2676
5351 1339
5352 2677
5353 336
5354 2678
5355 1340
5356 2679
5357 671
5358 2680
5359 1341
5360 2681
5361 169
5362 2682
5363 1342
5364 2683
5365 672
5366 2684
5367 1343
5368 2685
5369 337
5370 2686
5371 1344
5372 2687
5373 673
5374 2688
5375 1345
5376 2689
5377 12
5378 2690
5379 1346
5380 2691
5381 674
5382 2692
5383 1347
5384 2693
5385 338
5386 2694
5387 1348
5388 2695
5389 675
5390 2696
5391 1349
5392 2697
5393 170
5394 2698
5395 1350
5396 2699
5397 676
5398 2700
5399 1351
5400 2701
5401 339
5402 2702
5403 1352
5404 2703
5405 677
5406 2704
5407 1353
5408 2705
5409 86
5410 2706
5411 1354
5412 2707
5413 678
5414 2708
5415 1355
5416 2709
5417 340
5418 2710
5419 1356
5420 2711
5421 679
5422 2712
5423 1357
5424 2713
5425 171
5426 2714
5427 1358
5428 2715
5429 680
5430 2716
5431 1359
5432 2717
5433 341
5434 2718
5435 1360
5436 2719
5437 681
5438 2720
5439 1361
5440 2721
5441 44
5442 2722
5443 1362
5444 2723
5445 682
5446 2724
5447 1363
5448 2725
5449 342
5450 2726
5451 1364
5452 2727
5453 683
5454 2728
5455 1365
5456 2729
5457 172
5458 2730
5459 1366
5460 2731
5461 684
5462 2732
5463 1367
5464 2733
5465 343
5466 2734
5467 1368
5468 2735
5469 685
5470 2736
5471 1369
5472 2737
5473 87
5474 2738
5475 1370
5476 2739
5477 686
5478 2740
5479 1371
5480 2741
5481 344
5482 2742
5483 1372
5484 2743
5485 687
5486 2744
5487 1373
5488 2745
5489 173
5490 2746
5491 1374
5492 2747
5493 688
5494 2748
5495 1375
5496 2749
5497 345
5498 2750
5499 1376
5500 2751
5501 689
5502 2752
5503 1377
5504 2753
5505 23
5506 2754
5507 1378
5508 2755
5509 690
5510 2756
5511 1379
5512 2757
5513 346
5514 2758
5515 1380
5516 2759
5517 691
5518 2760
5519 1381
5520 2761
5521 174
5522 2762
5523 1382
5524 2763
5525 692
5526 2764
5527 1383
5528 2765
5529 347
5530 2766
5531 1384
5532 2767
5533 693
5534 2768
5535 1385
5536 2769
5537 88
5538 2770
5539 1386
5540 2771
5541 694
5542 2772
5543 1387
5544 2773
5545 348
5546 2774
5547 1388
5548 2775
5549 695
5550 2776
5551 1389
5552 2777
5553 175
5554 2778
5555 1390
5556 2779
5557 696
5558 2780
5559 1391
5560 2781
5561 349
5562 2782
5563 1392
5564 2783
5565 697
5566 2784
5567 1393
5568 2785
5569 45
5570 2786
5571 1394
5572 2787
5573 698
5574 2788
5575 1395
5576 2789
5577 350
5578 2790
5579 1396
5580 2791
5581 699
5582 2792
5583 1397
5584 2793
5585 176
5586 2794
5587 1398
5588 2795
5589 700
5590 2796
5591 1399
5592 2797
5593 351
5594 2798
5595 1400
5596 2799
5597 701
5598 2800
5599 1401
5600 2801
5601 89
5602 2802
5603 1402
5604 2803
5605 702
5606 2804
5607 1403
5608 2805
5609 352
5610 2806
5611 1404
5612 2807
5613 703
5614 2808
5615 1405
5616 2809
5617 177
5618 2810
5619 1406
5620 2811
5621 704
5622 2812
5623 1407
5624 2813
5625 353
5626 2814
5627 1408
5628 2815
5629 705
5630 2816
5631 1409
5632 2817
5633 7
5634 2818
5635 1410
5636 2819
5637 706
5638 2820
5639 1411
5640 2821
5641 354
5642 2822
5643 1412
5644 2823
5645 707
5646 2824
5647 1413
5648 2825
5649 178
5650 2826
5651 1414
5652 2827
5653 708
5654 2828
5655 1415
5656 2829
5657 355
5658 2830
5659 1416
5660 2831
5661 709
5662 2832
5663 1417
5664 2833
5665 90
5666 2834
5667 1418
5668 2835
5669 710
5670 2836
5671 1419
5672 2837
5673 356
5674 2838
5675 1420
5676 2839
5677 711
5678 2840
5679 1421
5680 2841
5681 179
5682 2842
5683 1422
5684 2843
5685 712
5686 2844
5687 1423
5688 2845
5689 357
5690 2846
5691 1424
5692 2847
5693 713
5694 2848
5695 1425
5696 2849
5697 46
5698 2850
5699 1426
5700 2851
5701 714
5702 2852
5703 1427
5704 2853
5705 358
5706 2854
5707 1428
5708 2855
5709 715
5710 2856
5711 1429
5712 2857
5713 180
5714 2858
5715 1430
5716 2859
5717 716
5718 2860
5719 1431
5720 2861
5721 359
5722 2862
5723 1432
5724 2863
5725 717
5726 2864
5727 1433
5728 2865
5729 91
5730 2866
5731 1434
5732 2867
5733 718
5734 2868
5735 1435
5736 2869
5737 360
5738 2870
5739 1436
5740 2871
5741 719
5742 2872
5743 1437
5744 2873
5745 181
5746 2874
5747 1438
5748 2875
5749 720
5750 2876
5751 1439
5752 2877
5753 361
5754 2878
5755 1440
5756 2879
5757 721
5758 2880
5759 1441
5760 2881
5761 24
5762 2882
5763 1442
5764 2883
5765 722
5766 2884
5767 1443
5768 2885
5769 362
5770 2886
5771 1444
5772 2887
5773 723
5774 2888
5775 1445
5776 2889
5777 182
5778 2890
5779 1446
5780 2891
5781 724
5782 2892
5783 1447
5784 2893
5785 363
5786 2894
5787 1448
5788 2895
5789 725
5790 2896
5791 1449
5792 2897
5793 92
5794 2898
5795 1450
5796 2899
5797 726
5798 2900
5799 1451
5800 2901
5801 364
5802 2902
5803 1452
5804 2903
5805 727
5806 2904
5807 1453
5808 2905
5809 183
5810 2906
5811 1454
5812 2907
5813 728
5814 2908
5815 1455
5816 2909
5817 365
5818 2910
5819 1456
5820 2911
5821 729
5822 2912
5823 1457
5824 2913
5825 47
5826 2914
5827 1458
5828 2915
5829 730
5830 2916
5831 1459
5832 2917
5833 366
5834 2918
5835 1460
5836 2919
5837 731
5838 2920
5839 1461
5840 2921
5841 184
5842 2922
5843 1462
5844 2923
5845 732
5846 2924
5847 1463
5848 2925
5849 367
5850 2926
5851 1464
5852 2927
5853 733
5854 2928
5855 1465
5856 2929
5857 93
5858 2930
5859 1466
5860 2931
5861 734
5862 2932
5863 1467
5864 2933
5865 368
5866 2934
5867 1468
5868 2935
5869 735
5870 2936
5871 1469
5872 2937
5873 185
5874 2938
5875 1470
5876 2939
5877 736
5878 2940
5879 1471
5880 2941
5881 369
5882 2942
5883 1472
5884 2943
5885 737
5886 2944
5887 1473
5888 2945
5889 13
5890 2946
5891 1474
5892 2947
5893 738
5894 2948
5895 1475
5896 2949
5897 370
5898 2950
5899 1476
5900 2951
5901 739
5902 2952
5903 1477
5904 2953
5905 186
5906 2954
5907 1478
5908 2955
5909 740
5910 2956
5911 1479
5912 2957
5913 371
5914 2958
5915 1480
5916 2959
5917 741
5918 2960
5919 1481
5920 2961
5921 94
5922 2962
5923 1482
5924 2963
5925 742
5926 2964
5927 1483
5928 2965
5929 372
5930 2966
5931 1484
5932 2967
5933 743
5934 2968
5935 1485
5936 2969
5937 187
5938 2970
5939 1486
5940 2971
5941 744
5942 2972
5943 1487
5944 2973
5945 373
5946 2974
5947 1488
5948 2975
5949 745
5950 2976
5951 1489
5952 2977
5953 48
5954 2978
5955 1490
5956 2979
5957 746
5958 2980
5959 1491
5960 2981
5961 374
5962 2982
5963 1492
5964 2983
5965 747
5966 2984
5967 1493
5968 2985
5969 188
5970 2986
5971 1494
5972 2987
5973 748
5974 2988
5975 1495
5976 2989
5977 375
5978 2990
5979 1496
5980 2991
5981 749
5982 2992
5983 1497
5984 2993
5985 95
5986 2994
5987 1498
5988 2995
5989 750
5990 2996
5991 1499
5992 2997
5993 376
5994 2998
5995 1500
5996 2999
5997 751
5998 3000
5999 1501
6000 3001
6001 189
6002 3002
6003 1502
6004 3003
6005 752
6006 3004
6007 1503
6008 3005
6009 377
6010 3006
6011 1504
6012 3007
6013 753
6014 3008
6015 1505
6016 3009
6017 25
6018 3010
6019 1506
6020 3011
6021 754
6022 3012
6023 1507
6024 3013
6025 378
6026 3014
6027 1508
6028 3015
6029 755
6030 3016
6031 1509
6032 3017
6033 190
6034 3018
6035 1510
6036 3019
6037 756
6038 3020
6039 1511
6040 3021
6041 379
6042 3022
6043 1512
6044 3023
6045 757
6046 3024
6047 1513
6048 3025
6049 96
6050 3026
6051 1514
6052 3027
6053 758
6054 3028
6055 1515
6056 3029
6057 380
6058 3030
6059 1516
6060 3031
6061 759
6062 3032
6063 1517
6064 3033
6065 191
6066 3034
6067 1518
6068 3035
6069 760
6070 3036
6071 1519
6072 3037
6073 381
6074 3038
6075 1520
6076 3039
6077 761
6078 3040
6079 1521
6080 3041
6081 49
6082 3042
6083 1522
6084 3043
6085 762
6086 3044
6087 1523
6088 3045
6089 382
6090 3046
6091 1524
6092 3047
6093 763
6094 3048
6095 1525
6096 3049
6097 192
6098 3050
6099 1526
6100 3051
6101 764
6102 3052
6103 1527
6104 3053
6105 383
6106 3054
6107 1528
6108 3055
6109 765
6110 3056
6111 1529
6112 3057
6113 97
6114 3058
6115 1530
6116 3059
6117 766
6118 3060
6119 1531
6120 3061
6121 384
6122 3062
6123 1532
6124 3063
6125 767
6126 3064
6127 1533
6128 3065
6129 193
6130 3066
6131 1534
6132 3067
6133 768
6134 3068
6135 1535
6136 3069
6137 385
6138 3070
6139 1536
6140 3071
6141 769
6142 3072
6143 1537
6144 3073
6145 3
6146 3074
6147 1538
6148 3075
6149 770
6150 3076
6151 1539
6152 3077
6153 386
6154 3078
6155 1540
6156 3079
6157 771
6158 3080
6159 1541
6160 3081
6161 194
6162 3082
6163 1542
6164 3083
6165 772
6166 3084
6167 1543
6168 3085
6169 387
6170 3086
6171 1544
6172 3087
6173 773
6174 3088
6175 1545
6176 3089
6177 98
6178 3090
6179 1546
6180 3091
6181 774
6182 3092
6183 1547
6184 3093
6185 388
6186 3094
6187 1548
6188 3095
6189 775
6190 3096
6191 1549
6192 3097
6193 195
6194 3098
6195 1550
6196 3099
6197 776
6198 3100
6199 1551
6200 3101
6201 389
6202 3102
6203 1552
6204 3103
6205 777
6206 3104
6207 1553
6208 3105
6209 50
6210 3106
6211 1554
6212 3107
6213 778
6214 3108
6215 1555
6216 3109
6217 390
6218 3110
6219 1556
6220 3111
6221 779
6222 3112
6223 1557
6224 3113
6225 196
6226 3114
6227 1558
6228 3115
6229 780
6230 3116
6231 1559
6232 3117
6233 391
6234 3118
6235 1560
6236 3119
6237 781
6238 3120
6239 1561
6240 3121
6241 99
6242 3122
6243 1562
6244 3123
6245 782
6246 3124
6247 1563
6248 3125
6249 392
6250 3126
6251 1564
6252 3127
6253 783
6254 3128
6255 1565
6256 3129
6257 197
6258 3130
6259 1566
6260 3131
6261 784
6262 3132
6263 1567
6264 3133
6265 393
6266 3134
6267 1568
6268 3135
6269 785
6270 3136
6271 1569
6272 3137
6273 26
6274 3138
6275 1570
6276 3139
6277 786
6278 3140
6279 1571
6280 3141
6281 394
6282 3142
6283 1572
6284 3143
6285 787
6286 3144
6287 1573
6288 3145
6289 198
6290 3146
6291 1574
6292 3147
6293 788
6294 3148
6295 1575
6296 3149
6297 395
6298 3150
6299 1576
6300 3151
6301 789
6302 3152
6303 1577
6304 3153
6305 100
6306 3154
6307 1578
6308 3155
6309 790
6310 3156
6311 1579
6312 3157
6313 396
6314 3158
6315 1580
6316 3159
6317 791
6318 3160
6319 1581
6320 3161
6321 199
6322 3162
6323 1582
6324 3163
6325 792
6326 3164
6327 1583
6328 3165
6329 397
6330 3166
6331 1584
6332 3167
6333 793
6334 3168
6335 1585
6336 3169
6337 51
6338 3170
6339 1586
6340 3171
6341 794
6342 3172
6343 1587
6344 3173
6345 398
6346 3174
6347 1588
6348 3175
6349 795
6350 3176
6351 1589
6352 3177
6353 200
6354 3178
6355 1590
6356 3179
6357 796
6358 3180
6359 1591
6360 3181
6361 399
6362 3182
6363 1592
6364 3183
6365 797
6366 3184
6367 1593
6368 3185
6369 101
6370 3186
6371 1594
6372 3187
6373 798
6374 3188
6375 1595
6376 3189
6377 400
6378 3190
6379 1596
6380 3191
6381 799
6382 3192
6383 1597
6384 3193
6385 201
6386 3194
6387 1598
6388 3195
6389 800
6390 3196
6391 1599
6392 3197
6393 401
6394 3198
6395 1600
6396 3199
6397 801
6398 3200
6399 1601
6400 3201
6401 14
6402 3202
6403 1602
6404 3203
6405 802
6406 3204
6407 1603
6408 3205
6409 402
6410 3206
6411 1604
6412 3207
6413 803
6414 3208
6415 1605
6416 3209
6417 202
6418 3210
6419 1606
6420 3211
6421 804
6422 3212
6423 1607
6424 3213
6425 403
6426 3214
6427 1608
6428 3215
6429 805
6430 3216
6431 1609
6432 3217
6433 102
6434 3218
6435 1610
6436 3219
6437 806
6438 3220
6439 1611
6440 3221
6441 404
6442 3222
6443 1612
6444 3223
6445 807
6446 3224
6447 1613
6448 3225
6449 203
6450 3226
6451 1614
6452 3227
6453 808
6454 3228
6455 1615
6456 3229
6457 405
6458 3230
6459 1616
6460 3231
6461 809
6462 3232
6463 1617
6464 3233
6465 52
6466 3234
6467 1618
6468 3235
6469 810
6470 3236
6471 1619
6472 3237
6473 406
6474 3238
6475 1620
6476 3239
6477 811
6478 3240
6479 1621
6480 3241
6481 204
6482 3242
6483 1622
6484 3243
6485 812
6486 3244
6487 1623
6488 3245
6489 407
6490 3246
6491 1624
6492 3247
6493 813
6494 3248
6495 1625
6496 3249
6497 103
6498 3250
6499 1626
6500 3251
6501 814
6502 3252
6503 1627
6504 3253
6505 408
6506 3254
6507 1628
6508 3255
6509 815
6510 3256
6511 1629
6512 3257
6513 205
6514 3258
6515 1630
6516 3259
6517 816
6518 3260
6519 1631
6520 3261
6521 409
6522 3262
6523 1632
6524 3263
6525 817
6526 3264
6527 1633
6528 3265
6529 27
6530 3266
6531 1634
6532 3267
6533 818
6534 3268
6535 1635
6536 3269
6537 410
6538 3270
6539 1636
6540 3271
6541 819
6542 3272
6543 1637
6544 3273
6545 206
6546 3274
6547 1638
6548 3275
6549 820
6550 3276
6551 1639
6552 3277
6553 411
6554 3278
6555 1640
6556 3279
6557 821
6558 3280
6559 1641
6560 3281
6561 104
6562 3282
6563 1642
6564 3283
6565 822
6566 3284
6567 1643
6568 3285
6569 412
6570 3286
6571 1644
6572 3287
6573 823
6574 3288
6575 1645
6576 3289
6577 207
6578 3290
6579 1646
6580 3291
6581 824
6582 3292
6583 1647
6584 3293
6585 413
6586 3294
6587 1648
6588 3295
6589 825
6590 3296
6591 1649
6592 3297
6593 53
6594 3298
6595 1650
6596 3299
6597 826
6598 3300
6599 1651
6600 3301
6601 414
6602 3302
6603 1652
6604 3303
6605 827
6606 3304
6607 1653
6608 3305
6609 208
6610 3306
6611 1654
6612 3307
6613 828
6614 3308
6615 1655
6616 3309
6617 415
6618 3310
6619 1656
6620 3311
6621 829
6622 3312
6623 1657
6624 3313
6625 105
6626 3314
6627 1658
6628 3315
6629 830
6630 3316
6631 1659
6632 3317
6633 416
6634 3318
6635 1660
6636 3319
6637 831
6638 3320
6639 1661
6640 3321
6641 209
6642 3322
6643 1662
6644 3323
6645 832
6646 3324
6647 1663
6648 3325
6649 417
6650 3326
6651 1664
6652 3327
6653 833
6654 3328
6655 1665
6656 3329
6657 8
6658 3330
6659 1666
6660 3331
6661 834
6662 3332
6663 1667
6664 3333
6665 418
6666 3334
6667 1668
6668 3335
6669 835
6670 3336
6671 1669
6672 3337
6673 210
6674 3338
6675 1670
6676 3339
6677 836
6678 3340
6679 1671
6680 3341
6681 419
6682 3342
6683 1672
6684 3343
6685 837
6686 3344
6687 1673
6688 3345
6689 106
6690 3346
6691 1674
6692 3347
6693 838
6694 3348
6695 1675
6696 3349
6697 420
6698 3350
6699 1676
6700 3351
6701 839
6702 3352
6703 1677
6704 3353
6705 211
6706 3354
6707 1678
6708 3355
6709 840
6710 3356
6711 1679
6712 3357
6713 421
6714 3358
6715 1680
6716 3359
6717 841
6718 3360
6719 1681
6720 3361
6721 54
6722 3362
6723 1682
6724 3363
6725 842
6726 3364
6727 1683
6728 3365
6729 422
6730 3366
6731 1684
6732 3367
6733 843
6734 3368
6735 1685
6736 3369
6737 212
6738 3370
6739 1686
6740 3371
6741 844
6742 3372
6743 1687
6744 3373
6745 423
6746 3374
6747 1688
6748 3375
6749 845
6750 3376
6751 1689
6752 3377
6753 107
6754 3378
6755 1690
6756 3379
6757 846
6758 3380
6759 1691
6760 3381
6761 424
6762 3382
6763 1692
6764 3383
6765 847
6766 3384
6767 1693
6768 3385
6769 213
6770 3386
6771 1694
6772 3387
6773 848
6774 3388
6775 1695
6776 3389
6777 425
6778 3390
6779 1696
6780 3391
6781 849
6782 3392
6783 1697
6784 3393
6785 28
6786 3394
6787 1698
6788 3395
6789 850
6790 3396
6791 1699
6792 3397
6793 426
6794 3398
6795 1700
6796 3399
6797 851
6798 3400
6799 1701
6800 3401
6801 214
6802 3402
6803 1702
6804 3403
6805 852
6806 3404
6807 1703
6808 3405
6809 427
6810 3406
6811 1704
6812 3407
6813 853
6814 3408
6815 1705
6816 3409
6817 108
6818 3410
6819 1706
6820 3411
6821 854
6822 3412
6823 1707
6824 3413
6825 428
6826 3414
6827 1708
6828 3415
6829 855
6830 3416
6831 1709
6832 3417
6833 215
6834 3418
6835 1710
6836 3419
6837 856
6838 3420
6839 1711
6840 3421
6841 429
6842 3422
6843 1712
6844 3423
6845 857
6846 3424
6847 1713
6848 3425
6849 55
6850 3426
6851 1714
6852 3427
6853 858
6854 3428
6855 1715
6856 3429
6857 430
6858 3430
6859 1716
6860 3431
6861 859
6862 3432
6863 1717
6864 3433
6865 216
6866 3434
6867 1718
6868 3435
6869 860
6870 3436
6871 1719
6872 3437
6873 431
6874 3438
6875 1720
6876 3439
6877 861
6878 3440
6879 1721
6880 3441
6881 109
6882 3442
6883 1722
6884 3443
6885 862
6886 3444
6887 1723
6888 3445
6889 432
6890 3446
6891 1724
6892 3447
6893 863
6894 3448
6895 1725
6896 3449
6897 217
6898 3450
6899 1726
6900 3451
6901 864
6902 3452
6903 1727
6904 3453
6905 433
6906 3454
6907 1728
6908 3455
6909 865
6910 3456
6911 1729
6912 3457
6913 15
6914 3458
6915 1730
6916 3459
6917 866
6918 3460
6919 1731
6920 3461
6921 434
6922 3462
6923 1732
6924 3463
6925 867
6926 3464
6927 1733
6928 3465
6929 218
6930 3466
6931 1734
6932 3467
6933 868
6934 3468
6935 1735
6936 3469
6937 435
6938 3470
6939 1736
6940 3471
6941 869
6942 3472
6943 1737
6944 3473
6945 110
6946 3474
6947 1738
6948 3475
6949 870
6950 3476
6951 1739
6952 3477
6953 436
6954 3478
6955 1740
6956 3479
6957 871
6958 3480
6959 1741
6960 3481
6961 219
6962 3482
6963 1742
6964 3483
6965 872
6966 3484
6967 1743
6968 3485
6969 437
6970 3486
6971 1744
6972 3487
6973 873
6974 3488
6975 1745
6976 3489
6977 56
6978 3490
6979 1746
6980 3491
6981 874
6982 3492
6983 1747
6984 3493
6985 438
6986 3494
6987 1748
6988 3495
6989 875
6990 3496
6991 1749
6992 3497
6993 220
6994 3498
6995 1750
6996 3499
6997 876
6998 3500
6999 1751
7000 3501
7001 439
7002 3502
7003 1752
7004 3503
7005 877
7006 3504
7007 1753
7008 3505
7009 111
7010 3506
7011 1754
7012 3507
7013 878
7014 3508
7015 1755
7016 3509
7017 440
7018 3510
7019 1756
7020 3511
7021 879
7022 3512
7023 1757
7024 3513
7025 221
7026 3514
7027 1758
7028 3515
7029 880
7030 3516
7031 1759
7032 3517
7033 441
7034 3518
7035 1760
7036 3519
7037 881
7038 3520
7039 1761
7040 3521
7041 29
7042 3522
7043 1762
7044 3523
7045 882
7046 3524
7047 1763
7048 3525
7049 442
7050 3526
7051 1764
7052 3527
7053 883
7054 3528
7055 1765
7056 3529
7057 222
7058 3530
7059 1766
7060 3531
7061 884
7062 3532
7063 1767
7064 3533
7065 443
7066 3534
7067 1768
7068 3535
7069 885
7070 3536
7071 1769
7072 3537
7073 112
7074 3538
7075 1770
7076 3539
7077 886
7078 3540
7079 1771
7080 3541
7081 444
7082 3542
7083 1772
7084 3543
7085 887
7086 3544
7087 1773
7088 3545
7089 223
7090 3546
7091 1774
7092 3547
7093 888
7094 3548
7095 1775
7096 3549
7097 445
7098 3550
7099 1776
7100 3551
7101 889
7102 3552
7103 1777
7104 3553
7105 57
7106 3554
7107 1778
7108 3555
7109 890
7110 3556
7111 1779
7112 3557
7113 446
7114 3558
7115 1780
7116 3559
7117 891
7118 3560
7119 1781
7120 3561
7121 224
7122 3562
7123 1782
7124 3563
7125 892
7126 3564
7127 1783
7128 3565
7129 447
7130 3566
7131 1784
7132 3567
7133 893
7134 3568
7135 1785
7136 3569
7137 113
7138 3570
7139 1786
7140 3571
7141 894
7142 3572
7143 1787
7144 3573
7145 448
7146 3574
7147 1788
7148 3575
7149 895
7150 3576
7151 1789
7152 3577
7153 225
7154 3578
7155 1790
7156 3579
7157 896
7158 3580
7159 1791
7160 3581
7161 449
7162 3582
7163 1792
7164 3583
7165 897
7166 3584
7167 1793
7168 3585
7169 5
7170 3586
7171 1794
7172 3587
7173 898
7174 3588
7175 1795
7176 3589
7177 450
7178 3590
7179 1796
7180 3591
7181 899
7182 3592
7183 1797
7184 3593
7185 226
7186 3594
7187 1798
7188 3595
7189 900
7190 3596
7191 1799
7192 3597
7193 451
7194 3598
7195 1800
7196 3599
7197 901
7198 3600
7199 1801
7200 3601
7201 114
7202 3602
7203 1802
7204 3603
7205 902
7206 3604
7207 1803
7208 3605
7209 452
7210 3606
7211 1804
7212 3607
7213 903
7214 3608
7215 1805
7216 3609
7217 227
7218 3610
7219 1806
7220 3611
7221 904
7222 3612
7223 1807
7224 3613
7225 453
7226 3614
7227 1808
7228 3615
7229 905
7230 3616
7231 1809
7232 3617
7233 58
7234 3618
7235 1810
7236 3619
7237 906
7238 3620
7239 1811
7240 3621
7241 454
7242 3622
7243 1812
7244 3623
7245 907
7246 3624
7247 1813
7248 3625
7249 228
7250 3626
7251 1814
7252 3627
7253 908
7254 3628
7255 1815
7256 3629
7257 455
7258 3630
7259 1816
7260 3631
7261 909
7262 3632
7263 1817
7264 3633
7265 115
7266 3634
7267 1818
7268 3635
7269 910
7270 3636
7271 1819
7272 3637
7273 456
7274 3638
7275 1820
7276 3639
7277 911
7278 3640
7279 1821
7280 3641
7281 229
7282 3642
7283 1822
7284 3643
7285 912
7286 3644
7287 1823
7288 3645
7289 457
7290 3646
7291 1824
7292 3647
7293 913
7294 3648
7295 1825
7296 3649
7297 30
7298 3650
7299 1826
7300 3651
7301 914
7302 3652
7303 1827
7304 3653
7305 458
7306 3654
7307 1828
7308 3655
7309 915
7310 3656
7311 1829
7312 3657
7313 230
7314 3658
7315 1830
7316 3659
7317 916
7318 3660
7319 1831
7320 3661
7321 459
7322 3662
7323 1832
7324 3663
7325 917
7326 3664
7327 1833
7328 3665
7329 116
7330 3666
7331 1834
7332 3667
7333 918
7334 3668
7335 1835
7336 3669
7337 460
7338 3670
7339 1836
7340 3671
7341 919
7342 3672
7343 1837
7344 3673
7345 231
7346 3674
7347 1838
7348 3675
7349 920
7350 3676
7351 1839
7352 3677
7353 461
7354 3678
7355 1840
7356 3679
7357 921
7358 3680
7359 1841
7360 3681
7361 59
7362 3682
7363 1842
7364 3683
7365 922
7366 3684
7367 1843
7368 3685
7369 462
7370 3686
7371 1844
7372 3687
7373 923
7374 3688
7375 1845
7376 3689
7377 232
7378 3690
7379 1846
7380 3691
7381 924
7382 3692
7383 1847
7384 3693
7385 463
7386 3694
7387 1848
7388 3695
7389 925
7390 3696
7391 1849
7392 3697
7393 117
7394 3698
7395 1850
7396 3699
7397 926
7398 3700
7399 1851
7400 3701
7401 464
7402 3702
7403 1852
7404 3703
7405 927
7406 3704
7407 1853
7408 3705
7409 233
7410 3706
7411 1854
7412 3707
7413 928
7414 3708
7415 1855
7416 3709
7417 465
7418 3710
7419 1856
7420 3711
7421 929
7422 3712
7423 1857
7424 3713
7425 16
7426 3714
7427 1858
7428 3715
7429 930
7430 3716
7431 1859
7432 3717
7433 466
7434 3718
7435 1860
7436 3719
7437 931
7438 3720
7439 1861
7440 3721
7441 234
7442 3722
7443 1862
7444 3723
7445 932
7446 3724
7447 1863
7448 3725
7449 467
7450 3726
7451 1864
7452 3727
7453 933
7454 3728
7455 1865
7456 3729
7457 118
7458 3730
7459 1866
7460 3731
7461 934
7462 3732
7463 1867
7464 3733
7465 468
7466 3734
7467 1868
7468 3735
7469 935
7470 3736
7471 1869
7472 3737
7473 235
7474 3738
7475 1870
7476 3739
7477 936
7478 3740
7479 1871
7480 3741
7481 469
7482 3742
7483 1872
7484 3743
7485 937
7486 3744
7487 1873
7488 3745
7489 60
7490 3746
7491 1874
7492 3747
7493 938
7494 3748
7495 1875
7496 3749
7497 470
7498 3750
7499 1876
7500 3751
7501 939
7502 3752
7503 1877
7504 3753
7505 236
7506 3754
7507 1878
7508 3755
7509 940
7510 3756
7511 1879
7512 3757
7513 471
7514 3758
7515 1880
7516 3759
7517 941
7518 3760
7519 1881
7520 3761
7521 119
7522 3762
7523 1882
7524 3763
7525 942
7526 3764
7527 1883
7528 3765
7529 472
7530 3766
7531 1884
7532 3767
7533 943
7534 3768
7535 1885
7536 3769
7537 237
7538 3770
7539 1886
7540 3771
7541 944
7542 3772
7543 1887
7544 3773
7545 473
7546 3774
7547 1888
7548 3775
7549 945
7550 3776
7551 1889
7552 3777
7553 31
7554 3778
7555 1890
7556 3779
7557 946
7558 3780
7559 1891
7560 3781
7561 474
7562 3782
7563 1892
7564 3783
7565 947
7566 3784
7567 1893
7568 3785
7569 238
7570 3786
7571 1894
7572 3787
7573 948
7574 3788
7575 1895
7576 3789
7577 475
7578 3790
7579 1896
7580 3791
7581 949
7582 3792
7583 1897
7584 3793
7585 120
7586 3794
7587 1898
7588 3795
7589 950
7590 3796
7591 1899
7592 3797
7593 476
7594 3798
7595 1900
7596 3799
7597 951
7598 3800
7599 1901
7600 3801
7601 239
7602 3802
7603 1902
7604 3803
7605 952
7606 3804
7607 1903
7608 3805
7609 477
7610 3806
7611 1904
7612 3807
7613 953
7614 3808
7615 1905
7616 3809
7617 61
7618 3810
7619 1906
7620 3811
7621 954
7622 3812
7623 1907
7624 3813
7625 478
7626 3814
7627 1908
7628 3815
7629 955
7630 3816
7631 1909
7632 3817
7633 240
7634 3818
7635 1910
7636 3819
7637 956
7638 3820
7639 1911
7640 3821
7641 479
7642 3822
7643 1912
7644 3823
7645 957
7646 3824
7647 1913
7648 3825
7649 121
7650 3826
7651 1914
7652 3827
7653 958
7654 3828
7655 1915
7656 3829
7657 480
7658 3830
7659 1916
7660 3831
7661 959
7662 3832
7663 1917
7664 3833
7665 241
7666 3834
7667 1918
7668 3835
7669 960
7670 3836
7671 1919
7672 3837
7673 481
7674 3838
7675 1920
7676 3839
7677 961
7678 3840
7679 1921
7680 3841
7681 9
7682 3842
7683 1922
7684 3843
7685 962
7686 3844
7687 1923
7688 3845
7689 482
7690 3846
7691 1924
7692 3847
7693 963
7694 3848
7695 1925
7696 3849
7697 242
7698 3850
7699 1926
7700 3851
7701 964
7702 3852
7703 1927
7704 3853
7705 483
7706 3854
7707 1928
7708 3855
7709 965
7710 3856
7711 1929
7712 3857
7713 122
7714 3858
7715 1930
7716 3859
7717 966
7718 3860
7719 1931
7720 3861
7721 484
7722 3862
7723 1932
7724 3863
7725 967
7726 3864
7727 1933
7728 3865
7729 243
7730 3866
7731 1934
7732 3867
7733 968
7734 3868
7735 1935
7736 3869
7737 485
7738 3870
7739 1936
7740 3871
7741 969
7742 3872
7743 1937
7744 3873
7745 62
7746 3874
7747 1938
7748 3875
7749 970
7750 3876
7751 1939
7752 3877
7753 486
7754 3878
7755 1940
7756 3879
7757 971
7758 3880
7759 1941
7760 3881
7761 244
7762 3882
7763 1942
7764 3883
7765 972
7766 3884
7767 1943
7768 3885
7769 487
7770 3886
7771 1944
7772 3887
7773 973
7774 3888
7775 1945
7776 3889
7777 123
7778 3890
7779 1946
7780 3891
7781 974
7782 3892
7783 1947
7784 3893
7785 488
7786 3894
7787 1948
7788 3895
7789 975
7790 3896
7791 1949
7792 3897
7793 245
7794 3898
7795 1950
7796 3899
7797 976
7798 3900
7799 1951
7800 3901
7801 489
7802 3902
7803 1952
7804 3903
7805 977
7806 3904
7807 1953
7808 3905
7809 32
7810 3906
7811 1954
7812 3907
7813 978
7814 3908
7815 1955
7816 3909
7817 490
7818 3910
7819 1956
7820 3911
7821 979
7822 3912
7823 1957
7824 3913
7825 246
7826 3914
7827 1958
7828 3915
7829 980
7830 3916
7831 1959
7832 3917
7833 491
7834 3918
7835 1960
7836 3919
7837 981
7838 3920
7839 1961
7840 3921
7841 124
7842 3922
7843 1962
7844 3923
7845 982
7846 3924
7847 1963
7848 3925
7849 492
7850 3926
7851 1964
7852 3927
7853 983
7854 3928
7855 1965
7856 3929
7857 247
7858 3930
7859 1966
7860 3931
7861 984
7862 3932
7863 1967
7864 3933
7865 493
7866 3934
7867 1968
7868 3935
7869 985
7870 3936
7871 1969
7872 3937
7873 63
7874 3938
7875 1970
7876 3939
7877 986
7878 3940
7879 1971
7880 3941
7881 494
7882 3942
7883 1972
7884 3943
7885 987
7886 3944
7887 1973
7888 3945
7889 248
7890 3946
7891 1974
7892 3947
7893 988
7894 3948
7895 1975
7896 3949
7897 495
7898 3950
7899 1976
7900 3951
7901 989
7902 3952
7903 1977
7904 3953
7905 125
7906 3954
7907 1978
7908 3955
7909 990
7910 3956
7911 1979
7912 3957
7913 496
7914 3958
7915 1980
7916 3959
7917 991
7918 3960
7919 1981
7920 3961
7921 249
7922 3962
7923 1982
7924 3963
7925 992
7926 3964
7927 1983
7928 3965
7929 497
7930 3966
7931 1984
7932 3967
7933 993
7934 3968
7935 1985
7936 3969
7937 17
7938 3970
7939 1986
7940 3971
7941 994
7942 3972
7943 1987
7944 3973
7945 498
7946 3974
7947 1988
7948 3975
7949 995
7950 3976
7951 1989
7952 3977
7953 250
7954 3978
7955 1990
7956 3979
7957 996
7958 3980
7959 1991
7960 3981
7961 499
7962 3982
7963 1992
7964 3983
7965 997
7966 3984
7967 1993
7968 3985
7969 126
7970 3986
7971 1994
7972 3987
7973 998
7974 3988
7975 1995
7976 3989
7977 500
7978 3990
7979 1996
7980 3991
7981 999
7982 3992
7983 1997
7984 3993
7985 251
7986 3994
7987 1998
7988 3995
7989 1000
7990 3996
7991 1999
7992 3997
7993 501
7994 3998
7995 2000
7996 3999
7997 1001
7998 4000
7999 2001
8000 4001
8001 64
8002 4002
8003 2002
8004 4003
8005 1002
8006 4004
8007 2003
8008 4005
8009 502
8010 4006
8011 2004
8012 4007
8013 1003
8014 4008
8015 2005
8016 4009
8017 252
8018 4010
8019 2006
8020 4011
8021 1004
8022 4012
8023 2007
8024 4013
8025 503
8026 4014
8027 2008
8028 4015
8029 1005
8030 4016
8031 2009
8032 4017
8033 127
8034 4018
8035 2010
8036 4019
8037 1006
8038 4020
8039 2011
8040 4021
8041 504
8042 4022
8043 2012
8044 4023
8045 1007
8046 4024
8047 2013
8048 4025
8049 253
8050 4026
8051 2014
8052 4027
8053 1008
8054 4028
8055 2015
8056 4029
8057 505
8058 4030
8059 2016
8060 4031
8061 1009
8062 4032
8063 2017
8064 4033
8065 33
8066 4034
8067 2018
8068 4035
8069 1010
8070 4036
8071 2019
8072 4037
8073 506
8074 4038
8075 2020
8076 4039
8077 1011
8078 4040
8079 2021
8080 4041
8081 254
8082 4042
8083 2022
8084 4043
8085 1012
8086 4044
8087 2023
8088 4045
8089 507
8090 4046
8091 2024
8092 4047
8093 1013
8094 4048
8095 2025
8096 4049
8097 128
8098 4050
8099 2026
8100 4051
8101 1014
8102 4052
8103 2027
8104 4053
8105 508
8106 4054
8107 2028
8108 4055
8109 1015
8110 4056
8111 2029
8112 4057
8113 255
8114 4058
8115 2030
8116 4059
8117 1016
8118 4060
8119 2031
8120 4061
8121 509
8122 4062
8123 2032
8124 4063
8125 1017
8126 4064
8127 2033
8128 4065
8129 65
8130 4066
8131 2034
8132 4067
8133 1018
8134 4068
8135 2035
8136 4069
8137 510
8138 4070
8139 2036
8140 4071
8141 1019
8142 4072
8143 2037
8144 4073
8145 256
8146 4074
8147 2038
8148 4075
8149 1020
8150 4076
8151 2039
8152 4077
8153 511
8154 4078
8155 2040
8156 4079
8157 1021
8158 4080
8159 2041
8160 4081
8161 129
8162 4082
8163 2042
8164 4083
8165 1022
8166 4084
8167 2043
8168 4085
8169 512
8170 4086
8171 2044
8172 4087
8173 1023
8174 4088
8175 2045
8176 4089
8177 257
8178 4090
8179 2046
8180 4091
8181 1024
8182 4092
8183 2047
8184 4093
8185 513
8186 4094
8187 2048
8188 4095
8189 1025
8190 4096
8191 2049
8192 4097
8193 2
8194 4098
8195 2050
8196 4099
8197 1026
8198 4100
8199 2051
8200 4101
8201 514
8202 4102
8203 2052
8204 4103
8205 1027
8206 4104
8207 2053
8208 4105
8209 258
8210 4106
8211 2054
8212 4107
8213 1028
8214 4108
8215 2055
8216 4109
8217 515
8218 4110
8219 2056
8220 4111
8221 1029
8222 4112
8223 2057
8224 4113
8225 130
8226 4114
8227 2058
8228 4115
8229 1030
8230 4116
8231 2059
8232 4117
8233 516
8234 4118
8235 2060
8236 4119
8237 1031
8238 4120
8239 2061
8240 4121
8241 259
8242 4122
8243 2062
8244 4123
8245 1032
8246 4124
8247 2063
8248 4125
8249 517
8250 4126
8251 2064
8252 4127
8253 1033
8254 4128
8255 2065
8256 4129
8257 66
8258 4130
8259 2066
8260 4131
8261 1034
8262 4132
8263 2067
8264 4133
8265 518
8266 4134
8267 2068
8268 4135
8269 1035
8270 4136
8271 2069
8272 4137
8273 260
8274 4138
8275 2070
8276 4139
8277 1036
8278 4140
8279 2071
8280 4141
8281 519
8282 4142
8283 2072
8284 4143
8285 1037
8286 4144
8287 2073
8288 4145
8289 131
8290 4146
8291 2074
8292 4147
8293 1038
8294 4148
8295 2075
8296 4149
8297 520
8298 4150
8299 2076
8300 4151
8301 1039
8302 4152
8303 2077
8304 4153
8305 261
8306 4154
8307 2078
8308 4155
8309 1040
8310 4156
8311 2079
8312 4157
8313 521
8314 4158
8315 2080
8316 4159
8317 1041
8318 4160
8319 2081
8320 4161
8321 34
8322 4162
8323 2082
8324 4163
8325 1042
8326 4164
8327 2083
8328 4165
8329 522
8330 4166
8331 2084
8332 4167
8333 1043
8334 4168
8335 2085
8336 4169
8337 262
8338 4170
8339 2086
8340 4171
8341 1044
8342 4172
8343 2087
8344 4173
8345 523
8346 4174
8347 2088
8348 4175
8349 1045
8350 4176
8351 2089
8352 4177
8353 132
8354 4178
8355 2090
8356 4179
8357 1046
8358 4180
8359 2091
8360 4181
8361 524
8362 4182
8363 2092
8364 4183
8365 1047
8366 4184
8367 2093
8368 4185
8369 263
8370 4186
8371 2094
8372 4187
8373 1048
8374 4188
8375 2095
8376 4189
8377 525
8378 4190
8379 2096
8380 4191
8381 1049
8382 4192
8383 2097
8384 4193
8385 67
8386 4194
8387 2098
8388 4195
8389 1050
8390 4196
8391 2099
8392 4197
8393 526
8394 4198
8395 2100
8396 4199
8397 1051
8398 4200
8399 2101
8400 4201
8401 264
8402 4202
8403 2102
8404 4203
8405 1052
8406 4204
8407 2103
8408 4205
8409 527
8410 4206
8411 2104
8412 4207
8413 1053
8414 4208
8415 2105
8416 4209
8417 133
8418 4210
8419 2106
8420 4211
8421 1054
8422 4212
8423 2107
8424 4213
8425 528
8426 4214
8427 2108
8428 4215
8429 1055
8430 4216
8431 2109
8432 4217
8433 265
8434 4218
8435 2110
8436 4219
8437 1056
8438 4220
8439 2111
8440 4221
8441 529
8442 4222
8443 2112
8444 4223
8445 1057
8446 4224
8447 2113
8448 4225
8449 18
8450 4226
8451 2114
8452 4227
8453 1058
8454 4228
8455 2115
8456 4229
8457 530
8458 4230
8459 2116
8460 4231
8461 1059
8462 4232
8463 2117
8464 4233
8465 266
8466 4234
8467 2118
8468 4235
8469 1060
8470 4236
8471 2119
8472 4237
8473 531
8474 4238
8475 2120
8476 4239
8477 1061
8478 4240
8479 2121
8480 4241
8481 134
8482 4242
8483 2122
8484 4243
8485 1062
8486 4244
8487 2123
8488 4245
8489 532
8490 4246
8491 2124
8492 4247
8493 1063
8494 4248
8495 2125
8496 4249
8497 267
8498 4250
8499 2126
8500 4251
8501 1064
8502 4252
8503 2127
8504 4253
8505 533
8506 4254
8507 2128
8508 4255
8509 1065
8510 4256
8511 2129
8512 4257
8513 68
8514 4258
8515 2130
8516 4259
8517 1066
8518 4260
8519 2131
8520 4261
8521 534
8522 4262
8523 2132
8524 4263
8525 1067
8526 4264
8527 2133
8528 4265
8529 268
8530 4266
8531 2134
8532 4267
8533 1068
8534 4268
8535 2135
8536 4269
8537 535
8538 4270
8539 2136
8540 4271
8541 1069
8542 4272
8543 2137
8544 4273
8545 135
8546 4274
8547 2138
8548 4275
8549 1070
8550 4276
8551 2139
8552 4277
8553 536
8554 4278
8555 2140
8556 4279
8557 1071
8558 4280
8559 2141
8560 4281
8561 269
8562 4282
8563 2142
8564 4283
8565 1072
8566 4284
8567 2143
8568 4285
8569 537
8570 4286
8571 2144
8572 4287
8573 1073
8574 4288
8575 2145
8576 4289
8577 35
8578 4290
8579 2146
8580 4291
8581 1074
8582 4292
8583 2147
8584 4293
8585 538
8586 4294
8587 2148
8588 4295
8589 1075
8590 4296
8591 2149
8592 4297
8593 270
8594 4298
8595 2150
8596 4299
8597 1076
8598 4300
8599 2151
8600 4301
8601 539
8602 4302
8603 2152
8604 4303
8605 1077
8606 4304
8607 2153
8608 4305
8609 136
8610 4306
8611 2154
8612 4307
8613 1078
8614 4308
8615 2155
8616 4309
8617 540
8618 4310
8619 2156
8620 4311
8621 1079
8622 4312
8623 2157
8624 4313
8625 271
8626 4314
8627 2158
8628 4315
8629 1080
8630 4316
8631 2159
8632 4317
8633 541
8634 4318
8635 2160
8636 4319
8637 1081
8638 4320
8639 2161
8640 4321
8641 69
8642 4322
8643 2162
8644 4323
8645 1082
8646 4324
8647 2163
8648 4325
8649 542
8650 4326
8651 2164
8652 4327
8653 1083
8654 4328
8655 2165
8656 4329
8657 272
8658 4330
8659 2166
8660 4331
8661 1084
8662 4332
8663 2167
8664 4333
8665 543
8666 4334
8667 2168
8668 4335
8669 1085
8670 4336
8671 2169
8672 4337
8673 137
8674 4338
8675 2170
8676 4339
8677 1086
8678 4340
8679 2171
8680 4341
8681 544
8682 4342
8683 2172
8684 4343
8685 1087
8686 4344
8687 2173
8688 4345
8689 273
8690 4346
8691 2174
8692 4347
8693 1088
8694 4348
8695 2175
8696 4349
8697 545
8698 4350
8699 2176
8700 4351
8701 1089
8702 4352
8703 2177
8704 4353
8705 10
8706 4354
8707 2178
8708 4355
8709 1090
8710 4356
8711 2179
8712 4357
8713 546
8714 4358
8715 2180
8716 4359
8717 1091
8718 4360
8719 2181
8720 4361
8721 274
8722 4362
8723 2182
8724 4363
8725 1092
8726 4364
8727 2183
8728 4365
8729 547
8730 4366
8731 2184
8732 4367
8733 1093
8734 4368
8735 2185
8736 4369
8737 138
8738 4370
8739 2186
8740 4371
8741 1094
8742 4372
8743 2187
8744 4373
8745 548
8746 4374
8747 2188
8748 4375
8749 1095
8750 4376
8751 2189
8752 4377
8753 275
8754 4378
8755 2190
8756 4379
8757 1096
8758 4380
8759 2191
8760 4381
8761 549
8762 4382
8763 2192
8764 4383
8765 1097
8766 4384
8767 2193
8768 4385
8769 70
8770 4386
8771 2194
8772 4387
8773 1098
8774 4388
8775 2195
8776 4389
8777 550
8778 4390
8779 2196
8780 4391
8781 1099
8782 4392
8783 2197
8784 4393
8785 276
8786 4394
8787 2198
8788 4395
8789 1100
8790 4396
8791 2199
8792 4397
8793 551
8794 4398
8795 2200
8796 4399
8797 1101
8798 4400
8799 2201
8800 4401
8801 139
8802 4402
8803 2202
8804 4403
8805 1102
8806 4404
8807 2203
8808 4405
8809 552
8810 4406
8811 2204
8812 4407
8813 1103
8814 4408
8815 2205
8816 4409
8817 277
8818 4410
8819 2206
8820 4411
8821 1104
8822 4412
8823 2207
8824 4413
8825 553
8826 4414
8827 2208
8828 4415
8829 1105
8830 4416
8831 2209
8832 4417
8833 36
8834 4418
8835 2210
8836 4419
8837 1106
8838 4420
8839 2211
8840 4421
8841 554
8842 4422
8843 2212
8844 4423
8845 1107
8846 4424
8847 2213
8848 4425
8849 278
8850 4426
8851 2214
8852 4427
8853 1108
8854 4428
8855 2215
8856 4429
8857 555
8858 4430
8859 2216
8860 4431
8861 1109
8862 4432
8863 2217
8864 4433
8865 140
8866 4434
8867 2218
8868 4435
8869 1110
8870 4436
8871 2219
8872 4437
8873 556
8874 4438
8875 2220
8876 4439
8877 1111
8878 4440
8879 2221
8880 4441
8881 279
8882 4442
8883 2222
8884 4443
8885 1112
8886 4444
8887 2223
8888 4445
8889 557
8890 4446
8891 2224
8892 4447
8893 1113
8894 4448
8895 2225
8896 4449
8897 71
8898 4450
8899 2226
8900 4451
8901 1114
8902 4452
8903 2227
8904 4453
8905 558
8906 4454
8907 2228
8908 4455
8909 1115
8910 4456
8911 2229
8912 4457
8913 280
8914 4458
8915 2230
8916 4459
8917 1116
8918 4460
8919 2231
8920 4461
8921 559
8922 4462
8923 2232
8924 4463
8925 1117
8926 4464
8927 2233
8928 4465
8929 141
8930 4466
8931 2234
8932 4467
8933 1118
8934 4468
8935 2235
8936 4469
8937 560
8938 4470
8939 2236
8940 4471
8941 1119
8942 4472
8943 2237
8944 4473
8945 281
8946 4474
8947 2238
8948 4475
8949 1120
8950 4476
8951 2239
8952 4477
8953 561
8954 4478
8955 2240
8956 4479
8957 1121
8958 4480
8959 2241
8960 4481
8961 19
8962 4482
8963 2242
8964 4483
8965 1122
8966 4484
8967 2243
8968 4485
8969 562
8970 4486
8971 2244
8972 4487
8973 1123
8974 4488
8975 2245
8976 4489
8977 282
8978 4490
8979 2246
8980 4491
8981 1124
8982 4492
8983 2247
8984 4493
8985 563
8986 4494
8987 2248
8988 4495
8989 1125
8990 4496
8991 2249
8992 4497
8993 142
8994 4498
8995 2250
8996 4499
8997 1126
8998 4500
8999 2251
9000 4501
9001 564
9002 4502
9003 2252
9004 4503
9005 1127
9006 4504
9007 2253
9008 4505
9009 283
9010 4506
9011 2254
9012 4507
9013 1128
9014 4508
9015 2255
9016 4509
9017 565
9018 4510
9019 2256
9020 4511
9021 1129
9022 4512
9023 2257
9024 4513
9025 72
9026 4514
9027 2258
9028 4515
9029 1130
9030 4516
9031 2259
9032 4517
9033 566
9034 4518
9035 2260
9036 4519
9037 1131
9038 4520
9039 2261
9040 4521
9041 284
9042 4522
9043 2262
9044 4523
9045 1132
9046 4524
9047 2263
9048 4525
9049 567
9050 4526
9051 2264
9052 4527
9053 1133
9054 4528
9055 2265
9056 4529
9057 143
9058 4530
9059 2266
9060 4531
9061 1134
9062 4532
9063 2267
9064 4533
9065 568
9066 4534
9067 2268
9068 4535
9069 1135
9070 4536
9071 2269
9072 4537
9073 285
9074 4538
9075 2270
9076 4539
9077 1136
9078 4540
9079 2271
9080 4541
9081 569
9082 4542
9083 2272
9084 4543
9085 1137
9086 4544
9087 2273
9088 4545
9089 37
9090 4546
9091 2274
9092 4547
9093 1138
9094 4548
9095 2275
9096 4549
9097 570
9098 4550
9099 2276
9100 4551
9101 1139
9102 4552
9103 2277
9104 4553
9105 286
9106 4554
9107 2278
9108 4555
9109 1140
9110 4556
9111 2279
9112 4557
9113 571
9114 4558
9115 2280
9116 4559
9117 1141
9118 4560
9119 2281
9120 4561
9121 144
9122 4562
9123 2282
9124 4563
9125 1142
9126 4564
9127 2283
9128 4565
9129 572
9130 4566
9131 2284
9132 4567
9133 1143
9134 4568
9135 2285
9136 4569
9137 287
9138 4570
9139 2286
9140 4571
9141 1144
9142 4572
9143 2287
9144 4573
9145 573
9146 4574
9147 2288
9148 4575
9149 1145
9150 4576
9151 2289
9152 4577
9153 73
9154 4578
9155 2290
9156 4579
9157 1146
9158 4580
9159 2291
9160 4581
9161 574
9162 4582
9163 2292
9164 4583
9165 1147
9166 4584
9167 2293
9168 4585
9169 288
9170 4586
9171 2294
9172 4587
9173 1148
9174 4588
9175 2295
9176 4589
9177 575
9178 4590
9179 2296
9180 4591
9181 1149
9182 4592
9183 2297
9184 4593
9185 145
9186 4594
9187 2298
9188 4595
9189 1150
9190 4596
9191 2299
9192 4597
9193 576
9194 4598
9195 2300
9196 4599
9197 1151
9198 4600
9199 2301
9200 4601
9201 289
9202 4602
9203 2302
9204 4603
9205 1152
9206 4604
9207 2303
9208 4605
9209 577
9210 4606
9211 2304
9212 4607
9213 1153
9214 4608
9215 2305
9216 4609
9217 6
9218 4610
9219 2306
9220 4611
9221 1154
9222 4612
9223 2307
9224 4613
9225 578
9226 4614
9227 2308
9228 4615
9229 1155
9230 4616
9231 2309
9232 4617
9233 290
9234 4618
9235 2310
9236 4619
9237 1156
9238 4620
9239 2311
9240 4621
9241 579
9242 4622
9243 2312
9244 4623
9245 1157
9246 4624
9247 2313
9248 4625
9249 146
9250 4626
9251 2314
9252 4627
9253 1158
9254 4628
9255 2315
9256 4629
9257 580
9258 4630
9259 2316
9260 4631
9261 1159
9262 4632
9263 2317
9264 4633
9265 291
9266 4634
9267 2318
9268 4635
9269 1160
9270 4636
9271 2319
9272 4637
9273 581
9274 4638
9275 2320
9276 4639
9277 1161
9278 4640
9279 2321
9280 4641
9281 74
9282 4642
9283 2322
9284 4643
9285 1162
9286 4644
9287 2323
9288 4645
9289 582
9290 4646
9291 2324
9292 4647
9293 1163
9294 4648
9295 2325
9296 4649
9297 292
9298 4650
9299 2326
9300 4651
9301 1164
9302 4652
9303 2327
9304 4653
9305 583
9306 4654
9307 2328
9308 4655
9309 1165
9310 4656
9311 2329
9312 4657
9313 147
9314 4658
9315 2330
9316 4659
9317 1166
9318 4660
9319 2331
9320 4661
9321 584
9322 4662
9323 2332
9324 4663
9325 1167
9326 4664
9327 2333
9328 4665
9329 293
9330 4666
9331 2334
9332 4667
9333 1168
9334 4668
9335 2335
9336 4669
9337 585
9338 4670
9339 2336
9340 4671
9341 1169
9342 4672
9343 2337
9344 4673
9345 38
9346 4674
9347 2338
9348 4675
9349 1170
9350 4676
9351 2339
9352 4677
9353 586
9354 4678
9355 2340
9356 4679
9357 1171
9358 4680
9359 2341
9360 4681
9361 294
9362 4682
9363 2342
9364 4683
9365 1172
9366 4684
9367 2343
9368 4685
9369 587
9370 4686
9371 2344
9372 4687
9373 1173
9374 4688
9375 2345
9376 4689
9377 148
9378 4690
9379 2346
9380 4691
9381 1174
9382 4692
9383 2347
9384 4693
9385 588
9386 4694
9387 2348
9388 4695
9389 1175
9390 4696
9391 2349
9392 4697
9393 295
9394 4698
9395 2350
9396 4699
9397 1176
9398 4700
9399 2351
9400 4701
9401 589
9402 4702
9403 2352
9404 4703
9405 1177
9406 4704
9407 2353
9408 4705
9409 75
9410 4706
9411 2354
9412 4707
9413 1178
9414 4708
9415 2355
9416 4709
9417 590
9418 4710
9419 2356
9420 4711
9421 1179
9422 4712
9423 2357
9424 4713
9425 296
9426 4714
9427 2358
9428 4715
9429 1180
9430 4716
9431 2359
9432 4717
9433 591
9434 4718
9435 2360
9436 4719
9437 1181
9438 4720
9439 2361
9440 4721
9441 149
9442 4722
9443 2362
9444 4723
9445 1182
9446 4724
9447 2363
9448 4725
9449 592
9450 4726
9451 2364
9452 4727
9453 1183
9454 4728
9455 2365
9456 4729
9457 297
9458 4730
9459 2366
9460 4731
9461 1184
9462 4732
9463 2367
9464 4733
9465 593
9466 4734
9467 2368
9468 4735
9469 1185
9470 4736
9471 2369
9472 4737
9473 20
9474 4738
9475 2370
9476 4739
9477 1186
9478 4740
9479 2371
9480 4741
9481 594
9482 4742
9483 2372
9484 4743
9485 1187
9486 4744
9487 2373
9488 4745
9489 298
9490 4746
9491 2374
9492 4747
9493 1188
9494 4748
9495 2375
9496 4749
9497 595
9498 4750
9499 2376
9500 4751
9501 1189
9502 4752
9503 2377
9504 4753
9505 150
9506 4754
9507 2378
9508 4755
9509 1190
9510 4756
9511 2379
9512 4757
9513 596
9514 4758
9515 2380
9516 4759
9517 1191
9518 4760
9519 2381
9520 4761
9521 299
9522 4762
9523 2382
9524 4763
9525 1192
9526 4764
9527 2383
9528 4765
9529 597
9530 4766
9531 2384
9532 4767
9533 1193
9534 4768
9535 2385
9536 4769
9537 76
9538 4770
9539 2386
9540 4771
9541 1194
9542 4772
9543 2387
9544 4773
9545 598
9546 4774
9547 2388
9548 4775
9549 1195
9550 4776
9551 2389
9552 4777
9553 300
9554 4778
9555 2390
9556 4779
9557 1196
9558 4780
9559 2391
9560 4781
9561 599
9562 4782
9563 2392
9564 4783
9565 1197
9566 4784
9567 2393
9568 4785
9569 151
9570 4786
9571 2394
9572 4787
9573 1198
9574 4788
9575 2395
9576 4789
9577 600
9578 4790
9579 2396
9580 4791
9581 1199
9582 4792
9583 2397
9584 4793
9585 301
9586 4794
9587 2398
9588 4795
9589 1200
9590 4796
9591 2399
9592 4797
9593 601
9594 4798
9595 2400
9596 4799
9597 1201
9598 4800
9599 2401
9600 4801
9601 39
9602 4802
9603 2402
9604 4803
9605 1202
9606 4804
9607 2403
9608 4805
9609 602
9610 4806
9611 2404
9612 4807
9613 1203
9614 4808
9615 2405
9616 4809
9617 302
9618 4810
9619 2406
9620 4811
9621 1204
9622 4812
9623 2407
9624 4813
9625 603
9626 4814
9627 2408
9628 4815
9629 1205
9630 4816
9631 2409
9632 4817
9633 152
9634 4818
9635 2410
9636 4819
9637 1206
9638 4820
9639 2411
9640 4821
9641 604
9642 4822
9643 2412
9644 4823
9645 1207
9646 4824
9647 2413
9648 4825
9649 303
9650 4826
9651 2414
9652 4827
9653 1208
9654 4828
9655 2415
9656 4829
9657 605
9658 4830
9659 2416
9660 4831
9661 1209
9662 4832
9663 2417
9664 4833
9665 77
9666 4834
9667 2418
9668 4835
9669 1210
9670 4836
9671 2419
9672 4837
9673 606
9674 4838
9675 2420
9676 4839
9677 1211
9678 4840
9679 2421
9680 4841
9681 304
9682 4842
9683 2422
9684 4843
9685 1212
9686 4844
9687 2423
9688 4845
9689 607
9690 4846
9691 2424
9692 4847
9693 1213
9694 4848
9695 2425
9696 4849
9697 153
9698 4850
9699 2426
9700 4851
9701 1214
9702 4852
9703 2427
9704 4853
9705 608
9706 4854
9707 2428
9708 4855
9709 1215
9710 4856
9711 2429
9712 4857
9713 305
9714 4858
9715 2430
9716 4859
9717 1216
9718 4860
9719 2431
9720 4861
9721 609
9722 4862
9723 2432
9724 4863
9725 1217
9726 4864
9727 2433
9728 4865
9729 11
9730 4866
9731 2434
9732 4867
9733 1218
9734 4868
9735 2435
9736 4869
9737 610
9738 4870
9739 2436
9740 4871
9741 1219
9742 4872
9743 2437
9744 4873
9745 306
9746 4874
9747 2438
9748 4875
9749 1220
9750 4876
9751 2439
9752 4877
9753 611
9754 4878
9755 2440
9756 4879
9757 1221
9758 4880
9759 2441
9760 4881
9761 154
9762 4882
9763 2442
9764 4883
9765 1222
9766 4884
9767 2443
9768 4885
9769 612
9770 4886
9771 2444
9772 4887
9773 1223
9774 4888
9775 2445
9776 4889
9777 307
9778 4890
9779 2446
9780 4891
9781 1224
9782 4892
9783 2447
9784 4893
9785 613
9786 4894
9787 2448
9788 4895
9789 1225
9790 4896
9791 2449
9792 4897
9793 78
9794 4898
9795 2450
9796 4899
9797 1226
9798 4900
9799 2451
9800 4901
9801 614
9802 4902
9803 2452
9804 4903
9805 1227
9806 4904
9807 2453
9808 4905
9809 308
9810 4906
9811 2454
9812 4907
9813 1228
9814 4908
9815 2455
9816 4909
9817 615
9818 4910
9819 2456
9820 4911
9821 1229
9822 4912
9823 2457
9824 4913
9825 155
9826 4914
9827 2458
9828 4915
9829 1230
9830 4916
9831 2459
9832 4917
9833 616
9834 4918
9835 2460
9836 4919
9837 1231
9838 4920
9839 2461
9840 4921
9841 309
9842 4922
9843 2462
9844 4923
9845 1232
9846 4924
9847 2463
9848 4925
9849 617
9850 4926
9851 2464
9852 4927
9853 1233
9854 4928
9855 2465
9856 4929
9857 40
9858 4930
9859 2466
9860 4931
9861 1234
9862 4932
9863 2467
9864 4933
9865 618
9866 4934
9867 2468
9868 4935
9869 1235
9870 4936
9871 2469
9872 4937
9873 310
9874 4938
9875 2470
9876 4939
9877 1236
9878 4940
9879 2471
9880 4941
9881 619
9882 4942
9883 2472
9884 4943
9885 1237
9886 4944
9887 2473
9888 4945
9889 156
9890 4946
9891 2474
9892 4947
9893 1238
9894 4948
9895 2475
9896 4949
9897 620
9898 4950
9899 2476
9900 4951
9901 1239
9902 4952
9903 2477
9904 4953
9905 311
9906 4954
9907 2478
9908 4955
9909 1240
9910 4956
9911 2479
9912 4957
9913 621
9914 4958
9915 2480
9916 4959
9917 1241
9918 4960
9919 2481
9920 4961
9921 79
9922 4962
9923 2482
9924 4963
9925 1242
9926 4964
9927 2483
9928 4965
9929 622
9930 4966
9931 2484
9932 4967
9933 1243
9934 4968
9935 2485
9936 4969
9937 312
9938 4970
9939 2486
9940 4971
9941 1244
9942 4972
9943 2487
9944 4973
9945 623
9946 4974
9947 2488
9948 4975
9949 1245
9950 4976
9951 2489
9952 4977
9953 157
9954 4978
9955 2490
9956 4979
9957 1246
9958 4980
9959 2491
9960 4981
9961 624
9962 4982
9963 2492
9964 4983
9965 1247
9966 4984
9967 2493
9968 4985
9969 313
9970 4986
9971 2494
9972 4987
9973 1248
9974 4988
9975 2495
9976 4989
9977 625
9978 4990
9979 2496
9980 4991
9981 1249
9982 4992
9983 2497
9984 4993
9985 21
9986 4994
9987 2498
9988 4995
9989 1250
9990 4996
9991 2499
9992 4997
9993 626
9994 4998
9995 2500
9996 4999
9997 1251
9998 5000
9999 2501
10000 5001
