0 0
1 1
2 1
3 0
4 2
5 6
6 12
7 14
8 48
9 20
10 2
11 15
12 15
13 24
14 28
15 40
16 32
17 24
18 20
19 25
20 20
21 19
22 35
23 30
24 28
25 93
26 24
27 28
28 33
29 36
30 103
31 148
32 60
33 580
34 42
35 57
36 91
37 106
38 262
39 276
40 49
41 209
42 57
43 52
44 56
45 97
46 54
47 168
48 194
49 811
50 103
51 52
52 52
53 83
54 57
55 79
56 246
57 416
58 62
59 62
60 312
61 115
62 116
63 168
64 235
65 102
66 123
67 261
68 452
69 508
70 102
71 482
72 1803
73 179
74 319
75 970
76 421
77 646
78 602
79 219
80 519
81 373
82 1285
83 626
84 652
85 571
86 425
87 531
88 488
89 478
90 839
91 1647
92 723
93 2552
94 542
95 406
96 729
97 373
98 1226
99 1038
100 1601
101 674
102 2752
103 859
104 631
105 2175
106 1132
107 1580
108 510
109 610
110 1010
111 660
112 373
113 373
114 529
115 1262
116 1279
117 711
118 1013
119 1052
120 2208
121 613
122 553
123 373
124 1346
125 454
126 493
127 1796
128 2692
129 1319
130 2152
131 862
132 2692
133 676
134 1086
135 1344
136 3891
137 3363
138 1109
139 967
140 1341
141 830
142 834
143 1109
144 986
145 1399
146 1109
147 1064
148 1109
149 1109
150 1109
151 619
152 1109
153 1475
154 1109
155 1109
156 1985
157 1109
158 1039
159 947
160 1109
161 932
162 1109
163 1109
164 1109
165 1109
166 1642
167 1109
168 1109
169 1408
170 1109
171 1109
172 1109
173 1109
174 1610
175 1109
176 1109
177 1109
178 1109
179 1109
180 1649
181 1109
182 1109
183 1109
184 2315
185 2076
186 1109
187 3289
188 1109
189 1109
190 1276
191 1109
192 1109
193 841
194 1614
195 1109
196 1109
197 2073
198 1109
199 1109
200 1109
201 1847
202 1109
203 1109
204 1109
205 1109
206 1109
207 3312
208 1230
209 1777
210 1109
211 1109
212 1109
213 1332
214 1300
215 1109
216 1385
217 1157
218 1109
219 1146
220 1109
221 1109
222 2763
223 1111
224 1570
225 1109
226 1280
227 1105
228 3092
229 1934
230 1202
231 2380
232 3279
233 1201
234 1249
235 6636
236 1148
237 1109
238 1109
239 1391
240 1109
241 1109
242 1688
243 1520
244 1109
245 2624
246 2641
247 1167
248 1713
249 905
250 1243
251 1516
252 1324
253 1869
254 1109
255 1929
256 3583
257 2098
258 1109
259 1414
260 4670
261 1522
262 4369
263 1662
264 1109
265 1109
266 2871
267 2265
268 1218
269 3191
270 885
271 885
272 1589
273 4443
274 885
275 1364
276 885
277 885
278 980
279 1109
280 1515
281 1923
282 885
283 1102
284 885
285 885
286 2901
287 1727
288 885
289 885
290 1795
291 885
292 1998
293 1303
294 1412
295 885
296 1108
297 3037
298 885
299 943
300 1311
301 1123
302 1540
303 885
304 1533
305 4993
306 1160
307 885
308 974
309 885
310 990
311 1208
312 965
313 931
314 1319
315 885
316 885
317 1031
318 1817
319 885
320 885
321 1146
322 1139
323 1189
324 885
325 3937
326 885
327 1785
328 885
329 6432
330 1388
331 1388
332 1388
333 4467
334 1465
335 1388
336 1388
337 1388
338 1388
339 1539
340 1388
341 1388
342 1388
343 1093
344 1407
345 1388
346 3680
347 1473
348 2135
349 2607
350 2219
351 1887
352 1388
353 1388
354 1388
355 1388
356 1388
357 3400
358 1876
359 5130
360 1564
361 3871
362 1388
363 1388
364 2157
365 1388
366 1567
367 2813
368 1388
369 1388
370 1388
371 1388
372 1388
373 1388
374 1965
375 1946
376 2938
377 1206
378 1413
379 1695
380 3271
381 1784
382 5295
383 1388
384 2575
385 5333
386 1478
387 5933
388 1814
389 1388
390 1388
391 1899
392 1388
393 4753
394 1287
395 1287
396 4981
397 6790
398 4093
399 1287
400 1288
401 2573
402 1959
403 1287
404 3740
405 2140
406 2244
407 3923
408 2521
409 1627
410 1781
411 2180
412 2488
413 2084
414 1761
415 2047
416 2571
417 2962
418 1976
419 2674
420 2674
421 2674
422 3144
423 2674
424 3194
425 2826
426 4096
427 1699
428 2577
429 1655
430 1986
431 3076
432 5920
433 2771
434 1882
435 2877
436 2411
437 3906
438 2127
439 1986
440 2292
441 2090
442 3620
443 1962
444 1895
445 3454
446 3035
447 2293
448 1287
449 5132
450 1287
451 1287
452 1287
453 2703
454 1287
455 1849
456 1287
457 1287
458 2998
459 3676
460 2687
461 2452
462 2469
463 2456
464 2473
465 2460
466 5308
467 5474
468 2481
469 2817
470 3547
471 2581
472 5041
473 2936
474 2493
475 2539
476 2702
477 2644
478 3900
479 6980
480 2505
481 2492
482 2509
483 2496
484 2513
485 2500
486 6506
487 3263
488 4141
489 2508
490 2525
491 2512
492 2529
493 2516
494 4760
495 2520
496 3024
497 2524
498 3274
499 3909
500 2595
501 2935
502 2928
503 1935
504 4538
505 4728
506 3042
507 3996
508 6151
509 3309
510 4369
511 4034
512 8482
513 5464
514 3911
515 4626
516 2577
517 4142
518 4526
519 2620
520 3352
521 2572
522 3483
523 3483
524 3483
525 9211
526 4204
527 3483
528 2844
529 3483
530 3483
531 3483
532 3483
533 3483
534 4309
535 2671
536 3483
537 3483
538 4431
539 5094
540 3483
541 3483
542 3197
543 4496
544 3483
545 3483
546 3483
547 3855
548 3483
549 3483
550 3483
551 3483
552 3146
553 3483
554 3483
555 3483
556 3483
557 3483
558 3483
559 3483
560 3483
561 4191
562 3483
563 3483
564 3483
565 3483
566 3483
567 9589
568 3483
569 3483
570 3483
571 3483
572 3483
573 3719
574 3483
575 3483
576 3483
577 3483
578 3483
579 3483
580 3483
581 7437
582 3483
583 3483
584 3483
585 3483
586 3705
587 3705
588 3705
589 5078
590 9469
591 3705
592 3705
593 3705
594 3705
595 3705
596 4726
597 3705
598 3705
599 3483
600 3705
601 3705
602 3705
603 3705
604 3972
605 3705
606 4068
607 3309
608 3705
609 3705
610 3705
611 3705
612 3705
613 8972
614 3705
615 3707
616 3996
617 3705
618 3705
619 3705
620 3705
621 3705
622 3828
623 3705
624 3705
625 3705
626 3705
627 3705
628 3705
629 3705
630 3705
631 3705
632 4516
633 2799
634 2816
635 3705
636 3705
637 3705
638 3705
639 3705
640 3705
641 5664
642 3705
643 4218
644 3705
645 3705
646 3705
647 3705
648 3705
649 3705
650 2848
651 2835
652 4436
653 5299
654 2878
655 2843
656 2860
657 2847
658 2864
659 2851
660 3442
661 2679
662 5905
663 4885
664 4357
665 2544
666 2880
667 3532
668 2544
669 2871
670 3502
671 3705
672 2397
673 2879
674 2896
675 2883
676 2544
677 2887
678 2688
679 2891
680 3489
681 2397
682 4054
683 8167
684 4251
685 2903
686 2397
687 4881
688 2924
689 5645
690 4880
691 2915
692 4373
693 2919
694 2743
695 4335
696 4635
697 5794
698 2944
699 2931
700 2948
701 2935
702 2952
703 2528
704 2956
705 5163
706 2960
707 2947
708 2964
709 2931
710 2968
711 2955
712 2972
713 2959
714 7847
715 2979
716 4704
717 4583
718 3274
719 5333
720 3321
721 2979
722 2979
723 4140
724 2996
725 2979
726 4020
727 2987
728 3587
729 3143
730 3008
731 2995
732 3099
733 3835
734 3633
735 3363
736 4942
737 3428
738 3384
739 3011
740 4795
741 3015
742 3438
743 3377
744 4163
745 4100
746 4184
747 4480
748 3044
749 3188
750 4451
751 3035
752 3052
753 4911
754 3405
755 7715
756 2979
757 3188
758 2979
759 4214
760 3068
761 3055
762 3072
763 3789
764 4155
765 4826
766 3772
767 3067
768 3816
769 3056
770 3088
771 4566
772 3092
773 6585
774 3096
775 3083
776 3100
777 4055
778 3563
779 5085
780 5312
781 3563
782 5614
783 3757
784 4316
785 3563
786 6870
787 3563
788 3563
789 4818
790 6731
791 4763
792 3638
793 3563
794 3563
795 3820
796 7496
797 3841
798 3563
799 3202
800 3841
801 3841
802 3841
803 6583
804 9751
805 3841
806 3841
807 3841
808 7082
809 3563
810 8735
811 3841
812 3740
813 3563
814 4021
815 3841
816 3841
817 5728
818 3841
819 3841
820 3841
821 4378
822 7879
823 10614
824 3841
825 3263
826 3632
827 3841
828 3841
829 6403
830 3618
831 3841
832 3841
833 5075
834 3563
835 3841
836 3841
837 5179
838 3841
839 3841
840 3841
841 4899
842 2946
843 2961
844 2946
845 6115
846 2725
847 2946
848 4006
849 2946
850 2925
851 2725
852 2946
853 2725
854 2946
855 3563
856 2725
857 2946
858 4068
859 2946
860 5334
861 3993
862 4970
863 4498
864 2946
865 2946
866 2946
867 2946
868 3586
869 4032
870 2946
871 3946
872 3014
873 4908
874 2779
875 2946
876 5165
877 2946
878 4780
879 3554
880 2985
881 2946
882 3168
883 2725
884 2946
885 4886
886 4498
887 3874
888 6471
889 2937
890 2937
891 4005
892 8661
893 2890
894 2946
895 5325
896 8685
897 6304
898 2725
899 5347
900 2725
901 8984
902 5696
903 5111
904 3005
905 5985
906 3151
907 3151
908 4564
909 5939
910 3151
911 4685
912 3151
913 3485
914 3151
915 3151
916 6757
917 3788
918 11055
919 3694
920 3363
921 6545
922 3151
923 7296
924 3679
925 4048
926 7243
927 4476
928 6552
929 4033
930 5523
931 3151
932 4898
933 10648
934 3218
935 6652
936 3151
937 3496
938 4298
939 8170
940 4141
941 4298
942 3151
943 3151
944 7299
945 5044
946 3373
947 3413
948 4642
949 4888
950 3321
951 5724
952 6335
953 3783
954 5103
955 3273
956 4794
957 4967
958 4621
959 3689
960 3151
961 7905
962 3151
963 3151
964 3151
965 3874
966 3151
967 3151
968 3151
969 3151
970 11604
971 3734
972 3734
973 4616
974 3734
975 5461
976 3734
977 3734
978 4147
979 4225
980 3734
981 3734
982 4454
983 7493
984 5330
985 7458
986 3734
987 3734
988 3734
989 3963
990 9874
991 6506
992 3734
993 3734
994 4306
995 4321
996 12519
997 10073
998 4467
999 5093
1000 4527
