0 1
1 1
2 -2
3 0
4 1
5 -4
6 -2
7 -2
8 2
9 4
10 0
11 8
12 -1
13 1
14 6
15 -8
16 -4
17 0
18 6
19 -2
20 -6
21 -4
22 -2
23 0
24 -7
25 2
26 -2
27 8
28 4
29 -4
30 -2
31 0
32 4
33 4
34 8
35 -8
36 10
37 -1
38 0
39 8
40 1
41 4
42 -4
43 6
44 -6
45 0
46 -8
47 -8
48 2
49 -4
50 -18
51 -16
52 0
53 12
54 -2
55 6
56 18
57 -16
58 -2
59 0
60 5
61 -6
62 12
63 8
64 -4
65 4
66 0
67 -2
68 -6
69 12
70 0
71 8
72 -12
73 -7
74 14
75 16
76 2
77 16
78 -2
79 -2
80 0
81 -12
82 8
83 -24
84 -9
85 4
86 6
87 0
88 -4
89 -12
90 6
91 -2
92 -12
93 -8
94 0
95 0
96 2
97 4
98 -18
99 -16
100 4
101 0
102 12
103 8
104 -16
105 20
106 -8
107 8
108 0
109 10
110 -4
111 8
112 -1
113 -12
114 22
115 0
116 10
117 0
118 8
119 16
120 18
121 1
122 14
123 -8
124 4
125 -20
126 -32
127 -4
128 2
129 0
130 6
131 8
132 4
133 -6
134 -10
135 -8
136 0
137 4
138 -26
139 -8
140 26
141 28
142 -8
143 0
144 -13
145 2
146 -18
147 8
148 -4
149 -16
150 0
151 -18
152 4
153 -12
154 -16
155 24
156 -6
157 0
158 6
159 -24
160 12
161 8
162 2
163 -2
164 0
165 -20
166 6
167 -8
168 18
169 18
170 32
171 0
172 -16
173 12
174 30
175 -2
176 2
177 16
178 0
179 24
180 -3
181 5
182 -20
183 8
184 -6
185 0
186 -10
187 12
188 -12
189 -20
190 8
191 0
192 0
193 -4
194 -2
195 16
196 4
197 -16
198 14
199 0
200 -30
201 16
202 -2
203 -24
204 -6
205 -6
206 0
207 -8
208 12
209 -12
210 -10
211 0
212 -2
213 0
214 8
215 -32
216 -14
217 -12
218 32
219 0
220 -7
221 -20
222 12
223 14
224 -14
225 24
226 16
227 0
228 -22
229 2
230 -26
231 -8
232 16
233 36
234 0
235 -2
236 16
237 -4
238 -2
239 16
240 -12
241 0
242 -4
243 32
244 -12
245 12
246 12
247 8
248 0
249 -12
250 -24
251 -24
252 36
253 -9
254 6
255 0
256 4
257 32
258 0
259 6
260 26
261 -4
262 0
263 -16
264 41
265 -4
266 12
267 -24
268 -12
269 28
270 -18
271 6
272 4
273 -44
274 -2
275 24
276 0
277 -12
278 -26
279 8
280 -8
281 -28
282 -36
283 0
284 10
285 -36
286 0
287 -8
288 2
289 2
290 0
291 8
292 4
293 44
294 -32
295 -18
296 -14
297 0
298 -16
299 -24
300 -38
301 4
302 -10
303 40
304 0
305 0
306 38
307 12
308 42
309 44
310 8
311 0
312 -19
313 -16
314 12
315 -16
316 20
317 -16
318 14
319 -8
320 -14
321 -12
322 8
323 -8
324 16
325 0
326 6
327 -8
328 10
329 -12
330 -10
331 -4
332 0
333 48
334 8
335 8
336 34
337 -1
338 -2
339 0
340 -12
341 -4
342 12
343 22
344 4
345 4
346 0
347 -24
348 -12
349 10
350 6
351 24
352 0
353 0
354 -10
355 8
356 -64
357 -16
358 16
359 32
360 0
361 18
362 -6
363 -48
364 1
365 -8
366 14
367 14
368 -16
369 4
370 -8
371 8
372 -28
373 4
374 0
375 -24
376 -20
377 -32
378 38
379 -32
380 -22
381 0
382 -4
383 8
384 2
385 2
386 -18
387 8
388 0
389 -24
390 32
391 6
392 4
393 -28
394 8
395 0
396 4
397 4
398 22
399 0
400 -6
401 -40
402 0
403 -10
404 26
405 -4
406 -8
407 24
408 -16
409 0
410 30
411 16
412 4
413 28
414 -50
415 -26
416 -14
417 48
418 -8
419 24
420 7
421 26
422 18
423 0
424 28
425 48
426 -10
427 -8
428 42
429 12
430 0
431 32
432 -12
433 -13
434 -32
435 -8
436 2
437 0
438 -18
439 -18
440 50
441 4
442 8
443 -8
444 0
445 -4
446 0
447 24
448 -16
449 -48
450 -4
451 0
452 -12
453 -4
454 -18
455 -16
456 -16
457 4
458 0
459 -16
460 -12
461 16
462 -6
463 -16
464 50
465 -28
466 24
467 16
468 42
469 -6
470 6
471 -48
472 0
473 -12
474 -20
475 6
476 -54
477 0
478 -24
479 0
480 33
481 12
482 -4
483 16
484 8
485 -36
486 0
487 2
488 -30
489 24
490 -2
491 24
492 36
493 0
494 -32
495 -40
496 -20
497 32
498 -26
499 6
500 0
501 -8
502 -8
503 -8
504 -46
505 18
506 -50
507 0
508 18
509 -36
510 30
511 32
512 6
513 -16
514 0
515 40
516 10
517 -16
518 -4
519 40
520 12
521 0
522 32
523 30
524 26
525 28
526 -2
527 -40
528 0
529 2
530 30
531 -16
532 16
533 -8
534 14
535 0
536 36
537 4
538 24
539 -8
540 0
541 -3
542 0
543 -8
544 5
545 52
546 54
547 -20
548 -54
549 0
550 8
551 -48
552 8
553 -6
554 -18
555 72
556 0
557 -16
558 -50
559 -10
560 -16
561 36
562 12
563 -56
564 10
565 -12
566 64
567 24
568 -20
569 8
570 0
571 8
572 -44
573 -48
574 0
575 0
576 -62
577 0
578 12
579 -8
580 -4
581 12
582 -20
583 -2
584 0
585 20
586 16
587 0
588 -48
589 4
590 22
591 0
592 -16
593 36
594 -36
595 14
596 -22
597 -32
598 0
599 8
600 -14
601 -30
602 -36
603 -16
604 16
605 0
606 46
607 -2
608 2
609 -16
610 -24
611 -24
612 7
613 -6
614 38
615 -8
616 -6
617 16
618 38
619 0
620 20
621 -72
622 -8
623 -24
624 34
625 12
626 0
627 40
628 -12
629 60
630 -4
631 -10
632 64
633 0
634 0
635 48
636 16
637 -2
638 6
639 -56
640 0
641 -12
642 -4
643 8
644 -22
645 -4
646 -32
647 0
648 18
649 -14
650 -18
651 32
652 -12
653 28
654 0
655 32
656 36
657 -16
658 0
659 -8
660 -22
661 -7
662 2
663 40
664 -20
665 24
666 32
667 12
668 0
669 32
670 14
671 16
672 20
673 -14
674 -32
675 0
676 24
677 16
678 -32
679 16
680 -62
681 0
682 0
683 24
684 -1
685 -22
686 54
687 -48
688 2
689 0
690 -10
691 -26
692 52
693 40
694 -8
695 -24
696 0
697 16
698 -32
699 0
700 36
701 -16
702 -52
703 0
704 18
705 8
706 -2
707 -56
708 4
709 16
710 -42
711 -8
712 -4
713 -60
714 -10
715 -2
716 -6
717 0
718 16
719 -48
720 -16
721 -12
722 26
723 -48
724 0
725 -52
726 -66
727 -4
728 0
729 -28
730 32
731 0
732 36
733 -12
734 -36
735 40
736 12
737 4
738 0
739 12
740 10
741 60
742 8
743 64
744 50
745 0
746 -50
747 32
748 -12
749 -20
750 32
751 -24
752 0
753 24
754 -24
755 -40
756 -12
757 36
758 -36
759 56
760 -9
761 36
762 2
763 6
764 -48
765 28
766 0
767 24
768 -12
769 4
770 32
771 -64
772 32
773 0
774 46
775 0
776 18
777 -48
778 6
779 40
780 0
781 26
782 12
783 56
784 -4
785 -60
786 -10
787 0
788 16
789 -52
790 -16
791 16
792 -12
793 41
794 0
795 -24
796 -4
797 48
798 78
799 12
800 -30
801 0
802 -24
803 -8
804 10
805 -12
806 54
807 -16
808 28
809 -12
810 38
811 -18
812 -24
813 -4
814 6
815 0
816 -64
817 4
818 78
819 -56
820 -44
821 16
822 0
823 -2
824 4
825 -16
826 24
827 40
828 58
829 0
830 -64
831 8
832 -12
833 -60
834 22
835 -26
836 0
837 -4
838 8
839 80
840 -5
841 -8
842 -36
843 0
844 -28
845 -24
846 -66
847 -36
848 -14
849 4
850 0
851 -8
852 -64
853 10
854 38
855 -24
856 -36
857 0
858 -36
859 0
860 26
861 76
862 -8
863 8
864 0
865 2
866 62
867 -24
868 2
869 0
870 -50
871 0
872 -60
873 52
874 8
875 -32
876 -38
877 4
878 0
879 -40
880 44
881 24
882 -4
883 -32
884 -12
885 0
886 -18
887 8
888 -14
889 -14
890 12
891 64
892 0
893 12
894 62
895 -16
896 48
897 -48
898 -24
899 0
900 10
901 -38
902 6
903 -24
904 4
905 -76
906 -42
907 -10
908 64
909 24
910 40
911 80
912 -10
913 0
914 32
915 -16
916 0
917 -16
918 96
919 38
920 0
921 8
922 12
923 8
924 -27
925 42
926 -4
927 0
928 44
929 36
930 -58
931 8
932 20
933 28
934 0
935 -16
936 50
937 -19
938 -18
939 16
940 -16
941 0
942 24
943 12
944 2
945 16
946 -16
947 40
948 0
949 20
950 -26
951 -24
952 -16
953 -12
954 32
955 14
956 -38
957 0
958 -8
959 -72
960 36
961 -14
962 0
963 0
964 -12
965 12
966 -18
967 8
968 -28
969 0
970 -8
971 24
972 4
973 16
974 -74
975 40
976 0
977 -32
978 -64
979 6
980 -12
981 -32
982 -8
983 0
984 48
985 10
986 -66
987 -8
988 -12
989 12
990 0
991 -10
992 -28
993 -44
994 -4
995 -24
996 74
997 0
998 -58
999 40
1000 48
1001 20
1002 60
1003 8
1004 42
1005 -84
1006 8
1007 -32
1008 2
1009 34
1010 0
1011 0
1012 -1
1013 -36
1014 -34
1015 -2
1016 48
1017 48
1018 0
1019 -56
1020 4
1021 -12
1022 12
1023 -48
1024 -4
1025 0
1026 -58
1027 12
1028 10
1029 -48
1030 22
1031 -48
1032 0
1033 4
1034 30
1035 -8
1036 4
1037 -4
1038 -32
1039 0
1040 -46
1041 20
1042 -24
1043 8
1044 -22
1045 -12
1046 0
1047 24
1048 10
1049 84
1050 0
1051 6
1052 20
1053 28
1054 24
1055 -48
1056 2
1057 0
1058 60
1059 24
1060 0
1061 -8
1062 24
1063 -10
1064 -78
1065 20
1066 8
1067 0
1068 -38
1069 -64
1070 -58
1071 56
1072 -16
1073 72
1074 0
1075 16
1076 58
1077 64
1078 32
1079 16
1080 18
1081 0
1082 28
1083 72
1084 18
1085 48
1086 12
1087 -6
1088 0
1089 -12
1090 -48
1091 -24
1092 -64
1093 1
1094 64
1095 0
1096 -8
1097 0
1098 44
1099 14
1100 64
1101 -84
1102 14
1103 32
1104 -47
1105 -16
1106 30
1107 40
1108 4
1109 0
1110 -2
1111 -8
1112 6
1113 8
1114 8
1115 16
1116 0
1117 -28
1118 -42
1119 -24
1120 4
1121 36
1122 28
1123 0
1124 -12
1125 12
1126 -24
1127 -48
1128 -12
1129 -20
1130 0
1131 -80
1132 -32
1133 -84
1134 -2
1135 38
1136 66
1137 0
1138 -32
1139 8
1140 -22
1141 -22
1142 44
1143 -72
1144 0
1145 48
1146 22
1147 -4
1148 -54
1149 20
1150 8
1151 0
1152 52
1153 2
1154 78
1155 48
1156 2
1157 16
1158 0
1159 -18
1160 -80
1161 -144
1162 8
1163 24
1164 -12
1165 0
1166 -26
1167 -72
1168 -24
1169 20
1170 -42
1171 32
1172 0
1173 -52
1174 6
1175 0
1176 -12
1177 4
1178 -34
1179 0
1180 -28
1181 24
1182 -32
1183 8
1184 -128
1185 84
1186 0
1187 48
1188 -22
1189 4
1190 22
1191 24
1192 4
1193 0
1194 -10
1195 22
1196 26
1197 -32
1198 0
1199 -64
1200 49
1201 -6
1202 24
1203 24
1204 -40
1205 76
1206 32
1207 0
1208 34
1209 24
1210 -10
1211 24
1212 -2
1213 26
1214 0
1215 16
1216 -4
1217 -64
1218 38
1219 -8
1220 42
1221 0
1222 24
1223 -48
1224 -64
1225 -16
1226 -32
1227 -24
1228 0
1229 -20
1230 96
1231 30
1232 -24
1233 68
1234 16
1235 0
1236 42
1237 4
1238 -42
1239 24
1240 28
1241 0
1242 0
1243 -50
1244 16
1245 0
1246 -26
1247 24
1248 48
1249 -14
1250 12
1251 32
1252 48
1253 -16
1254 -4
1255 -8
1256 0
1257 48
1258 24
1259 -88
1260 -38
1261 7
1262 18
1263 0
1264 26
1265 52
1266 28
1267 18
1268 16
1269 -36
1270 0
1271 -80
1272 -12
1273 28
1274 -2
1275 -16
1276 48
1277 0
1278 -82
1279 -10
1280 36
1281 -40
1282 -8
1283 32
1284 0
1285 42
1286 -32
1287 16
1288 12
1289 -60
1290 -36
1291 0
1292 0
1293 32
1294 32
1295 96
1296 34
1297 -12
1298 14
1299 144
1300 -13
1301 -24
1302 -52
1303 -32
1304 66
1305 0
1306 -8
1307 8
1308 26
1309 2
1310 -42
1311 8
1312 0
1313 -48
1314 -64
1315 -18
1316 -70
1317 32
1318 -18
1319 0
1320 48
1321 50
1322 -82
1323 -48
1324 4
1325 -72
1326 0
1327 8
1328 -30
1329 20
1330 -8
1331 -24
1332 -24
1333 0
1334 -4
1335 -24
1336 -4
1337 -12
1338 -58
1339 0
1340 0
1341 -4
1342 24
1343 48
1344 -62
1345 -16
1346 -98
1347 -56
1348 -48
1349 12
1350 60
1351 -4
1352 36
1353 -60
1354 0
1355 -72
1356 58
1357 -12
1358 32
1359 -24
1360 -4
1361 0
1362 2
1363 -18
1364 -6
1365 28
1366 -16
1367 88
1368 0
1369 -16
1370 46
1371 -40
1372 4
1373 -24
1374 62
1375 0
1376 18
1377 -48
1378 -16
1379 48
1380 80
1381 -12
1382 0
1383 -40
1384 16
1385 -24
1386 0
1387 -6
1388 -22
1389 0
1390 -16
1391 40
1392 52
1393 50
1394 46
1395 -64
1396 -28
1397 -16
1398 -2
1399 24
1400 66
1401 100
1402 16
1403 0
1404 -49
1405 42
1406 12
1407 56
1408 -6
1409 -12
1410 0
1411 6
1412 -18
1413 -8
1414 -48
1415 56
1416 -46
1417 0
1418 46
1419 -48
1420 -12
1421 76
1422 -20
1423 -20
1424 0
1425 -76
1426 6
1427 72
1428 42
1429 -54
1430 22
1431 0
1432 0
1433 0
1434 64
1435 -24
1436 -18
1437 96
1438 0
1439 0
1440 -16
1441 33
1442 -4
1443 -32
1444 12
1445 28
1446 -32
1447 -4
1448 -30
1449 -16
1450 16
1451 40
1452 0
1453 8
1454 -10
1455 48
1456 -36
1457 -16
1458 -58
1459 0
1460 64
1461 48
1462 2
1463 16
1464 -108
1465 -30
1466 0
1467 -88
1468 24
1469 76
1470 12
1471 -2
1472 64
1473 0
1474 24
1475 24
1476 10
1477 36
1478 -10
1479 40
1480 0
1481 -28
1482 28
1483 -32
1484 -6
1485 12
1486 -40
1487 0
1488 -44
1489 -20
1490 32
1491 -8
1492 32
1493 -96
1494 14
1495 -26
1496 -60
1497 48
1498 6
1499 -88
1500 -38
1501 0
1502 76
1503 -16
1504 -8
1505 -60
1506 32
1507 -8
1508 0
1509 28
1510 -8
1511 -64
1512 -5
1513 -46
1514 -20
1515 0
1516 18
1517 -80
1518 62
1519 -50
1520 -14
1521 -24
1522 0
1523 104
1524 -22
1525 18
1526 32
1527 0
1528 -36
1529 0
1530 -10
1531 30
1532 -76
1533 -20
1534 32
1535 24
1536 0
1537 6
1538 12
1539 80
1540 -16
1541 -36
1542 -84
1543 0
1544 50
1545 -104
1546 40
1547 -88
1548 -48
1549 10
1550 0
1551 72
1552 -16
1553 -32
1554 70
1555 -4
1556 -112
1557 0
1558 40
1559 0
1560 -14
1561 12
1562 -22
1563 8
1564 0
1565 144
1566 -36
1567 32
1568 -30
1569 -40
1570 30
1571 0
1572 -24
1573 26
1574 0
1575 -48
1576 28
1577 32
1578 0
1579 -2
1580 -12
1581 28
1582 -40
1583 -16
1584 34
1585 0
1586 -96
1587 -8
1588 2
1589 52
1590 -66
1591 30
1592 -28
1593 52
1594 -16
1595 -56
1596 128
1597 16
1598 96
1599 0
1600 -8
1601 -28
1602 28
1603 14
1604 -6
1605 -36
1606 0
1607 24
1608 82
1609 36
1610 -18
1611 72
1612 4
1613 0
1614 14
1615 24
1616 4
1617 16
1618 -8
1619 -48
1620 0
1621 0
1622 -32
1623 0
1624 -3
1625 -60
1626 38
1627 0
1628 90
1629 -20
1630 -8
1631 40
1632 -12
1633 5
1634 0
1635 32
1636 52
1637 -4
1638 108
1639 54
1640 4
1641 -28
1642 -20
1643 24
1644 64
1645 -54
1646 -36
1647 24
1648 0
1649 100
1650 70
1651 8
1652 20
1653 -4
1654 -48
1655 0
1656 -14
1657 8
1658 -96
1659 -64
1660 -6
1661 -4
1662 0
1663 -18
1664 50
1665 4
1666 72
1667 -96
1668 0
1669 0
1670 -4
1671 -104
1672 -16
1673 20
1674 -36
1675 -50
1676 0
1677 -16
1678 -10
1679 -80
1680 -30
1681 -16
1682 -68
1683 0
1684 36
1685 12
1686 -66
1687 12
1688 48
1689 16
1690 -56
1691 -32
1692 4
1693 10
1694 22
1695 40
1696 -12
1697 0
1698 -32
1699 64
1700 -48
1701 -24
1702 24
1703 64
1704 0
1705 -20
1706 14
1707 8
1708 8
1709 -16
1710 -96
1711 0
1712 6
1713 112
1714 8
1715 0
1716 -54
1717 -44
1718 0
1719 24
1720 -48
1721 24
1722 -8
1723 0
1724 -102
1725 0
1726 0
1727 -8
1728 34
1729 -62
1730 14
1731 16
1732 0
1733 60
1734 -98
1735 12
1736 128
1737 -12
1738 -8
1739 56
1740 -43
1741 -4
1742 24
1743 -24
1744 12
1745 20
1746 0
1747 -20
1748 20
1749 -52
1750 -2
1751 -144
1752 -12
1753 0
1754 30
1755 0
1756 20
1757 -48
1758 -98
1759 16
1760 0
1761 16
1762 0
1763 88
1764 74
1765 -48
1766 118
1767 0
1768 4
1769 36
1770 -74
1771 22
1772 20
1773 -36
1774 0
1775 -8
1776 -32
1777 -16
1778 -50
1779 0
1780 36
1781 0
1782 128
1783 -36
1784 -16
1785 -60
1786 14
1787 -8
1788 -70
1789 -22
1790 -26
1791 56
1792 -32
1793 40
1794 12
1795 0
1796 -6
1797 -64
1798 8
1799 8
1800 52
1801 -14
1802 0
1803 64
1804 -30
1805 -16
1806 30
1807 -36
1808 114
1809 0
1810 -16
1811 -104
1812 72
1813 16
1814 0
1815 24
1816 0
1817 96
1818 38
1819 46
1820 80
1821 28
1822 -2
1823 0
1824 36
1825 2
1826 -52
1827 16
1828 -16
1829 60
1830 0
1831 -24
1832 -28
1833 8
1834 -24
1835 72
1836 -38
1837 7
1838 102
1839 -56
1840 -6
1841 48
1842 32
1843 38
1844 0
1845 92
1846 -8
1847 -8
1848 -14
1849 -6
1850 30
1851 0
1852 16
1853 -72
1854 -2
1855 38
1856 0
1857 -16
1858 0
1859 72
1860 -57
1861 20
1862 -14
1863 24
1864 -72
1865 0
1866 70
1867 -8
1868 -108
1869 -100
1870 -24
1871 -72
1872 0
1873 34
1874 -96
1875 -40
1876 12
1877 48
1878 26
1879 0
1880 -110
1881 16
1882 40
1883 56
1884 58
1885 -12
1886 0
1887 -16
1888 60
1889 36
1890 -64
1891 -4
1892 -76
1893 0
1894 -10
1895 16
1896 -14
1897 64
1898 94
1899 24
1900 0
1901 -36
1902 44
1903 0
1904 36
1905 -96
1906 48
1907 0
1908 -48
1909 16
1910 22
1911 -56
1912 -2
1913 24
1914 0
1915 6
1916 -70
1917 -16
1918 -56
1919 -120
1920 -192
1921 0
1922 -4
1923 16
1924 -12
1925 -36
1926 94
1927 -4
1928 0
1929 -24
1930 8
1931 -24
1932 36
1933 -22
1934 -20
1935 -56
1936 -4
1937 -96
1938 102
1939 -32
1940 -6
1941 -8
1942 0
1943 -72
1944 114
1945 18
1946 44
1947 48
1948 -14
1949 0
1950 0
1951 -18
1952 -64
1953 68
1954 32
1955 -120
1956 0
1957 -12
1958 -106
1959 24
1960 28
1961 -44
1962 2
1963 0
1964 74
1965 60
1966 32
1967 56
1968 -64
1969 36
1970 0
1971 64
1972 -16
1973 -52
1974 -96
1975 0
1976 -16
1977 0
1978 -8
1979 72
1980 20
1981 -22
1982 -8
1983 -88
1984 -7
1985 12
1986 -36
1987 2
1988 -12
1989 48
1990 40
1991 0
1992 -44
1993 -20
1994 30
1995 24
1996 24
1997 0
1998 0
1999 32
2000 2
2001 100
2002 12
2003 40
2004 80
2005 0
2006 54
2007 80
2008 32
2009 -44
2010 -26
2011 14
2012 0
2013 -52
2014 16
2015 72
2016 -12
2017 20
2018 -32
2019 0
2020 -14
2021 -48
2022 -52
2023 -32
2024 -46
2025 100
2026 0
2027 8
2028 90
2029 24
2030 -32
2031 32
2032 16
2033 -28
2034 12
2035 -32
2036 26
2037 12
2038 16
2039 80
2040 0
2041 -62
2042 32
2043 -8
2044 0
2045 60
2046 -50
2047 0
2048 36
2049 4
2050 24
2051 40
2052 -60
2053 -1
2054 0
2055 8
2056 -22
2057 -32
2058 -96
2059 54
2060 -12
2061 0
2062 -48
2063 0
2064 34
2065 2
2066 -66
2067 -56
2068 0
2069 -116
2070 108
2071 -10
2072 100
2073 48
2074 -26
2075 0
2076 -70
2077 52
2078 54
2079 -104
2080 40
2081 48
2082 28
2083 -8
2084 80
2085 -8
2086 -24
2087 24
2088 18
2089 0
2090 108
2091 0
2092 16
2093 -16
2094 32
2095 -32
2096 0
2097 -48
2098 0
2099 -16
2100 42
2101 36
2102 -14
2103 0
2104 -16
2105 -28
2106 0
2107 -52
2108 -6
2109 -36
2110 0
2111 96
2112 9
2113 18
2114 -114
2115 -112
2116 8
2117 0
2118 32
2119 -2
2120 34
2121 52
2122 -56
2123 48
2124 0
2125 4
2126 -10
2127 -96
2128 16
2129 52
2130 102
2131 -42
2132 20
2133 -40
2134 -8
2135 48
2136 -14
2137 -4
2138 0
2139 8
2140 -60
2141 -36
2142 -84
2143 -10
2144 -30
2145 0
2146 -2
2147 -24
2148 -54
2149 -6
2150 -64
2151 40
2152 0
2153 -40
2154 -96
2155 16
2156 -48
2157 -64
2158 -48
2159 0
2160 84
2161 -16
2162 -6
2163 -80
2164 -12
2165 16
2166 0
2167 26
2168 -30
2169 -12
2170 -48
2171 72
2172 64
2173 0
2174 -90
2175 88
2176 -52
2177 16
2178 -90
2179 -66
2180 42
2181 12
2182 -4
2183 -56
2184 4
2185 0
2186 62
2187 0
2188 -28
2189 96
2190 -36
2191 32
2192 36
2193 -72
2194 0
2195 -24
2196 0
2197 36
2198 -90
2199 -8
2200 -12
2201 0
2202 -100
2203 -36
2204 90
2205 120
2206 40
2207 -8
2208 0
2209 12
2210 94
2211 -16
2212 4
2213 40
2214 64
2215 0
2216 -64
2217 16
2218 12
2219 16
2220 90
2221 10
2222 0
2223 -56
2224 60
2225 -124
2226 -20
2227 8
2228 42
2229 0
2230 64
2231 96
2232 0
2233 50
2234 12
2235 16
2236 0
2237 12
2238 30
2239 -50
2240 66
2241 -92
2242 32
2243 0
2244 -51
2245 -12
2246 54
2247 96
2248 -20
2249 24
2250 0
2251 32
2252 8
2253 108
2254 -24
2255 -24
2256 -30
2257 0
2258 30
2259 -16
2260 24
2261 44
2262 -6
2263 -24
2264 0
2265 -144
2266 -40
2267 8
2268 -60
2269 -12
2270 64
2271 0
2272 36
2273 -92
2274 70
2275 -36
2276 -12
2277 32
2278 56
2279 0
2280 18
2281 -9
2282 32
2283 112
2284 36
2285 0
2286 -20
2287 2
2288 -128
2289 72
2290 6
2291 -88
2292 0
2293 -48
2294 -4
2295 40
2296 28
2297 32
2298 118
2299 0
2300 -48
2301 60
2302 24
2303 -16
2304 48
2305 -12
2306 0
2307 -32
2308 4
2309 -112
2310 46
2311 32
2312 72
2313 0
2314 -64
2315 40
2316 -108
2317 32
2318 38
2319 56
2320 0
2321 -44
2322 -100
2323 46
2324 -38
2325 28
2326 0
2327 56
2328 50
2329 18
2330 -32
2331 64
2332 -48
2333 -48
2334 0
2335 6
2336 -78
2337 8
2338 40
2339 -104
2340 -128
2341 0
2342 -84
2343 8
2344 26
2345 -12
2346 6
2347 12
2348 0
2349 48
2350 56
2351 64
2352 -12
2353 -4
2354 -52
2355 0
2356 -60
2357 96
2358 12
2359 -10
2360 -78
2361 -44
2362 0
2363 -72
2364 -102
2365 16
2366 38
2367 24
2368 -52
2369 0
2370 128
2371 -16
2372 40
2373 0
2374 16
2375 -64
2376 -14
2377 -12
2378 -32
2379 -128
2380 41
2381 56
2382 108
2383 0
2384 -80
2385 -16
2386 -24
2387 0
2388 52
2389 -4
2390 0
2391 -88
2392 48
2393 -12
2394 -74
2395 78
2396 10
2397 0
2398 12
2399 -96
2400 66
2401 -30
2402 -66
2403 -128
2404 0
2405 56
2406 -50
2407 -24
2408 -78
2409 -16
2410 -8
2411 0
2412 -2
2413 10
2414 0
2415 72
2416 -12
2417 -32
2418 0
2419 54
2420 0
2421 -144
2422 -16
2423 24
2424 20
2425 28
2426 160
2427 72
2428 -12
2429 -72
2430 78
2431 38
2432 0
2433 16
2434 -18
2435 -40
2436 80
2437 -24
2438 -42
2439 0
2440 -4
2441 8
2442 60
2443 6
2444 74
2445 40
2446 0
2447 -48
2448 -16
2449 -64
2450 -54
2451 -96
2452 4
2453 0
2454 -98
2455 78
2456 -60
2457 -48
2458 -56
2459 56
2460 0
2461 -44
2462 18
2463 40
2464 16
2465 100
2466 86
2467 0
2468 10
2469 56
2470 -2
2471 32
2472 64
2473 4
2474 126
2475 -128
2476 -16
2477 80
2478 -82
2479 24
2480 -30
2481 0
2482 40
2483 -72
2484 -86
2485 58
2486 -74
2487 16
2488 0
2489 0
2490 -36
2491 -64
2492 52
2493 -84
2494 8
2495 0
2496 2
2497 -12
2498 32
2499 96
2500 -60
2501 124
2502 0
2503 22
2504 66
2505 116
2506 -26
2507 16
2508 36
2509 0
2510 -42
2511 24
2512 -4
2513 88
2514 0
2515 8
2516 0
2517 16
2518 80
2519 48
2520 -7
2521 -5
2522 92
2523 112
2524 -8
2525 44
2526 96
2527 -36
2528 4
2529 20
2530 0
2531 -8
2532 100
2533 -28
2534 -36
2535 104
2536 -24
2537 0
2538 -74
2539 -66
2540 -6
2541 -32
2542 -36
2543 0
2544 0
2545 -14
2546 32
2547 72
2548 4
2549 -36
2550 -34
2551 0
2552 -60
2553 -76
2554 -8
2555 -40
2556 -6
2557 -64
2558 0
2559 8
2560 10
2561 0
2562 -72
2563 38
2564 64
2565 0
2566 -24
2567 32
2568 -144
2569 -36
2570 -4
2571 72
2572 0
2573 44
2574 -32
2575 -36
2576 114
2577 -80
2578 0
2579 0
2580 -28
2581 26
2582 -20
2583 -104
2584 76
2585 -12
2586 0
2587 -8
2588 192
2589 -100
2590 8
2591 -80
2592 8
2593 0
2594 -82
2595 -72
2596 2
2597 -80
2598 14
2599 62
2600 0
2601 -20
2602 -24
2603 -48
2604 -38
2605 2
2606 60
2607 0
2608 0
2609 -24
2610 -96
2611 -50
2612 16
2613 28
2614 0
2615 -32
2616 -14
2617 -60
2618 30
2619 72
2620 52
2621 -84
2622 -52
2623 8
2624 36
2625 24
2626 -32
2627 -56
2628 0
2629 -38
2630 -42
2631 -104
2632 4
2633 176
2634 -64
2635 0
2636 10
2637 -20
2638 -40
2639 -16
2640 98
2641 44
2642 0
2643 48
2644 24
2645 48
2646 32
2647 -4
2648 -78
2649 0
2650 -32
2651 104
2652 -60
2653 -12
2654 -90
2655 0
2656 0
2657 32
2658 12
2659 -18
2660 -12
2661 -84
2662 8
2663 0
2664 27
2665 -14
2666 14
2667 16
2668 -14
2669 104
2670 14
2671 12
2672 -28
2673 52
2674 64
2675 -24
2676 36
2677 0
2678 -128
2679 80
2680 12
2681 -48
2682 -72
2683 62
2684 0
2685 -24
2686 -16
2687 -48
2688 112
2689 48
2690 -34
2691 0
2692 -48
2693 -84
2694 12
2695 -24
2696 114
2697 16
2698 0
2699 -56
2700 -48
2701 10
2702 0
2703 -8
2704 -38
2705 0
2706 118
2707 6
2708 -102
2709 76
2710 -24
2711 -48
2712 0
2713 4
2714 12
2715 0
2716 -76
2717 16
2718 -82
2719 -42
2720 -110
2721 20
2722 -10
2723 24
2724 74
2725 64
2726 0
2727 -104
2728 24
2729 32
2730 -32
2731 40
2732 -108
2733 0
2734 80
2735 80
2736 20
2737 -10
2738 126
2739 64
2740 0
2741 76
2742 108
2743 32
2744 48
2745 -52
2746 -16
2747 0
2748 128
2749 0
2750 6
2751 -104
2752 -16
2753 20
2754 0
2755 96
2756 84
2757 96
2758 38
2759 -16
2760 -46
2761 0
2762 4
2763 16
2764 8
2765 -148
2766 96
2767 12
2768 -126
2769 0
2770 8
2771 144
2772 36
2773 -27
2774 96
2775 0
2776 42
2777 -144
2778 38
2779 -4
2780 16
2781 -84
2782 0
2783 -72
2784 -62
2785 44
2786 -114
2787 -8
2788 36
2789 0
2790 110
2791 -58
2792 100
2793 96
2794 8
2795 40
2796 0
2797 20
2798 12
2799 -24
2800 28
2801 64
2802 32
2803 0
2804 -64
2805 -48
2806 -16
2807 -72
2808 36
2809 50
2810 0
2811 -112
2812 -19
2813 -40
2814 28
2815 -18
2816 -16
2817 112
2818 16
2819 72
2820 -22
2821 -16
2822 -20
2823 56
2824 0
2825 -76
2826 -10
2827 24
2828 -54
2829 28
2830 12
2831 0
2832 -128
2833 2
2834 30
2835 -24
2836 16
2837 12
2838 0
2839 -16
2840 -64
2841 84
2842 40
2843 0
2844 -6
2845 0
2846 -10
2847 -16
2848 20
2849 -72
2850 -10
2851 -26
2852 0
2853 0
2854 -24
2855 -32
2856 -108
2857 -16
2858 -82
2859 0
2860 -12
2861 -8
2862 -22
2863 32
2864 36
2865 -104
2866 14
2867 96
2868 -86
2869 -38
2870 -10
2871 56
2872 0
2873 0
2874 -90
2875 -8
2876 16
2877 0
2878 -72
2879 40
2880 0
2881 36
2882 124
2883 80
2884 -14
2885 -96
2886 -160
2887 0
2888 4
2889 100
2890 0
2891 -24
2892 -24
2893 -12
2894 0
2895 88
2896 12
2897 16
2898 64
2899 -18
2900 -102
2901 0
2902 8
2903 -32
2904 -12
2905 -28
2906 14
2907 -24
2908 0
2909 -164
2910 14
2911 -8
2912 -10
2913 -76
2914 24
2915 0
2916 -48
2917 4
2918 28
2919 -56
2920 16
2921 84
2922 0
2923 -74
2924 -86
2925 44
2926 40
2927 -40
2928 66
2929 0
2930 -114
2931 -48
2932 -32
2933 -68
2934 126
2935 -64
2936 0
2937 0
2938 6
2939 24
2940 -6
2941 -12
2942 96
2943 0
2944 -32
2945 24
2946 -32
2947 -8
2948 90
2949 24
2950 0
2951 96
2952 -44
2953 48
2954 96
2955 16
2956 10
2957 0
2958 -4
2959 -66
2960 0
2961 -12
2962 -8
2963 24
2964 -35
2965 -12
2966 60
2967 -72
2968 12
2969 68
2970 44
2971 0
2972 72
2973 -24
2974 -10
2975 72
2976 98
2977 -28
2978 0
2979 72
2980 -44
2981 -24
2982 44
2983 -4
2984 0
2985 0
2986 -24
2987 -16
2988 -48
2989 74
2990 -10
2991 -16
2992 0
2993 84
2994 -36
2995 -58
2996 52
2997 -16
2998 40
2999 0
3000 4
3001 48
3002 28
3003 -64
3004 20
3005 -52
3006 0
3007 60
3008 176
3009 16
3010 8
3011 24
3012 -18
3013 42
3014 102
3015 -72
3016 -84
3017 32
3018 86
3019 8
3020 0
3021 44
3022 -32
3023 112
3024 64
3025 2
3026 -114
3027 0
3028 34
3029 40
3030 -96
3031 0
3032 -92
3033 -76
3034 0
3035 -72
3036 -6
3037 -1
3038 64
3039 -104
3040 -36
3041 0
3042 -4
3043 -34
3044 -22
3045 -100
3046 -2
3047 32
3048 0
3049 48
3050 -18
3051 48
3052 48
3053 144
3054 -84
3055 0
3056 -14
3057 48
3058 -56
3059 120
3060 106
3061 4
3062 -84
3063 104
3064 -12
3065 -12
3066 -74
3067 12
3068 -6
3069 0
3070 -48
3071 128
3072 -76
3073 -4
3074 -32
3075 32
3076 0
3077 16
3078 0
3079 -58
3080 36
3081 52
3082 12
3083 0
3084 128
3085 10
3086 -10
3087 8
3088 -48
3089 -144
3090 0
3091 22
3092 -76
3093 -80
3094 -48
3095 -96
3096 112
3097 0
3098 30
3099 -128
3100 4
3101 -36
3102 -40
3103 30
3104 0
3105 116
3106 -8
3107 144
3108 106
3109 4
3110 38
3111 -56
3112 -4
3113 -32
3114 118
3115 -32
3116 -64
3117 48
3118 0
3119 16
3120 -15
3121 -46
3122 -68
3123 80
3124 20
3125 0
3126 -54
3127 -24
3128 130
3129 -40
3130 8
3131 -24
3132 0
3133 -22
3134 -138
3135 -120
3136 -12
3137 20
3138 70
3139 0
3140 144
3141 32
3142 24
3143 -112
3144 -80
3145 10
3146 0
3147 -120
3148 84
3149 -4
3150 -114
3151 0
3152 8
3153 0
3154 6
3155 -104
3156 -48
3157 20
3158 -74
3159 48
3160 28
3161 -92
3162 32
3163 24
3164 42
3165 -64
3166 -48
3167 0
3168 -62
3169 2
3170 -20
3171 96
3172 0
3173 -8
3174 0
3175 60
3176 18
3177 -96
3178 24
3179 -72
3180 26
3181 0
3182 -32
3183 8
3184 -8
3185 -208
3186 -154
3187 24
3188 0
3189 -36
3190 -10
3191 -24
3192 -12
3193 -78
3194 -82
3195 0
3196 20
3197 112
3198 30
3199 8
3200 36
3201 72
3202 0
3203 -56
3204 -24
3205 -38
3206 -10
3207 24
3208 -64
3209 -28
3210 70
3211 -58
3212 -2
3213 124
3214 56
3215 8
3216 0
3217 -16
3218 12
3219 0
3220 72
3221 -40
3222 44
3223 0
3224 -78
3225 -28
3226 16
3227 8
3228 -176
3229 58
3230 0
3231 208
3232 64
3233 48
3234 54
3235 32
3236 -70
3237 0
3238 16
3239 128
3240 82
3241 18
3242 -36
3243 24
3244 0
3245 60
3246 -64
3247 28
3248 -60
3249 8
3250 72
3251 0
3252 36
3253 18
3254 224
3255 0
3256 48
3257 -64
3258 0
3259 12
3260 -70
3261 56
3262 -6
3263 -24
3264 -62
3265 0
3266 0
3267 -56
3268 -12
3269 48
3270 -160
3271 -48
3272 0
3273 52
3274 -24
3275 56
3276 154
3277 -64
3278 32
3279 0
3280 1
3281 -44
3282 -72
3283 64
3284 -86
3285 108
3286 0
3287 -8
3288 82
3289 -8
3290 -34
3291 -72
3292 0
3293 0
3294 96
3295 44
3296 48
3297 16
3298 14
3299 -88
3300 0
3301 64
3302 44
3303 40
3304 -84
3305 152
3306 -4
3307 14
3308 -12
3309 124
3310 32
3311 -72
3312 -24
3313 -47
3314 0
3315 120
3316 -16
3317 -80
3318 14
3319 30
3320 132
3321 0
3322 40
3323 -104
3324 4
3325 4
3326 54
3327 -48
3328 0
3329 36
3330 86
3331 -2
3332 -64
3333 -72
3334 -8
3335 0
3336 50
3337 6
3338 -160
3339 -80
3340 8
3341 72
3342 0
3343 8
3344 -30
3345 -124
3346 16
3347 -64
3348 36
3349 0
3350 38
3351 -8
3352 -28
3353 8
3354 86
3355 -42
3356 42
3357 -32
3358 -24
3359 96
3360 0
3361 4
3362 10
3363 0
3364 36
3365 -16
3366 30
3367 28
3368 2
3369 -144
3370 0
3371 -152
3372 64
3373 -12
3374 28
3375 8
3376 12
3377 0
3378 60
3379 -24
3380 42
3381 140
3382 -48
3383 -72
3384 0
3385 -12
3386 -52
3387 8
3388 -20
3389 -36
3390 14
3391 0
3392 64
3393 -168
3394 -80
3395 152
3396 -118
3397 -32
3398 0
3399 8
3400 -84
3401 132
3402 124
3403 -2
3404 -176
3405 -84
3406 38
3407 0
3408 -60
3409 66
3410 96
3411 16
3412 0
3413 156
3414 46
3415 -32
3416 -126
3417 -48
3418 8
3419 0
3420 -70
3421 -22
3422 2
3423 144
3424 -22
3425 32
3426 0
3427 44
3428 -22
3429 -88
3430 -72
3431 -96
3432 -108
3433 0
3434 -18
3435 -64
3436 48
3437 76
3438 -82
3439 22
3440 0
3441 -124
3442 -4
3443 -16
3444 -67
3445 -54
3446 -36
3447 0
3448 20
3449 -60
3450 -64
3451 8
3452 20
3453 -68
3454 0
3455 0
3456 -64
3457 52
3458 -18
3459 -48
3460 2
3461 0
3462 26
3463 78
3464 54
3465 96
3466 48
3467 -80
3468 0
3469 2
3470 64
3471 -8
3472 16
3473 132
3474 54
3475 0
3476 -12
3477 48
3478 -18
3479 144
3480 -110
3481 -80
3482 0
3483 -128
3484 -144
3485 76
3486 32
3487 8
3488 50
3489 0
3490 24
3491 -24
3492 64
3493 -12
3494 108
3495 88
3496 0
3497 0
3498 -122
3499 -26
3500 -86
3501 0
3502 -72
3503 -56
3504 48
3505 -24
3506 126
3507 32
3508 20
3509 -36
3510 0
3511 -42
3512 -26
3513 4
3514 32
3515 -48
3516 36
3517 0
3518 96
3519 136
3520 -52
3521 -12
3522 -36
3523 6
3524 0
3525 56
3526 0
3527 -16
3528 -110
3529 -12
3530 -96
3531 0
3532 4
3533 0
3534 46
3535 -34
3536 48
3537 -28
3538 0
3539 40
3540 20
3541 -28
3542 -8
3543 -40
3544 24
3545 0
3546 -36
3547 -32
3548 0
3549 -176
3550 8
3551 -16
3552 84
3553 -128
3554 30
3555 88
3556 84
3557 16
3558 32
3559 0
3560 82
3561 -24
3562 48
3563 8
3564 -38
3565 -22
3566 0
3567 120
3568 4
3569 -20
3570 12
3571 22
3572 20
3573 0
3574 24
3575 144
3576 192
3577 4
3578 -20
3579 -48
3580 0
3581 -48
3582 12
3583 -10
3584 48
3585 144
3586 22
3587 0
3588 10
3589 26
3590 96
3591 -24
3592 -32
3593 -124
3594 0
3595 0
3596 106
3597 96
3598 -64
3599 -48
3600 -80
3601 49
3602 32
3603 -32
3604 -6
3605 156
3606 -50
3607 24
3608 0
3609 100
3610 24
3611 -80
3612 13
3613 -40
3614 -106
3615 0
3616 76
3617 96
3618 -138
3619 32
3620 52
3621 12
3622 0
3623 -112
3624 48
3625 34
3626 -2
3627 104
3628 24
3629 0
3630 12
3631 -10
3632 132
3633 36
3634 24
3635 40
3636 0
3637 -2
3638 0
3639 -120
3640 26
3641 -108
3642 0
3643 0
3644 -108
3645 48
3646 16
3647 56
3648 -158
3649 -4
3650 -98
3651 -8
3652 -64
3653 140
3654 -82
3655 38
3656 128
3657 0
3658 -8
3659 56
3660 154
3661 42
3662 18
3663 -64
3664 0
3665 36
3666 -74
3667 24
3668 -192
3669 72
3670 -48
3671 0
3672 72
3673 -64
3674 -34
3675 80
3676 -16
3677 -80
3678 0
3679 -32
3680 -28
3681 -96
3682 -24
3683 -24
3684 -54
3685 0
3686 -180
3687 -48
3688 -20
3689 0
3690 -10
3691 96
3692 0
3693 -24
3694 30
3695 -8
3696 -94
3697 -24
3698 -20
3699 -112
3700 68
3701 -136
3702 -20
3703 16
3704 -128
3705 68
3706 0
3707 -120
3708 122
3709 42
3710 -36
3711 72
3712 4
3713 0
3714 64
3715 -42
3716 -6
3717 -128
3718 24
3719 -24
3720 0
3721 28
3722 -100
3723 8
3724 0
3725 -52
3726 12
3727 0
3728 18
3729 -28
3730 -50
3731 0
3732 100
3733 16
3734 0
3735 -144
3736 0
3737 16
3738 70
3739 -26
3740 122
3741 0
3742 24
3743 -16
3744 2
3745 48
3746 -32
3747 40
3748 -14
3749 124
3750 -4
3751 12
3752 -64
3753 -28
3754 32
3755 0
3756 16
3757 48
3758 6
3759 -160
3760 -16
3761 -140
3762 0
3763 -4
3764 10
3765 -40
3766 -8
3767 -48
3768 50
3769 0
3770 46
3771 56
3772 48
3773 -68
3774 94
3775 24
3776 0
3777 80
3778 -88
3779 104
3780 -22
3781 -38
3782 24
3783 0
3784 7
3785 72
3786 70
3787 18
3788 -102
3789 -16
3790 0
3791 48
3792 72
3793 26
3794 30
3795 80
3796 52
3797 -112
3798 -96
3799 28
3800 -16
3801 -92
3802 18
3803 56
3804 0
3805 16
3806 -160
3807 -72
3808 -36
3809 -120
3810 22
3811 0
3812 -24
3813 48
3814 -80
3815 -88
3816 -28
3817 -12
3818 0
3819 96
3820 28
3821 -100
3822 96
3823 -2
3824 18
3825 0
3826 -16
3827 -56
3828 64
3829 48
3830 0
3831 16
3832 0
3833 48
3834 70
3835 -82
3836 138
3837 12
3838 -10
3839 0
3840 2
3841 36
3842 24
3843 32
3844 -40
3845 -36
3846 14
3847 -8
3848 48
3849 116
3850 32
3851 120
3852 -64
3853 0
3854 28
3855 -24
3856 42
3857 128
3858 -74
3859 -32
3860 0
3861 76
3862 16
3863 32
3864 -16
3865 12
3866 -96
3867 0
3868 -60
3869 16
3870 -82
3871 -36
3872 -92
3873 -16
3874 0
3875 144
3876 10
3877 0
3878 -90
3879 24
3880 32
3881 0
3882 -36
3883 32
3884 -44
3885 -24
3886 96
3887 -24
3888 0
3889 34
3890 160
3891 -24
3892 -12
3893 48
3894 -114
3895 14
3896 -46
3897 -80
3898 144
3899 40
3900 -60
3901 -13
3902 0
3903 120
3904 -24
3905 120
3906 76
3907 -52
3908 138
3909 0
3910 -32
3911 144
3912 6
3913 66
3914 14
3915 0
3916 0
3917 -112
3918 -52
3919 -8
3920 66
3921 256
3922 8
3923 0
3924 0
3925 26
3926 6
3927 120
3928 2
3929 -48
3930 0
3931 -42
3932 20
3933 -164
3934 8
3935 -16
3936 34
3937 0
3938 158
3939 -96
3940 -48
3941 -132
3942 -32
3943 -64
3944 0
3945 -80
3946 -18
3947 104
3948 -28
3949 -70
3950 150
3951 0
3952 32
3953 -76
3954 -128
3955 -18
3956 -12
3957 -32
3958 0
3959 -96
3960 -53
3961 48
3962 -6
3963 64
3964 50
3965 0
3966 62
3967 -82
3968 18
3969 72
3970 -48
3971 0
3972 0
3973 4
3974 150
3975 -104
3976 -72
3977 48
3978 -20
3979 0
3980 -48
3981 44
3982 8
3983 -16
3984 -76
3985 -30
3986 0
3987 24
3988 20
3989 -144
3990 96
3991 -8
3992 -156
3993 84
3994 -24
3995 -8
3996 -70
3997 -24
3998 192
3999 -40
4000 0
4001 -32
4002 60
4003 -4
4004 90
4005 -132
4006 -24
4007 0
4008 18
4009 -4
4010 -84
4011 -144
4012 -12
4013 240
4014 0
4015 -58
4016 -156
4017 16
4018 0
4019 24
4020 32
4021 0
4022 -20
4023 -88
4024 -4
4025 8
4026 38
4027 24
4028 0
4029 92
4030 48
4031 -56
4032 -108
4033 -62
4034 30
4035 0
4036 -16
4037 -8
4038 108
4039 -98
4040 146
4041 24
4042 -56
4043 -88
4044 -166
4045 -48
4046 -90
4047 24
4048 12
4049 0
4050 -58
4051 60
4052 -76
4053 20
4054 -4
4055 32
4056 0
4057 36
4058 -114
4059 16
4060 -60
4061 -36
4062 38
4063 0
4064 -16
4065 0
4066 -72
4067 8
4068 -128
4069 58
4070 0
4071 32
4072 -12
4073 -12
4074 156
4075 32
4076 -64
4077 0
4078 -24
4079 96
4080 98
4081 -4
4082 128
4083 -160
4084 0
4085 -132
4086 -32
4087 2
4088 -24
4089 -44
4090 -18
4091 168
4092 -156
4093 -6
4094 -128
4095 -168
4096 28
4097 112
4098 0
4099 -16
4100 -48
4101 32
4102 88
4103 168
4104 -46
4105 0
4106 0
4107 -32
4108 -16
4109 -100
4110 -2
4111 46
4112 0
4113 -56
4114 -40
4115 72
4116 -86
4117 4
4118 6
4119 0
4120 -24
4121 52
4122 -8
4123 62
4124 180
4125 48
4126 0
4127 32
4128 192
4129 18
4130 96
4131 -16
4132 -48
4133 0
4134 -18
4135 -16
4136 -14
4137 20
4138 48
4139 64
4140 63
4141 80
4142 -116
4143 -8
4144 -12
4145 -60
4146 -58
4147 0
4148 122
4149 -8
4150 -40
4151 -24
4152 128
4153 16
4154 0
4155 96
4156 -24
4157 -16
4158 -2
4159 0
4160 4
4161 0
4162 -6
4163 -152
4164 42
4165 -22
4166 28
4167 120
4168 0
4169 80
4170 0
4171 -16
4172 -44
4173 24
4174 40
4175 0
4176 130
4177 52
4178 12
4179 24
4180 50
4181 60
4182 0
4183 46
4184 -110
4185 88
4186 -64
4187 48
4188 154
4189 -28
4190 -78
4191 -72
4192 -16
4193 -140
4194 70
4195 -2
4196 0
4197 -160
4198 24
4199 -72
4200 64
4201 66
4202 10
4203 0
4204 100
4205 16
4206 0
4207 16
4208 -80
4209 -28
4210 0
4211 24
4212 -18
4213 -49
4214 150
4215 -120
4216 42
4217 0
4218 -32
4219 12
4220 64
4221 -20
4222 56
4223 -48
4224 0
4225 -6
4226 96
4227 48
4228 -12
4229 -8
4230 -50
4231 0
4232 132
4233 -28
4234 6
4235 72
4236 132
4237 -18
4238 -42
4239 -24
4240 -8
4241 -24
4242 28
4243 -48
4244 -12
4245 0
4246 56
4247 -8
4248 -108
4249 -46
4250 -162
4251 72
4252 0
4253 0
4254 32
4255 46
4256 -174
4257 16
4258 -48
4259 0
4260 -118
4261 -12
4262 -32
4263 56
4264 76
4265 -56
4266 0
4267 -20
4268 26
4269 140
4270 -20
4271 -144
4272 -76
4273 0
4274 -64
4275 -48
4276 -76
4277 48
4278 64
4279 6
4280 0
4281 4
4282 72
4283 24
4284 96
4285 42
4286 -138
4287 0
4288 -54
4289 -80
4290 -122
4291 22
4292 72
4293 208
4294 0
4295 -40
4296 20
4297 0
4298 62
4299 160
4300 0
4301 0
4302 -52
4303 64
4304 -30
4305 -16
4306 -24
4307 -152
4308 0
4309 -18
4310 60
4311 184
4312 96
4313 68
4314 -106
4315 0
4316 -12
4317 -16
4318 0
4319 24
4320 66
4321 -16
4322 0
4323 112
4324 33
4325 -120
4326 12
4327 -4
4328 112
4329 0
4330 -32
4331 72
4332 -124
4333 12
4334 -122
4335 -96
4336 28
4337 -12
4338 22
4339 -32
4340 -102
4341 -88
4342 -4
4343 0
4344 -110
4345 -30
4346 -66
4347 0
4348 -16
4349 60
4350 0
4351 16
4352 100
4353 -76
4354 40
4355 -208
4356 74
4357 0
4358 -160
4359 152
4360 8
4361 -16
4362 -30
4363 -10
4364 0
4365 -148
4366 48
4367 -104
4368 98
4369 -36
4370 -18
4371 0
4372 -16
4373 108
4374 -68
4375 -58
4376 -126
4377 64
4378 0
4379 -104
4380 -134
4381 64
4382 76
4383 -88
4384 48
4385 84
4386 -224
4387 2
4388 16
4389 60
4390 16
4391 48
4392 0
4393 -108
4394 0
4395 -56
4396 -30
4397 80
4398 -32
4399 0
4400 4
4401 -124
4402 -88
4403 -136
4404 0
4405 24
4406 0
4407 -48
4408 76
4409 -60
4410 54
4411 12
4412 -2
4413 0
4414 -2
4415 -80
4416 50
4417 64
4418 126
4419 -32
4420 0
4421 96
4422 24
4423 24
4424 130
4425 48
4426 24
4427 0
4428 52
4429 10
4430 -122
4431 -40
4432 36
4433 132
4434 -42
4435 -10
4436 144
4437 -96
4438 40
4439 8
4440 48
4441 0
4442 28
4443 0
4444 -28
4445 -8
4446 126
4447 28
4448 0
4449 -104
4450 -32
4451 -72
4452 -24
4453 -6
4454 -64
4455 0
4456 12
4457 -128
4458 108
4459 -40
4460 16
4461 28
4462 0
4463 144
4464 -30
4465 -44
4466 78
4467 -24
4468 -20
4469 0
4470 46
4471 32
4472 -124
4473 -16
4474 -8
4475 168
4476 0
4477 32
4478 18
4479 104
4480 -96
4481 -12
4482 -96
4483 14
4484 170
4485 28
4486 -26
4487 -24
4488 0
4489 -60
4490 0
4491 -8
4492 48
4493 64
4494 108
4495 6
4496 82
4497 0
4498 -88
4499 -24
4500 170
4501 -38
4502 -20
4503 168
4504 0
4505 36
4506 134
4507 76
4508 -64
4509 144
4510 -16
4511 0
4512 3
4513 -8
4514 126
4515 -120
4516 -60
4517 48
4518 0
4519 32
4520 -126
4521 -28
4522 -8
4523 -8
4524 122
4525 0
4526 -64
4527 152
4528 28
4529 132
4530 24
4531 -8
4532 84
4533 -148
4534 -64
4535 0
4536 -80
4537 -5
4538 -36
4539 0
4540 -46
4541 144
4542 -128
4543 -20
4544 -28
4545 52
4546 0
4547 -48
4548 -112
4549 18
4550 64
4551 -88
4552 -80
4553 0
4554 -42
4555 62
4556 -12
4557 -160
4558 -50
4559 200
4560 0
4561 -14
4562 120
4563 0
4564 -24
4565 112
4566 94
4567 0
4568 -78
4569 -48
4570 104
4571 -48
4572 -64
4573 -22
4574 0
4575 -8
4576 18
4577 32
4578 -58
4579 32
4580 -134
4581 56
4582 0
4583 96
4584 -12
4585 -36
4586 126
4587 -8
4588 0
4589 -24
4590 94
4591 -10
4592 -192
4593 52
4594 30
4595 0
4596 36
4597 -76
4598 -36
4599 72
4600 -20
4601 84
4602 0
4603 32
4604 122
4605 -32
4606 24
4607 -16
4608 20
4609 0
4610 -18
4611 -240
4612 6
4613 -20
4614 -96
4615 12
4616 0
4617 -16
4618 80
4619 -24
4620 -102
4621 -16
4622 54
4623 0
4624 -36
4625 -28
4626 128
4627 -84
4628 -6
4629 0
4630 0
4631 8
4632 8
4633 50
4634 128
4635 80
4636 -104
4637 0
4638 -18
4639 40
4640 2
4641 -156
4642 -88
4643 -120
4644 0
4645 -48
4646 166
4647 -72
4648 10
4649 -88
4650 -32
4651 0
4652 116
4653 72
4654 72
4655 -80
4656 48
4657 -16
4658 0
4659 -96
4660 -32
4661 44
4662 10
4663 70
4664 48
4665 0
4666 -4
4667 -56
4668 -134
4669 -112
4670 -106
4671 -104
4672 0
4673 -64
4674 -154
4675 40
4676 0
4677 32
4678 0
4679 0
4680 -192
4681 -14
4682 -100
4683 48
4684 12
4685 -132
4686 0
4687 -22
4688 -62
4689 72
4690 8
4691 40
4692 36
4693 0
4694 -132
4695 184
4696 144
4697 -32
4698 150
4699 -36
4700 0
4701 28
4702 32
4703 -48
4704 -93
4705 -30
4706 126
4707 0
4708 -40
4709 44
4710 94
4711 30
4712 12
4713 -168
4714 0
4715 -8
4716 -6
4717 -24
4718 150
4719 8
4720 26
4721 0
4722 -4
4723 0
4724 -48
4725 96
4726 -48
4727 -32
4728 -14
4729 28
4730 -18
4731 16
4732 32
4733 44
4734 -52
4735 0
4736 -94
4737 20
4738 -2
4739 -56
4740 -48
4741 -12
4742 0
4743 24
4744 28
4745 20
4746 -128
4747 -40
4748 42
4749 0
4750 -16
4751 16
4752 52
4753 34
4754 12
4755 32
4756 0
4757 48
4758 96
4759 -96
4760 82
4761 -72
4762 -8
4763 0
4764 -28
4765 2
4766 -138
4767 24
4768 52
4769 -60
4770 0
4771 -66
4772 -64
4773 188
4774 30
4775 32
4776 -60
4777 -28
4778 -96
4779 40
4780 52
4781 40
4782 76
4783 -16
4784 0
4785 -56
4786 -56
4787 0
4788 4
4789 128
4790 32
4791 0
4792 16
4793 52
4794 -32
4795 96
4796 -12
4797 144
4798 0
4799 -120
4800 -126
4801 -8
4802 -72
4803 -8
4804 -28
4805 0
4806 62
4807 28
4808 48
4809 116
4810 14
4811 -104
4812 0
4813 -6
4814 -122
4815 152
4816 -36
4817 0
4818 -96
4819 0
4820 -192
4821 140
4822 24
4823 72
4824 178
4825 82
4826 126
4827 -24
4828 36
4829 -16
4830 -82
4831 -18
4832 36
4833 0
4834 72
4835 24
4836 20
4837 4
4838 54
4839 -120
4840 0
4841 -80
4842 56
4843 14
4844 -54
4845 -200
4846 24
4847 0
4848 34
4849 4
4850 12
4851 48
4852 16
4853 -72
4854 0
4855 -8
4856 -16
4857 -48
4858 -48
4859 120
4860 122
4861 0
4862 2
4863 48
4864 0
4865 48
4866 102
4867 -32
4868 0
4869 -4
4870 0
4871 -112
4872 148
4873 -3
4874 -18
4875 112
4876 -60
4877 -80
4878 32
4879 38
4880 48
4881 48
4882 0
4883 88
4884 106
4885 90
4886 108
4887 -16
4888 -20
4889 0
4890 -10
4891 -8
4892 128
4893 44
4894 40
4895 0
4896 0
4897 -12
4898 -36
4899 -96
4900 5
4901 -100
4902 24
4903 0
4904 4
4905 -44
4906 32
4907 64
4908 -6
4909 52
4910 0
4911 0
4912 -4
4913 -48
4914 22
4915 108
4916 154
4917 0
4918 54
4919 16
4920 -76
4921 4
4922 -96
4923 -88
4924 -28
4925 28
4926 96
4927 -20
4928 18
4929 -44
4930 24
4931 0
4932 132
4933 64
4934 -96
4935 -72
4936 -54
4937 96
4938 0
4939 -36
4940 -108
4941 -148
4942 24
4943 0
4944 192
4945 0
4946 44
4947 -24
4948 100
4949 104
4950 -130
4951 70
4952 0
4953 -124
4954 8
4955 16
4956 -256
4957 20
4958 0
4959 0
4960 -4
4961 -156
4962 -14
4963 -48
4964 -134
4965 -148
4966 0
4967 88
4968 -16
4969 -14
4970 -82
4971 24
4972 8
4973 0
4974 -98
4975 -96
4976 -60
4977 48
4978 -64
4979 -112
4980 0
4981 -6
4982 -148
4983 8
4984 -4
4985 36
4986 6
4987 0
4988 16
4989 88
4990 -18
4991 56
4992 116
4993 50
4994 0
4995 -32
4996 4
4997 -80
4998 -4
4999 72
5000 -60
5001 0
5002 -96
5003 -104
5004 122
5005 0
5006 -64
5007 -40
5008 0
5009 -40
5010 64
5011 -4
5012 30
5013 -48
5014 -104
5015 0
5016 64
5017 -16
5018 -194
5019 80
5020 20
5021 20
5022 -84
5023 -36
5024 36
5025 164
5026 -50
5027 168
5028 -108
5029 0
5030 102
5031 72
5032 -16
5033 -108
5034 -186
5035 -10
5036 0
5037 -16
5038 -80
5039 -64
5040 -28
5041 -30
5042 -4
5043 0
5044 -16
5045 -36
5046 -66
5047 -68
5048 0
5049 20
5050 0
5051 120
5052 0
5053 36
5054 64
5055 -72
5056 12
5057 0
5058 64
5059 -66
5060 180
5061 0
5062 12
5063 48
5064 0
5065 48
5066 14
5067 72
5068 16
5069 -148
5070 62
5071 -56
5072 68
5073 120
5074 -32
5075 72
5076 -64
5077 4
5078 0
5079 -184
5080 10
5081 36
5082 -96
5083 22
5084 42
5085 0
5086 40
5087 24
5088 -62
5089 -12
5090 -18
5091 -48
5092 0
5093 48
5094 -160
5095 -32
5096 -30
5097 112
5098 64
5099 0
5100 223
5101 -48
5102 -8
5103 -24
5104 -24
5105 -12
5106 0
5107 24
5108 -76
5109 -200
5110 64
5111 144
5112 6
5113 0
5114 -4
5115 56
5116 -20
5117 96
5118 12
5119 14
5120 112
5121 180
5122 8
5123 -56
5124 -156
5125 8
5126 -10
5127 0
5128 -16
5129 -44
5130 160
5131 -96
5132 116
5133 28
5134 0
5135 -48
5136 -62
5137 6
5138 -64
5139 -72
5140 112
5141 0
5142 -20
5143 8
5144 2
5145 120
5146 0
5147 96
5148 0
5149 -54
5150 150
5151 -136
5152 -44
5153 -168
5154 18
5155 0
5156 90
5157 96
5158 24
5159 80
5160 -46
5161 -48
5162 0
5163 -112
5164 24
5165 -196
5166 -50
5167 -8
5168 162
5169 -140
5170 0
5171 72
5172 -60
5173 -102
5174 32
5175 -24
5176 0
5177 16
5178 -26
5179 0
5180 -44
5181 -72
5182 -8
5183 0
5184 2
5185 34
5186 192
5187 48
5188 -62
5189 24
5190 0
5191 14
5192 64
5193 0
5194 16
5195 24
5196 -176
5197 0
5198 156
5199 136
5200 60
5201 288
5202 92
5203 -98
5204 0
5205 144
5206 12
5207 -40
5208 48
5209 128
5210 76
5211 0
5212 -12
5213 -116
5214 126
5215 -8
5216 -126
5217 -16
5218 56
5219 80
5220 36
5221 -43
5222 44
5223 -144
5224 -4
5225 0
5226 -42
5227 24
5228 -166
5229 76
5230 -24
5231 80
5232 0
5233 12
5234 -18
5235 168
5236 20
5237 12
5238 -34
5239 0
5240 0
5241 216
5242 -20
5243 72
5244 84
5245 20
5246 0
5247 -168
5248 -52
5249 100
5250 -26
5251 -2
5252 0
5253 0
5254 -144
5255 -176
5256 -174
5257 -12
5258 -52
5259 -8
5260 0
5261 88
5262 10
5263 30
5264 82
5265 148
5266 0
5267 -56
5268 -12
5269 20
5270 32
5271 8
5272 -48
5273 32
5274 0
5275 -98
5276 -12
5277 96
5278 16
5279 160
5280 48
5281 0
5282 -4
5283 80
5284 16
5285 -132
5286 -4
5287 0
5288 0
5289 -112
5290 88
5291 -104
5292 -120
5293 74
5294 -58
5295 0
5296 -48
5297 -48
5298 -90
5299 118
5300 -102
5301 -208
5302 0
5303 128
5304 153
5305 4
5306 62
5307 16
5308 36
5309 0
5310 32
5311 -74
5312 -38
5313 -188
5314 22
5315 136
5316 0
5317 20
5318 -64
5319 -40
5320 -36
5321 48
5322 156
5323 0
5324 -64
5325 -180
5326 -8
5327 -40
5328 -158
5329 -32
5330 0
5331 80
5332 -16
5333 -132
5334 0
5335 -50
5336 -60
5337 0
5338 0
5339 -24
5340 144
5341 36
5342 76
5343 184
5344 0
5345 52
5346 -78
5347 128
5348 -112
5349 -32
5350 -36
5351 0
5352 116
5353 -16
5354 -178
5355 -48
5356 -60
5357 -112
5358 0
5359 14
5360 -128
5361 4
5362 -8
5363 -32
5364 74
5365 -70
5366 118
5367 -144
5368 -22
5369 36
5370 288
5371 -26
5372 0
5373 120
5374 56
5375 -56
5376 -62
5377 -32
5378 -96
5379 0
5380 40
5381 0
5382 -116
5383 12
5384 -30
5385 20
5386 0
5387 32
5388 100
5389 -6
5390 6
5391 -48
5392 -64
5393 0
5394 70
5395 8
5396 80
5397 -32
5398 8
5399 -160
5400 0
5401 52
5402 -36
5403 -216
5404 -14
5405 40
5406 -96
5407 0
5408 -60
5409 -240
5410 64
5411 -48
5412 14
5413 -30
5414 28
5415 88
5416 -16
5417 -144
5418 86
5419 30
5420 -108
5421 0
5422 -36
5423 -192
5424 -144
5425 114
5426 -82
5427 -96
5428 0
5429 -68
5430 -34
5431 -16
5432 -24
5433 4
5434 -104
5435 0
5436 16
5437 72
5438 140
5439 128
5440 16
5441 52
5442 0
5443 0
5444 138
5445 -20
5446 24
5447 24
5448 -28
5449 0
5450 160
5451 128
5452 96
5453 -48
5454 158
5455 38
5456 0
5457 48
5458 46
5459 24
5460 -48
5461 80
5462 -32
5463 -56
5464 28
5465 -24
5466 -14
5467 -2
5468 -38
5469 -68
5470 0
5471 -16
5472 -128
5473 36
5474 -162
5475 0
5476 2
5477 0
5478 94
5479 -52
5480 36
5481 8
5482 16
5483 104
5484 0
5485 -16
5486 -138
5487 0
5488 60
5489 84
5490 96
5491 0
5492 -88
5493 -4
5494 -24
5495 -120
5496 -78
5497 -28
5498 0
5499 -16
5500 8
5501 156
5502 -128
5503 -24
5504 36
5505 0
5506 72
5507 168
5508 128
5509 -38
5510 -192
5511 160
5512 7
5513 -60
5514 60
5515 102
5516 32
5517 -64
5518 -56
5519 0
5520 -12
5521 -6
5522 94
5523 176
5524 48
5525 -8
5526 0
5527 32
5528 18
5529 180
5530 38
5531 -96
5532 -60
5533 0
5534 70
5535 8
5536 92
5537 20
5538 32
5539 -8
5540 0
5541 92
5542 -8
5543 -144
5544 20
5545 -14
5546 126
5547 0
5548 -6
5549 184
5550 12
5551 30
5552 4
5553 0
5554 0
5555 48
5556 -150
5557 16
5558 22
5559 72
5560 -72
5561 84
5562 -72
5563 -2
5564 -192
5565 204
5566 38
5567 -16
5568 0
5569 0
5570 -84
5571 200
5572 -16
5573 16
5574 126
5575 0
5576 176
5577 -32
5578 72
5579 -24
5580 26
5581 -57
5582 0
5583 -24
5584 20
5585 -44
5586 6
5587 -14
5588 -118
5589 0
5590 24
5591 -40
5592 84
5593 -72
5594 -96
5595 24
5596 0
5597 48
5598 -194
5599 70
5600 256
5601 -24
5602 -8
5603 0
5604 144
5605 -108
5606 70
5607 -72
5608 -100
5609 -64
5610 -154
5611 -24
5612 14
5613 32
5614 -72
5615 -120
5616 0
5617 0
5618 -20
5619 -80
5620 34
5621 -148
5622 24
5623 -96
5624 0
5625 36
5626 -40
5627 -24
5628 58
5629 12
5630 150
5631 0
5632 48
5633 -56
5634 0
5635 26
5636 -166
5637 -24
5638 0
5639 -96
5640 -12
5641 -110
5642 24
5643 -160
5644 16
5645 0
5646 96
5647 40
5648 64
5649 36
5650 56
5651 -48
5652 0
5653 58
5654 -32
5655 88
5656 -12
5657 160
5658 -122
5659 0
5660 58
5661 -36
5662 -16
5663 0
5664 130
5665 60
5666 0
5667 168
5668 36
5669 96
5670 -160
5671 -64
5672 4
5673 0
5674 -4
5675 -120
5676 186
5677 -76
5678 156
5679 -72
5680 0
5681 -40
5682 -132
5683 -10
5684 154
5685 -24
5686 16
5687 0
5688 -64
5689 -14
5690 -96
5691 -64
5692 64
5693 -8
5694 0
5695 94
5696 114
5697 -16
5698 24
5699 -168
5700 36
5701 0
5702 44
5703 16
5704 -36
5705 196
5706 -324
5707 44
5708 -70
5709 -152
5710 0
5711 192
5712 22
5713 36
5714 -160
5715 0
5716 -96
5717 144
5718 30
5719 48
5720 68
5721 -108
5722 0
5723 -72
5724 37
5725 -48
5726 -100
5727 -96
5728 16
5729 0
5730 -20
5731 22
5732 -44
5733 -52
5734 -56
5735 160
5736 0
5737 -2
5738 -96
5739 -8
5740 24
5741 -132
5742 108
5743 0
5744 114
5745 -28
5746 6
5747 -40
5748 42
5749 -70
5750 0
5751 -104
5752 -16
5753 144
5754 -4
5755 -56
5756 84
5757 0
5758 -120
5759 112
5760 -156
5761 -192
5762 26
5763 -32
5764 0
5765 16
5766 160
5767 -4
5768 48
5769 -104
5770 16
5771 0
5772 -156
5773 -12
5774 -122
5775 -40
5776 -36
5777 -96
5778 0
5779 94
5780 -112
5781 80
5782 -4
5783 40
5784 -192
5785 0
5786 96
5787 8
5788 -24
5789 156
5790 -36
5791 8
5792 0
5793 -12
5794 -24
5795 24
5796 74
5797 36
5798 -154
5799 0
5800 -22
5801 -168
5802 160
5803 -20
5804 0
5805 -8
5806 -56
5807 288
5808 98
5809 -4
5810 -162
5811 72
5812 -96
5813 0
5814 -180
5815 102
5816 -14
5817 -48
5818 -32
5819 -288
5820 0
5821 -6
5822 24
5823 152
5824 -8
5825 0
5826 32
5827 0
5828 42
5829 -24
5830 -72
5831 -24
5832 52
5833 114
5834 0
5835 -120
5836 18
5837 -36
5838 -82
5839 44
5840 -142
5841 0
5842 48
5843 96
5844 -86
5845 -14
5846 64
5847 -40
5848 0
5849 84
5850 38
5851 0
5852 84
5853 48
5854 -18
5855 -112
5856 8
5857 -64
5858 174
5859 -32
5860 68
5861 168
5862 0
5863 32
5864 36
5865 -92
5866 -120
5867 104
5868 10
5869 0
5870 64
5871 -88
5872 -12
5873 8
5874 160
5875 -106
5876 0
5877 0
5878 24
5879 -56
5880 176
5881 28
5882 24
5883 0
5884 -44
5885 112
5886 -4
5887 2
5888 98
5889 116
5890 0
5891 120
5892 68
5893 74
5894 198
5895 8
5896 60
5897 0
5898 0
5899 32
5900 -134
5901 -144
5902 56
5903 112
5904 -126
5905 -64
5906 30
5907 -48
5908 36
5909 -16
5910 14
5911 0
5912 -16
5913 100
5914 64
5915 -184
5916 58
5917 -16
5918 0
5919 152
5920 -52
5921 32
5922 256
5923 -96
5924 78
5925 0
5926 0
5927 -168
5928 192
5929 -16
5930 -36
5931 -16
5932 0
5933 92
5934 32
5935 -8
5936 0
5937 -76
5938 72
5939 0
5940 -105
5941 20
5942 44
5943 152
5944 -22
5945 0
5946 0
5947 -8
5948 -86
5949 -120
5950 -88
5951 -64
5952 -44
5953 -7
5954 -130
5955 104
5956 12
5957 -48
5958 12
5959 -36
5960 0
5961 -60
5962 2
5963 -40
5964 128
5965 -12
5966 86
5967 0
5968 48
5969 164
5970 -58
5971 40
5972 20
5973 32
5974 0
5975 48
5976 -14
5977 -44
5978 32
5979 32
5980 -20
5981 0
5982 -52
5983 30
5984 34
5985 -92
5986 24
5987 -16
5988 0
5989 24
5990 182
5991 208
5992 0
5993 -156
5994 -64
5995 0
5996 -48
5997 128
5998 32
5999 72
6000 -208
6001 2
6002 -98
6003 -16
6004 100
6005 12
6006 108
6007 12
6008 36
6009 0
6010 40
6011 -216
6012 12
6013 80
6014 -32
6015 24
6016 0
6017 -48
6018 -138
6019 54
6020 42
6021 -52
6022 80
6023 0
6024 -46
6025 32
6026 -20
6027 -152
6028 -44
6029 16
6030 0
6031 -26
6032 -64
6033 216
6034 14
6035 56
6036 -86
6037 0
6038 -100
6039 0
6040 -52
6041 -104
6042 -68
6043 16
6044 0
6045 216
6046 72
6047 -48
6048 -62
6049 -12
6050 -210
6051 56
6052 20
6053 156
6054 -34
6055 -32
6056 -62
6057 -48
6058 0
6059 -24
6060 -128
6061 -14
6062 24
6063 24
6064 -48
6065 0
6066 192
6067 -52
6068 -44
6069 32
6070 -32
6071 -32
6072 0
6073 -46
6074 142
6075 -72
6076 100
6077 -32
6078 -114
6079 0
6080 34
6081 -60
6082 8
6083 144
6084 -112
6085 90
6086 0
6087 -32
6088 24
6089 -56
6090 -84
6091 -32
6092 -76
6093 0
6094 32
6095 -240
6096 36
6097 16
6098 30
6099 72
6100 -28
6101 -36
6102 -84
6103 12
6104 -60
6105 -108
6106 -32
6107 0
6108 -48
6109 26
6110 -90
6111 64
6112 12
6113 -188
6114 0
6115 16
6116 -12
6117 96
6118 80
6119 -96
6120 -46
6121 0
6122 128
6123 -120
6124 -62
6125 -116
6126 -98
6127 32
6128 0
6129 96
6130 -8
6131 8
6132 64
6133 0
6134 54
6135 0
6136 60
6137 -12
6138 118
6139 -50
6140 -118
6141 -48
6142 0
6143 200
6144 130
6145 36
6146 -32
6147 40
6148 4
6149 140
6150 190
6151 24
6152 -192
6153 -112
6154 40
6155 24
6156 0
6157 -60
6158 -36
6159 16
6160 -1
6161 -12
6162 -12
6163 0
6164 -214
6165 64
6166 8
6167 -136
6168 -90
6169 -22
6170 0
6171 -96
6172 -32
6173 -132
6174 -20
6175 -96
6176 -144
6177 0
6178 54
6179 -96
6180 0
6181 -12
6182 -84
6183 56
6184 0
6185 -72
6186 150
6187 -48
6188 90
6189 108
6190 0
6191 0
6192 84
6193 34
6194 108
6195 0
6196 2
6197 -48
6198 224
6199 -66
6200 98
6201 -16
6202 -56
6203 24
6204 -6
6205 0
6206 102
6207 0
6208 -116
6209 -40
6210 -42
6211 108
6212 0
6213 52
6214 -10
6215 240
6216 50
6217 100
6218 158
6219 0
6220 48
6221 -144
6222 -32
6223 -26
6224 -80
6225 -76
6226 0
6227 0
6228 170
6229 -70
6230 28
6231 -80
6232 52
6233 0
6234 108
6235 54
6236 186
6237 12
6238 -104
6239 112
6240 0
6241 40
6242 -96
6243 -32
6244 48
6245 -116
6246 -66
6247 28
6248 -14
6249 -192
6250 -8
6251 -72
6252 -24
6253 80
6254 0
6255 -40
6256 -8
6257 -64
6258 118
6259 -24
6260 -48
6261 0
6262 24
6263 128
6264 -32
6265 18
6266 64
6267 32
6268 0
6269 12
6270 -50
6271 108
6272 8
6273 -28
6274 0
6275 0
6276 -118
6277 16
6278 -84
6279 -40
6280 -16
6281 8
6282 0
6283 32
6284 90
6285 -32
6286 -32
6287 24
6288 -94
6289 0
6290 -352
6291 -96
6292 -48
6293 72
6294 -18
6295 0
6296 -14
6297 176
6298 -16
6299 72
6300 90
6301 42
6302 76
6303 0
6304 36
6305 164
6306 -26
6307 -14
6308 192
6309 140
6310 0
6311 72
6312 -216
6313 -16
6314 60
6315 16
6316 -28
6317 0
6318 94
6319 0
6320 98
6321 0
6322 -52
6323 168
6324 0
6325 -6
6326 -218
6327 -104
6328 -36
6329 -124
6330 0
6331 0
6332 -56
6333 -32
6334 96
6335 192
6336 192
6337 9
6338 0
6339 48
6340 18
6341 248
6342 -32
6343 -114
6344 -30
6345 0
6346 -112
6347 72
6348 26
6349 8
6350 60
6351 -104
6352 0
6353 8
6354 96
6355 32
6356 106
6357 160
6358 -2
6359 0
6360 18
6361 34
6362 -6
6363 -48
6364 52
6365 0
6366 0
6367 -56
6368 0
6369 -92
6370 48
6371 104
6372 4
6373 0
6374 32
6375 -144
6376 4
6377 32
6378 38
6379 -10
6380 0
6381 156
6382 -96
6383 -48
6384 211
6385 16
6386 -36
6387 0
6388 52
6389 -48
6390 -114
6391 102
6392 164
6393 136
6394 -42
6395 -24
6396 -48
6397 20
6398 0
6399 168
6400 -40
6401 0
6402 -72
6403 -8
6404 -102
6405 -208
6406 48
6407 80
6408 0
6409 -14
6410 190
6411 -32
6412 -4
6413 -144
6414 -210
6415 0
6416 36
6417 -64
6418 8
6419 72
6420 106
6421 -60
6422 0
6423 -120
6424 -36
6425 -48
6426 -90
6427 -84
6428 64
6429 0
6430 -10
6431 -8
6432 64
6433 -30
6434 76
6435 -40
6436 0
6437 -192
6438 -96
6439 -2
6440 -80
6441 80
6442 -24
6443 -56
6444 -102
6445 -54
6446 -122
6447 120
6448 -6
6449 68
6450 0
6451 -64
6452 72
6453 108
6454 40
6455 -80
6456 180
6457 0
6458 46
6459 -32
6460 -40
6461 156
6462 0
6463 -96
6464 0
6465 8
6466 16
6467 -64
6468 -44
6469 -48
6470 6
6471 0
6472 -64
6473 60
6474 -224
6475 -48
6476 106
6477 -192
6478 0
6479 -144
6480 52
6481 84
6482 -68
6483 -144
6484 -16
6485 0
6486 78
6487 -6
6488 -16
6489 100
6490 -80
6491 -24
6492 -28
6493 -12
6494 96
6495 -88
6496 16
6497 -288
6498 -36
6499 0
6500 90
6501 -180
6502 26
6503 48
6504 -46
6505 -30
6506 0
6507 48
6508 -12
6509 0
6510 -84
6511 -48
6512 -26
6513 0
6514 72
6515 -8
6516 -22
6517 64
6518 -10
6519 16
6520 0
6521 20
6522 -132
6523 -90
6524 26
6525 80
6526 88
6527 0
6528 -144
6529 -52
6530 12
6531 -48
6532 16
6533 -120
6534 0
6535 -90
6536 4
6537 4
6538 -66
6539 144
6540 -128
6541 42
6542 -52
6543 80
6544 12
6545 16
6546 -154
6547 -4
6548 0
6549 -4
6550 -56
6551 144
6552 84
6553 4
6554 190
6555 0
6556 0
6557 -16
6558 92
6559 62
6560 2
6561 88
6562 0
6563 8
6564 16
6565 -28
6566 -288
6567 96
6568 96
6569 0
6570 -36
6571 -36
6572 128
6573 -52
6574 32
6575 0
6576 0
6577 36
6578 -32
6579 96
6580 -72
6581 -84
6582 140
6583 0
6584 100
6585 116
6586 -24
6587 16
6588 58
6589 0
6590 70
6591 -24
6592 36
6593 68
6594 -10
6595 -90
6596 -192
6597 0
6598 -8
6599 -72
6600 48
6601 -12
6602 -96
6603 0
6604 0
6605 56
6606 60
6607 -100
6608 -62
6609 196
6610 -36
6611 0
6612 -41
6613 90
6614 150
6615 -72
6616 120
6617 96
6618 0
6619 40
6620 -118
6621 -48
6622 -8
6623 72
6624 -158
6625 0
6626 -132
6627 144
6628 12
6629 -36
6630 -84
6631 94
6632 0
6633 68
6634 -16
6635 16
6636 -60
6637 4
6638 64
6639 56
6640 40
6641 144
6642 60
6643 64
6644 -12
6645 -148
6646 0
6647 -40
6648 -78
6649 -64
6650 0
6651 40
6652 16
6653 0
6654 94
6655 12
6656 -174
6657 48
6658 16
6659 24
6660 0
6661 90
6662 -12
6663 -216
6664 10
6665 4
6666 -64
6667 0
6668 186
6669 -196
6670 -56
6671 -184
6672 8
6673 60
6674 0
6675 -72
6676 -124
6677 48
6678 -18
6679 -20
6680 256
6681 0
6682 8
6683 216
6684 -156
6685 42
6686 -96
6687 144
6688 0
6689 -56
6690 102
6691 64
6692 116
6693 -8
6694 96
6695 0
6696 48
6697 0
6698 -2
6699 208
6700 50
6701 -80
6702 0
6703 12
6704 64
6705 -188
6706 16
6707 8
6708 42
6709 0
6710 38
6711 112
6712 12
6713 -48
6714 -20
6715 30
6716 0
6717 -96
6718 -50
6719 -96
6720 194
6721 66
6722 124
6723 0
6724 -92
6725 -100
6726 96
6727 32
6728 -30
6729 24
6730 0
6731 -24
6732 196
6733 -51
6734 -90
6735 -40
6736 -12
6737 -28
6738 -10
6739 54
6740 8
6741 24
6742 96
6743 48
6744 0
6745 -20
6746 -64
6747 -24
6748 24
6749 92
6750 352
6751 0
6752 -120
6753 -80
6754 32
6755 -88
6756 202
6757 8
6758 0
6759 -152
6760 108
6761 4
6762 18
6763 -24
6764 -48
6765 0
6766 -24
6767 120
6768 66
6769 -30
6770 32
6771 216
6772 0
6773 -256
6774 44
6775 30
6776 -222
6777 144
6778 -16
6779 0
6780 0
6781 24
6782 -116
6783 -216
6784 44
6785 120
6786 182
6787 -6
6788 -166
6789 48
6790 -24
6791 0
6792 -64
6793 0
6794 96
6795 128
6796 -144
6797 48
6798 -178
6799 -40
6800 0
6801 -16
6802 8
6803 -152
6804 0
6805 -60
6806 -138
6807 0
6808 -12
6809 84
6810 -4
6811 64
6812 -24
6813 92
6814 0
6815 -24
6816 194
6817 36
6818 -52
6819 -112
6820 -92
6821 0
6822 12
6823 70
6824 -94
6825 -80
6826 -36
6827 -56
6828 0
6829 -12
6830 128
6831 -56
6832 32
6833 48
6834 38
6835 56
6836 90
6837 44
6838 0
6839 -192
6840 -46
6841 18
6842 0
6843 -32
6844 -9
6845 108
6846 -82
6847 32
6848 -78
6849 0
6850 112
6851 -16
6852 -92
6853 36
6854 22
6855 -152
6856 0
6857 80
6858 96
6859 -20
6860 10
6861 220
6862 2
6863 0
6864 -190
6865 -128
6866 160
6867 48
6868 72
6869 -136
6870 0
6871 6
6872 -124
6873 -40
6874 -88
6875 152
6876 52
6877 0
6878 6
6879 -56
6880 -48
6881 -44
6882 -36
6883 -4
6884 -182
6885 0
6886 40
6887 -24
6888 -192
6889 28
6890 174
6891 0
6892 32
6893 -8
6894 174
6895 118
6896 -60
6897 -96
6898 0
6899 24
6900 -60
6901 -48
6902 -160
6903 88
6904 60
6905 0
6906 -192
6907 24
6908 -108
6909 32
6910 -16
6911 -304
6912 0
6913 48
6914 -50
6915 -16
6916 -12
6917 80
6918 108
6919 0
6920 -142
6921 -16
6922 -32
6923 24
6924 -240
6925 4
6926 0
6927 48
6928 -112
6929 -44
6930 -96
6931 46
6932 0
6933 -196
6934 32
6935 16
6936 -78
6937 72
6938 46
6939 112
6940 0
6941 -4
6942 44
6943 -64
6944 -32
6945 96
6946 40
6947 0
6948 -28
6949 -108
6950 86
6951 72
6952 32
6953 -156
6954 0
6955 38
6956 90
6957 -80
6958 56
6959 112
6960 98
6961 0
6962 26
6963 56
6964 -44
6965 156
6966 -98
6967 -100
6968 0
6969 -16
6970 46
6971 0
6972 -92
6973 -38
6974 -72
6975 0
6976 28
6977 128
6978 60
6979 0
6980 320
6981 -4
6982 56
6983 -96
6984 -44
6985 50
6986 12
6987 -8
6988 18
6989 0
6990 -192
6991 -32
6992 4
6993 144
6994 64
6995 32
6996 0
6997 -48
6998 -122
6999 -120
7000 -48
7001 -64
7002 -132
7003 0
7004 -150
7005 -52
7006 6
7007 -200
7008 48
7009 -78
7010 0
7011 -120
7012 8
7013 -36
7014 206
7015 40
7016 34
7017 0
7018 -104
7019 -216
7020 16
7021 -128
7022 98
7023 -24
7024 0
7025 -204
7026 0
7027 -84
7028 154
7029 56
7030 8
7031 0
7032 -24
7033 26
7034 224
7035 -16
7036 -12
7037 28
7038 0
7039 6
7040 18
7041 4
7042 12
7043 168
7044 20
7045 0
7046 -100
7047 24
7048 48
7049 304
7050 -64
7051 56
7052 0
7053 140
7054 64
7055 96
7056 48
7057 -12
7058 32
7059 0
7060 -4
7061 192
7062 216
7063 -52
7064 128
7065 16
7066 0
7067 16
7068 80
7069 -60
7070 -96
7071 -72
7072 96
7073 0
7074 -74
7075 12
7076 58
7077 -112
7078 -10
7079 -144
7080 91
7081 -78
7082 92
7083 176
7084 -44
7085 0
7086 206
7087 0
7088 82
7089 88
7090 -72
7091 -104
7092 -92
7093 -102
7094 0
7095 336
7096 16
7097 96
7098 -42
7099 38
7100 16
7101 0
7102 24
7103 96
7104 -108
7105 -52
7106 -20
7107 -152
7108 0
7109 -72
7110 -146
7111 128
7112 -10
7113 -72
7114 -16
7115 0
7116 80
7117 40
7118 352
7119 72
7120 0
7121 100
7122 0
7123 16
7124 170
7125 -36
7126 -64
7127 152
7128 20
7129 -14
7130 108
7131 48
7132 -12
7133 -72
7134 -96
7135 -32
7136 0
7137 36
7138 -128
7139 -8
7140 74
7141 41
7142 -84
7143 0
7144 56
7145 208
7146 -154
7147 108
7148 14
7149 48
7150 0
7151 -224
7152 -44
7153 -80
7154 -180
7155 72
7156 -16
7157 0
7158 -192
7159 -24
7160 114
7161 -92
7162 0
7163 104
7164 0
7165 52
7166 -128
7167 0
7168 -4
7169 96
7170 134
7171 0
7172 -128
7173 -148
7174 -88
7175 144
7176 64
7177 48
7178 126
7179 24
7180 -12
7181 16
7182 36
7183 -74
7184 -126
7185 0
7186 78
7187 -152
7188 -112
7189 10
7190 -180
7191 152
7192 0
7193 20
7194 70
7195 12
7196 -12
7197 0
7198 -96
7199 0
7200 2
7201 66
7202 32
7203 0
7204 -30
7205 140
7206 0
7207 -66
7208 36
7209 -236
7210 -128
7211 152
7212 -2
7213 0
7214 0
7215 24
7216 56
7217 64
7218 86
7219 -50
7220 0
7221 -144
7222 -24
7223 16
7224 -14
7225 -78
7226 28
7227 -56
7228 -16
7229 -88
7230 -18
7231 -8
7232 64
7233 96
7234 0
7235 -72
7236 -12
7237 -2
7238 -288
7239 152
7240 10
7241 0
7242 60
7243 0
7244 170
7245 -72
7246 72
7247 32
7248 0
7249 -12
7250 -20
7251 -176
7252 -32
7253 72
7254 32
7255 0
7256 -128
7257 -80
7258 54
7259 104
7260 100
7261 0
7262 0
7263 -160
7264 -144
7265 88
7266 -58
7267 -16
7268 42
7269 0
7270 24
7271 -96
7272 20
7273 20
7274 46
7275 48
7276 28
7277 -96
7278 -98
7279 160
7280 -78
7281 -140
7282 72
7283 0
7284 84
7285 -12
7286 32
7287 -8
7288 -72
7289 -32
7290 0
7291 78
7292 116
7293 -144
7294 38
7295 80
7296 194
7297 0
7298 -160
7299 -72
7300 16
7301 24
7302 -128
7303 -18
7304 0
7305 8
7306 -40
7307 -96
7308 0
7309 80
7310 6
7311 0
7312 -24
7313 148
7314 -154
7315 -42
7316 138
7317 -32
7318 0
7319 -144
7320 -151
7321 -4
7322 216
7323 32
7324 8
7325 112
7326 110
7327 60
7328 -142
7329 -72
7330 6
7331 -128
7332 0
7333 74
7334 102
7335 64
7336 40
7337 -44
7338 -20
7339 0
7340 52
7341 76
7342 -48
7343 -72
7344 84
7345 -16
7346 0
7347 -152
7348 -64
7349 140
7350 -36
7351 -54
7352 -24
7353 0
7354 -96
7355 0
7356 122
7357 4
7358 -26
7359 -144
7360 0
7361 -220
7362 32
7363 -98
7364 -128
7365 172
7366 78
7367 0
7368 146
7369 -60
7370 -98
7371 -112
7372 -48
7373 12
7374 0
7375 -56
7376 -30
7377 -48
7378 56
7379 -200
7380 36
7381 0
7382 -20
7383 -152
7384 -44
7385 -156
7386 -64
7387 18
7388 0
7389 -148
7390 40
7391 -32
7392 20
7393 16
7394 -96
7395 0
7396 100
7397 -80
7398 -82
7399 86
7400 18
7401 72
7402 0
7403 -16
7404 80
7405 10
7406 -122
7407 56
7408 56
7409 0
7410 22
7411 -2
7412 14
7413 140
7414 32
7415 128
7416 0
7417 64
7418 -180
7419 128
7420 4
7421 -212
7422 12
7423 126
7424 -128
7425 116
7426 -128
7427 -24
7428 -48
7429 -16
7430 0
7431 144
7432 80
7433 -92
7434 -90
7435 -82
7436 144
7437 0
7438 24
7439 112
7440 -64
7441 -30
7442 88
7443 64
7444 0
7445 28
7446 -52
7447 40
7448 114
7449 0
7450 -72
7451 0
7452 -64
7453 -86
7454 -36
7455 96
7456 58
7457 16
7458 0
7459 -74
7460 -48
7461 76
7462 16
7463 128
7464 82
7465 0
7466 12
7467 192
7468 0
7469 204
7470 32
7471 -36
7472 -28
7473 -92
7474 -64
7475 8
7476 -112
7477 52
7478 -42
7479 0
7480 -84
7481 0
7482 120
7483 8
7484 -102
7485 248
7486 0
7487 24
7488 100
7489 2
7490 -160
7491 16
7492 -12
7493 0
7494 124
7495 32
7496 0
7497 176
7498 96
7499 -56
7500 0
7501 -60
7502 76
7503 -120
7504 124
7505 8
7506 22
7507 0
7508 -54
7509 48
7510 22
7511 24
7512 38
7513 66
7514 0
7515 48
7516 116
7517 32
7518 -96
7519 -26
7520 54
7521 84
7522 16
7523 -48
7524 -252
7525 36
7526 6
7527 120
7528 0
7529 4
7530 118
7531 -42
7532 -64
7533 16
7534 24
7535 0
7536 34
7537 -4
7538 -18
7539 -16
7540 88
7541 -52
7542 0
7543 0
7544 0
7545 4
7546 8
7547 -56
7548 -256
7549 0
7550 134
7551 -216
7552 16
7553 -188
7554 156
7555 80
7556 0
7557 128
7558 48
7559 -24
7560 82
7561 -7
7562 60
7563 0
7564 -5
7565 12
7566 -36
7567 92
7568 210
7569 -44
7570 112
7571 88
7572 40
7573 -8
7574 102
7575 -24
7576 44
7577 0
7578 -96
7579 96
7580 138
7581 -8
7582 -36
7583 -24
7584 0
7585 4
7586 46
7587 -40
7588 20
7589 -8
7590 0
7591 0
7592 -124
7593 212
7594 -8
7595 40
7596 -230
7597 100
7598 0
7599 200
7600 -28
7601 -80
7602 28
7603 -36
7604 -48
7605 0
7606 104
7607 48
7608 -78
7609 -24
7610 -96
7611 -40
7612 0
7613 28
7614 -4
7615 -74
7616 178
7617 -208
7618 -66
7619 -168
7620 138
7621 -6
7622 44
7623 16
7624 -32
7625 -288
7626 0
7627 -36
7628 -160
7629 -100
7630 0
7631 16
7632 -64
7633 0
7634 -18
7635 -48
7636 -14
7637 0
7638 158
7639 32
7640 0
7641 -96
7642 72
7643 8
7644 122
7645 4
7646 60
7647 0
7648 -36
7649 -12
7650 96
7651 -34
7652 20
7653 172
7654 0
7655 40
7656 146
7657 -60
7658 26
7659 -160
7660 -76
7661 0
7662 -38
7663 -8
7664 -174
7665 20
7666 -40
7667 40
7668 42
7669 -6
7670 246
7671 88
7672 -64
7673 -224
7674 70
7675 0
7676 -44
7677 -48
7678 8
7679 112
7680 -190
7681 10
7682 0
7683 40
7684 0
7685 104
7686 -34
7687 -72
7688 -222
7689 0
7690 38
7691 168
7692 -24
7693 64
7694 0
7695 -200
7696 0
7697 -160
7698 -36
7699 -24
7700 -38
7701 200
7702 32
7703 0
7704 -16
7705 -144
7706 -50
7707 72
7708 -36
7709 -8
7710 0
7711 -4
7712 -42
7713 -92
7714 72
7715 -72
7716 64
7717 0
7718 -96
7719 -136
7720 44
7721 36
7722 -100
7723 -32
7724 0
7725 -212
7726 -36
7727 208
7728 72
7729 114
7730 30
7731 0
7732 -80
7733 60
7734 96
7735 0
7736 -126
7737 -44
7738 0
7739 272
7740 -108
7741 -28
7742 96
7743 -32
7744 26
7745 0
7746 38
7747 -20
7748 -38
7749 -72
7750 -104
7751 -72
7752 0
7753 76
7754 44
7755 -144
7756 -12
7757 -144
7758 -32
7759 0
7760 -32
7761 12
7762 -8
7763 -184
7764 36
7765 192
7766 -42
7767 64
7768 -100
7769 120
7770 -106
7771 8
7772 -140
7773 0
7774 -80
7775 0
7776 -256
7777 8
7778 0
7779 -128
7780 0
7781 -144
7782 224
7783 -82
7784 -46
7785 -16
7786 -72
7787 0
7788 -60
7789 2
7790 -218
7791 24
7792 -80
7793 -16
7794 0
7795 14
7796 192
7797 0
7798 62
7799 120
7800 -174
7801 0
7802 28
7803 112
7804 -20
7805 40
7806 28
7807 -24
7808 0
7809 84
7810 -48
7811 -32
7812 139
7813 -38
7814 54
7815 168
7816 2
7817 -16
7818 64
7819 60
7820 -22
7821 204
7822 0
7823 64
7824 130
7825 0
7826 32
7827 -288
7828 -24
7829 0
7830 -146
7831 -96
7832 72
7833 -124
7834 -50
7835 168
7836 0
7837 16
7838 -4
7839 24
7840 28
7841 164
7842 60
7843 0
7844 -108
7845 32
7846 -32
7847 80
7848 240
7849 -14
7850 0
7851 0
7852 -60
7853 216
7854 -32
7855 30
7856 112
7857 0
7858 72
7859 40
7860 -128
7861 52
7862 -12
7863 -40
7864 -84
7865 -44
7866 -106
7867 -52
7868 106
7869 -20
7870 8
7871 0
7872 0
7873 36
7874 46
7875 -200
7876 24
7877 96
7878 0
7879 -32
7880 114
7881 24
7882 -56
7883 168
7884 -92
7885 0
7886 102
7887 16
7888 -38
7889 -48
7890 -32
7891 -42
7892 0
7893 -132
7894 -104
7895 -96
7896 100
7897 4
7898 158
7899 0
7900 176
7901 -180
7902 24
7903 -64
7904 66
7905 -24
7906 0
7907 -56
7908 -22
7909 10
7910 -4
7911 -8
7912 -20
7913 -56
7914 192
7915 -40
7916 -64
7917 32
7918 -16
7919 0
7920 0
7921 98
7922 -68
7923 32
7924 44
7925 20
7926 0
7927 0
7928 36
7929 -236
7930 48
7931 -264
7932 192
7933 24
7934 0
7935 40
7936 48
7937 96
7938 -26
7939 32
7940 -54
7941 0
7942 -4
7943 128
7944 82
7945 -78
7946 32
7947 -104
7948 0
7949 48
7950 -98
7951 -32
7952 132
7953 20
7954 104
7955 0
7956 -54
7957 -60
7958 192
7959 -88
7960 -12
7961 244
7962 -14
7963 -90
7964 84
7965 72
7966 0
7967 -104
7968 -190
7969 0
7970 96
7971 168
7972 32
7973 -192
7974 12
7975 12
7976 0
7977 112
7978 -18
7979 184
7980 208
7981 -12
7982 -256
7983 0
7984 -84
7985 -140
7986 -42
7987 8
7988 -76
7989 28
7990 0
7991 264
7992 -192
7993 27
7994 32
7995 -80
7996 -14
7997 0
7998 12
7999 14
8000 210
8001 16
8002 16
8003 120
8004 0
8005 -14
8006 64
8007 56
8008 104
8009 8
8010 -84
8011 14
8012 14
8013 0
8014 12
8015 -96
8016 -190
8017 -28
8018 0
8019 40
8020 52
8021 -16
8022 12
8023 64
8024 112
8025 0
8026 -24
8027 72
8028 154
8029 36
8030 150
8031 152
8032 0
8033 228
8034 22
8035 -128
8036 -102
8037 12
8038 80
8039 0
8040 -76
8041 12
8042 -164
8043 32
8044 -48
8045 12
8046 0
8047 -72
8048 82
8049 -24
8050 62
8051 8
8052 36
8053 0
8054 -36
8055 168
8056 -24
8057 -144
8058 96
8059 -16
8060 0
8061 48
8062 -48
8063 -48
8064 -63
8065 112
8066 -40
8067 0
8068 48
8069 -100
8070 -50
8071 -34
8072 -28
8073 72
8074 0
8075 -208
8076 -156
8077 -48
8078 192
8079 144
8080 -84
8081 0
8082 -8
8083 12
8084 192
8085 32
8086 -24
8087 8
8088 0
8089 114
8090 -160
8091 64
8092 16
8093 -84
8094 -18
8095 0
8096 -94
8097 96
8098 -56
8099 -48
8100 -108
8101 -48
8102 0
8103 -40
8104 10
8105 48
8106 32
8107 0
8108 202
8109 140
8110 -8
8111 -32
8112 -16
8113 -38
8114 -226
8115 -160
8116 0
8117 0
8118 -68
8119 118
8120 -28
8121 0
8122 6
8123 0
8124 122
8125 -102
8126 -74
8127 120
8128 76
8129 -176
8130 0
8131 -24
8132 -76
8133 124
8134 -48
8135 24
8136 82
8137 0
8138 -84
8139 80
8140 4
8141 168
8142 -180
8143 12
8144 0
8145 -40
8146 0
8147 40
8148 80
8149 -76
8150 -202
8151 0
8152 16
8153 -80
8154 0
8155 -82
8156 -240
8157 -80
8158 -42
8159 -48
8160 48
8161 -110
8162 -6
8163 -168
8164 20
8165 0
8166 -178
8167 -10
8168 66
8169 132
8170 24
8171 104
8172 0
8173 74
8174 -42
8175 -72
8176 64
8177 -64
8178 -256
8179 0
8180 -246
8181 -180
8182 -104
8183 -120
8184 50
8185 24
8186 0
8187 48
8188 32
8189 -200
8190 126
8191 -32
8192 -216
8193 0
8194 40
8195 -120
8196 -18
8197 -108
8198 128
8199 -328
8200 0
8201 0
8202 -8
8203 80
8204 20
8205 28
8206 80
8207 56
8208 98
8209 20
8210 110
8211 200
8212 -10
8213 -228
8214 0
8215 126
8216 178
8217 -48
8218 64
8219 32
8220 180
8221 0
8222 -128
8223 -200
8224 76
8225 -124
8226 6
8227 108
8228 0
8229 -32
8230 32
8231 216
8232 72
8233 48
8234 0
8235 0
8236 -52
8237 12
8238 -194
8239 -16
8240 146
8241 -48
8242 0
8243 88
8244 80
8245 128
8246 -58
8247 -200
8248 0
8249 0
8250 60
8251 6
8252 -140
8253 -72
8254 -104
8255 -128
8256 -126
8257 -16
8258 -64
8259 16
8260 20
8261 -96
8262 10
8263 0
8264 66
8265 16
8266 96
8267 8
8268 256
8269 84
8270 0
8271 -80
8272 96
8273 132
8274 -32
8275 38
8276 234
8277 0
8278 -16
8279 -216
8280 82
8281 -46
8282 28
8283 224
8284 0
8285 -120
8286 -50
8287 4
8288 -30
8289 -104
8290 16
8291 0
8292 192
8293 8
8294 12
8295 0
8296 -148
8297 128
8298 0
8299 96
8300 -12
8301 92
8302 12
8303 0
8304 -60
8305 -126
8306 -84
8307 8
8308 0
8309 204
8310 160
8311 8
8312 0
8313 112
8314 144
8315 -168
8316 -6
8317 36
8318 32
8319 0
8320 -27
8321 48
8322 -100
8323 96
8324 -54
8325 -116
8326 0
8327 -8
8328 -78
8329 42
8330 -50
8331 -72
8332 -144
8333 0
8334 160
8335 38
8336 226
8337 -48
8338 -4
8339 24
8340 0
8341 16
8342 0
8343 144
8344 -84
8345 -172
8346 118
8347 0
8348 -112
8349 -116
8350 -72
8351 -112
8352 8
8353 -62
8354 -224
8355 48
8356 44
8357 208
8358 220
8359 -114
8360 -384
8361 0
8362 -8
8363 8
8364 26
8365 36
8366 12
8367 -40
8368 0
8369 200
8370 -74
8371 110
8372 72
8373 -116
8374 -58
8375 0
8376 -144
8377 100
8378 44
8379 144
8380 96
8381 44
8382 0
8383 8
8384 36
8385 144
8386 40
8387 -8
8388 16
8389 0
8390 12
8391 8
8392 20
8393 180
8394 192
8395 12
8396 0
8397 160
8398 -24
8399 -24
8400 -12
8401 28
8402 60
8403 0
8404 64
8405 140
8406 -64
8407 32
8408 -80
8409 60
8410 0
8411 24
8412 -34
8413 -64
8414 -42
8415 40
8416 -48
8417 0
8418 252
8419 -16
8420 -112
8421 -212
8422 -72
8423 -80
8424 0
8425 36
8426 -32
8427 -24
8428 50
8429 112
8430 -36
8431 0
8432 132
8433 432
8434 -112
8435 -72
8436 0
8437 -19
8438 0
8439 -184
8440 -40
8441 36
8442 -96
8443 28
8444 -86
8445 0
8446 -18
8447 -32
8448 52
8449 -16
8450 -18
8451 208
8452 112
8453 48
8454 -132
8455 16
8456 36
8457 64
8458 72
8459 0
8460 -102
8461 -22
8462 2
8463 -56
8464 -16
8465 -252
8466 0
8467 -20
8468 -6
8469 -64
8470 56
8471 176
8472 -44
8473 0
8474 -52
8475 -128
8476 -76
8477 -80
8478 352
8479 -10
8480 0
8481 -44
8482 24
8483 0
8484 -128
8485 -54
8486 256
8487 0
8488 28
8489 228
8490 230
8491 12
8492 64
8493 -52
8494 0
8495 -56
8496 -158
8497 -128
8498 32
8499 0
8500 2
8501 -84
8502 96
8503 30
8504 100
8505 -236
8506 -24
8507 48
8508 0
8509 16
8510 6
8511 264
8512 12
8513 52
8514 6
8515 0
8516 -54
8517 -128
8518 -16
8519 -184
8520 -14
8521 -64
8522 0
8523 192
8524 84
8525 52
8526 -146
8527 40
8528 -156
8529 0
8530 0
8531 288
8532 -28
8533 -6
8534 162
8535 -56
8536 0
8537 4
8538 -42
8539 -10
8540 -192
8541 -72
8542 -16
8543 0
8544 64
8545 20
8546 222
8547 32
8548 -72
8549 12
8550 -210
8551 -10
8552 192
8553 20
8554 -26
8555 -144
8556 4
8557 0
8558 198
8559 -16
8560 0
8561 -12
8562 -72
8563 -24
8564 0
8565 -48
8566 -32
8567 -224
8568 -78
8569 -108
8570 -52
8571 0
8572 -16
8573 16
8574 -160
8575 -82
8576 -92
8577 0
8578 0
8579 8
8580 -115
8581 -12
8582 108
8583 -40
8584 -8
8585 0
8586 44
8587 -22
8588 -12
8589 72
8590 32
8591 -256
8592 0
8593 36
8594 126
8595 160
8596 -104
8597 -48
8598 -84
8599 14
8600 384
8601 -156
8602 96
8603 -200
8604 -70
8605 -86
8606 0
8607 -48
8608 -38
8609 8
8610 -100
8611 -10
8612 -4
8613 0
8614 56
8615 -144
8616 -16
8617 0
8618 -224
8619 -16
8620 0
8621 120
8622 204
8623 -90
8624 0
8625 -80
8626 -8
8627 0
8628 -86
8629 16
8630 60
8631 -56
8632 0
8633 208
8634 0
8635 -72
8636 -192
8637 -4
8638 40
8639 216
8640 240
8641 0
8642 -68
8643 72
8644 36
8645 12
8646 110
8647 124
8648 -14
8649 164
8650 80
8651 -48
8652 -28
8653 -14
8654 -64
8655 0
8656 -96
8657 -32
8658 22
8659 -160
8660 -150
8661 -72
8662 0
8663 -96
8664 -64
8665 4
8666 78
8667 -120
8668 100
8669 0
8670 -178
8671 0
8672 196
8673 -64
8674 -24
8675 168
8676 0
8677 -24
8678 60
8679 104
8680 -12
8681 -24
8682 -256
8683 0
8684 208
8685 -144
8686 88
8687 144
8688 -158
8689 12
8690 0
8691 -96
8692 16
8693 -84
8694 -210
8695 64
8696 -158
8697 -112
8698 -18
8699 -48
8700 -230
8701 -102
8702 86
8703 144
8704 0
8705 304
8706 -64
8707 8
8708 -54
8709 -52
8710 -32
8711 0
8712 12
8713 -12
8714 -228
8715 192
8716 -28
8717 48
8718 0
8719 14
8720 -144
8721 -124
8722 -24
8723 160
8724 -22
8725 0
8726 224
8727 -40
8728 -164
8729 -32
8730 -64
8731 14
8732 0
8733 -132
8734 -8
8735 96
8736 -108
8737 -10
8738 -130
8739 0
8740 -76
8741 -84
8742 -40
8743 24
8744 -126
8745 20
8746 0
8747 104
8748 -38
8749 -48
8750 96
8751 -176
8752 4
8753 0
8754 262
8755 28
8756 80
8757 288
8758 -56
8759 32
8760 0
8761 16
8762 -6
8763 80
8764 84
8765 0
8766 108
8767 0
8768 64
8769 180
8770 -74
8771 40
8772 -60
8773 -86
8774 0
8775 200
8776 44
8777 0
8778 12
8779 40
8780 20
8781 0
8782 -40
8783 -312
8784 194
8785 66
8786 30
8787 -24
8788 0
8789 -228
8790 174
8791 -114
8792 196
8793 24
8794 -48
8795 -168
8796 180
8797 -32
8798 22
8799 152
8800 -68
8801 240
8802 0
8803 126
8804 -118
8805 120
8806 -64
8807 -32
8808 64
8809 0
8810 32
8811 -208
8812 0
8813 60
8814 26
8815 6
8816 0
8817 -176
8818 24
8819 -80
8820 64
8821 -6
8822 -148
8823 0
8824 -12
8825 200
8826 96
8827 96
8828 -118
8829 -116
8830 0
8831 80
8832 -236
8833 -32
8834 174
8835 192
8836 24
8837 0
8838 32
8839 -32
8840 -254
8841 132
8842 -8
8843 16
8844 21
8845 90
8846 124
8847 -72
8848 24
8849 -40
8850 288
8851 0
8852 148
8853 -148
8854 96
8855 96
8856 242
8857 -44
8858 0
8859 0
8860 48
8861 96
8862 10
8863 96
8864 98
8865 0
8866 16
8867 72
8868 202
8869 10
8870 -36
8871 -216
8872 0
8873 196
8874 -26
8875 -4
8876 84
8877 16
8878 -66
8879 0
8880 -158
8881 0
8882 64
8883 24
8884 -12
8885 -48
8886 0
8887 -8
8888 228
8889 -144
8890 24
8891 -88
8892 100
8893 -35
8894 -90
8895 -8
8896 -12
8897 0
8898 2
8899 60
8900 0
8901 168
8902 -72
8903 -48
8904 48
8905 12
8906 0
8907 0
8908 68
8909 -96
8910 160
8911 44
8912 64
8913 -108
8914 0
8915 -152
8916 52
8917 72
8918 -218
8919 -40
8920 -24
8921 0
8922 32
8923 -10
8924 -108
8925 156
8926 72
8927 120
8928 0
8929 98
8930 -36
8931 -176
8932 -28
8933 56
8934 -288
8935 0
8936 36
8937 96
8938 72
8939 24
8940 90
8941 -44
8942 140
8943 -16
8944 -24
8945 -108
8946 252
8947 44
8948 16
8949 0
8950 -4
8951 -48
8952 52
8953 0
8954 -162
8955 -208
8956 0
8957 -112
8958 -192
8959 -24
8960 -174
8961 -44
8962 -16
8963 0
8964 138
8965 -48
8966 -96
8967 -80
8968 74
8969 -204
8970 0
8971 -10
8972 -24
8973 -24
8974 -16
8975 264
8976 20
8977 0
8978 46
8979 112
8980 84
8981 256
8982 12
8983 -36
8984 0
8985 20
8986 -58
8987 -32
8988 -230
8989 52
8990 -106
8991 -56
8992 -16
8993 52
8994 -234
8995 40
8996 -48
8997 -16
8998 0
8999 0
9000 0
9001 4
9002 -104
9003 -312
9004 48
9005 0
9006 -130
9007 28
9008 48
9009 192
9010 -64
9011 -40
9012 0
9013 20
9014 70
9015 -80
9016 -52
9017 -128
9018 60
9019 0
9020 -102
9021 -196
9022 60
9023 -128
9024 130
9025 176
9026 0
9027 32
9028 16
9029 -36
9030 110
9031 8
9032 -60
9033 0
9034 24
9035 -32
9036 -64
9037 -18
9038 -186
9039 216
9040 42
9041 -108
9042 -228
9043 102
9044 186
9045 176
9046 -72
9047 0
9048 -110
9049 -84
9050 -224
9051 40
9052 32
9053 -216
9054 0
9055 86
9056 48
9057 208
9058 8
9059 168
9060 74
9061 0
9062 -114
9063 248
9064 44
9065 -28
9066 198
9067 -32
9068 0
9069 -16
9070 112
9071 -96
9072 0
9073 64
9074 206
9075 0
9076 2
9077 -48
9078 -32
9079 -114
9080 64
9081 120
9082 0
9083 72
9084 122
9085 34
9086 28
9087 48
9088 40
9089 0
9090 -42
9091 -96
9092 -76
9093 0
9094 0
9095 -48
9096 0
9097 -92
9098 -352
9099 96
9100 -76
9101 48
9102 -160
9103 0
9104 48
9105 -140
9106 -72
9107 -56
9108 -182
9109 -6
9110 0
9111 88
9112 -1
9113 -232
9114 -154
9115 64
9116 186
9117 0
9118 -104
9119 32
9120 72
9121 -36
9122 -72
9123 -16
9124 0
9125 76
9126 -130
9127 -4
9128 -46
9129 132
9130 -34
9131 0
9132 104
9133 -22
9134 -26
9135 80
9136 -100
9137 8
9138 70
9139 -2
9140 -108
9141 0
9142 32
9143 -144
9144 -14
9145 0
9146 -32
9147 -120
9148 48
9149 -96
9150 -130
9151 -18
9152 0
9153 -124
9154 48
9155 72
9156 -22
9157 48
9158 -36
9159 0
9160 144
9161 -200
9162 -14
9163 -84
9164 42
9165 176
9166 0
9167 -16
9168 240
9169 -14
9170 -130
9171 -16
9172 48
9173 0
9174 -96
9175 -56
9176 -110
9177 -144
9178 120
9179 -88
9180 0
9181 106
9182 76
9183 -40
9184 4
9185 -28
9186 64
9187 -84
9188 0
9189 76
9190 104
9191 112
9192 -204
9193 -12
9194 0
9195 -24
9196 -12
9197 112
9198 110
9199 -74
9200 82
9201 0
9202 12
9203 80
9204 84
9205 -6
9206 118
9207 -96
9208 0
9209 -216
9210 18
9211 -48
9212 16
9213 -116
9214 128
9215 0
9216 258
9217 -76
9218 192
9219 80
9220 -4
9221 -52
9222 0
9223 -32
9224 -144
9225 -60
9226 32
9227 -184
9228 -166
9229 0
9230 70
9231 -72
9232 16
9233 24
9234 -320
9235 0
9236 84
9237 -4
9238 -58
9239 -16
9240 -142
9241 36
9242 28
9243 0
9244 52
9245 20
9246 206
9247 12
9248 -60
9249 16
9250 0
9251 -24
9252 -60
9253 128
9254 32
9255 72
9256 10
9257 0
9258 118
9259 -10
9260 186
9261 -4
9262 8
9263 0
9264 0
9265 -48
9266 128
9267 144
9268 -144
9269 124
9270 110
9271 0
9272 4
9273 104
9274 22
9275 120
9276 -6
9277 -76
9278 0
9279 -104
9280 -80
9281 -120
9282 0
9283 -48
9284 192
9285 140
9286 -96
9287 -8
9288 20
9289 112
9290 108
9291 16
9292 0
9293 124
9294 -84
9295 30
9296 -222
9297 -144
9298 -128
9299 0
9300 96
9301 4
9302 114
9303 208
9304 -36
9305 -144
9306 0
9307 -40
9308 -102
9309 56
9310 30
9311 264
9312 168
9313 0
9314 12
9315 304
9316 116
9317 -48
9318 -130
9319 -8
9320 0
9321 -96
9322 144
9323 -72
9324 -108
9325 106
9326 -32
9327 0
9328 4
9329 0
9330 -138
9331 38
9332 -140
9333 56
9334 -56
9335 176
9336 -64
9337 -4
9338 96
9339 -208
9340 -32
9341 0
9342 216
9343 118
9344 -16
9345 -108
9346 -32
9347 200
9348 0
9349 -64
9350 150
9351 -24
9352 48
9353 96
9354 -4
9355 0
9356 90
9357 144
9358 16
9359 256
9360 4
9361 -15
9362 0
9363 24
9364 -46
9365 28
9366 32
9367 -68
9368 132
9369 0
9370 80
9371 24
9372 192
9373 20
9374 -138
9375 -96
9376 0
9377 80
9378 182
9379 -54
9380 20
9381 -48
9382 -24
9383 0
9384 -101
9385 130
9386 94
9387 24
9388 -40
9389 -120
9390 0
9391 8
9392 -52
9393 4
9394 -24
9395 -128
9396 -214
9397 0
9398 -122
9399 -152
9400 -22
9401 84
9402 220
9403 -138
9404 0
9405 96
9406 -120
9407 -32
9408 -320
9409 -12
9410 96
9411 0
9412 20
9413 104
9414 -160
9415 70
9416 36
9417 -112
9418 0
9419 120
9420 -48
9421 144
9422 -116
9423 0
9424 32
9425 0
9426 -36
9427 24
9428 -12
9429 -52
9430 -112
9431 104
9432 0
9433 -80
9434 -146
9435 -432
9436 10
9437 192
9438 0
9439 0
9440 128
9441 240
9442 -120
9443 144
9444 132
9445 84
9446 0
9447 -72
9448 -4
9449 36
9450 156
9451 -114
9452 128
9453 0
9454 0
9455 112
9456 -94
9457 8
9458 30
9459 48
9460 0
9461 112
9462 -38
9463 6
9464 128
9465 -104
9466 -104
9467 0
9468 36
9469 -48
9470 0
9471 -104
9472 20
9473 -28
9474 0
9475 -74
9476 -304
9477 -32
9478 48
9479 -160
9480 112
9481 28
9482 28
9483 56
9484 -92
9485 -48
9486 174
9487 32
9488 0
9489 4
9490 24
9491 48
9492 -188
9493 42
9494 -100
9495 0
9496 -64
9497 -48
9498 -10
9499 -48
9500 42
9501 -304
9502 0
9503 88
9504 34
9505 -62
9506 126
9507 72
9508 2
9509 0
9510 224
9511 -20
9512 22
9513 -48
9514 96
9515 -120
9516 0
9517 0
9518 -122
9519 144
9520 -8
9521 -72
9522 -72
9523 0
9524 80
9525 252
9526 60
9527 192
9528 -32
9529 18
9530 14
9531 -248
9532 -96
9533 -400
9534 190
9535 24
9536 -238
9537 0
9538 -72
9539 -72
9540 106
9541 26
9542 96
9543 -168
9544 0
9545 72
9546 12
9547 -32
9548 -162
9549 80
9550 8
9551 0
9552 -44
9553 -8
9554 -36
9555 -72
9556 -208
9557 112
9558 0
9559 -154
9560 210
9561 -80
9562 24
9563 -336
9564 0
9565 0
9566 6
9567 -48
9568 -36
9569 -172
9570 -10
9571 -10
9572 0
9573 -216
9574 -24
9575 200
9576 -144
9577 -12
9578 78
9579 -112
9580 -78
9581 -68
9582 140
9583 -82
9584 -60
9585 -184
9586 0
9587 -8
9588 128
9589 20
9590 -42
9591 200
9592 112
9593 0
9594 -352
9595 30
9596 20
9597 240
9598 8
9599 80
9600 0
9601 36
9602 384
9603 -192
9604 72
9605 -132
9606 46
9607 0
9608 -208
9609 116
9610 -56
9611 0
9612 -2
9613 -24
9614 0
9615 8
9616 -38
9617 -32
9618 -218
9619 -10
9620 64
9621 0
9622 24
9623 -200
9624 -78
9625 -64
9626 -20
9627 72
9628 -28
9629 -84
9630 128
9631 70
9632 -188
9633 100
9634 -58
9635 0
9636 -54
9637 -2
9638 156
9639 -120
9640 124
9641 152
9642 0
9643 56
9644 -6
9645 0
9646 8
9647 48
9648 192
9649 0
9650 78
9651 -32
9652 -16
9653 56
9654 -82
9655 12
9656 0
9657 48
9658 0
9659 168
9660 5
9661 72
9662 18
9663 0
9664 -40
9665 -128
9666 -250
9667 44
9668 -12
9669 40
9670 0
9671 56
9672 40
9673 -78
9674 160
9675 -24
9676 -28
9677 112
9678 -100
9679 16
9680 -144
9681 -52
9682 8
9683 72
9684 0
9685 -176
9686 118
9687 152
9688 58
9689 -28
9690 198
9691 0
9692 -204
9693 -100
9694 208
9695 192
9696 -96
9697 64
9698 0
9699 120
9700 48
9701 92
9702 12
9703 54
9704 100
9705 0
9706 32
9707 16
9708 -166
9709 -70
9710 -10
9711 -56
9712 0
9713 -28
9714 70
9715 16
9716 -22
9717 144
9718 128
9719 0
9720 -14
9721 82
9722 -228
9723 -80
9724 18
9725 -16
9726 -98
9727 -36
9728 -30
9729 48
9730 24
9731 120
9732 -88
9733 0
9734 -186
9735 232
9736 60
9737 24
9738 -154
9739 -64
9740 0
9741 204
9742 28
9743 40
9744 -190
9745 -60
9746 -36
9747 0
9748 8
9749 -96
9750 -130
9751 72
9752 0
9753 100
9754 0
9755 24
9756 -64
9757 36
9758 204
9759 56
9760 18
9761 0
9762 -32
9763 224
9764 80
9765 -164
9766 0
9767 -136
9768 0
9769 48
9770 -210
9771 0
9772 -64
9773 56
9774 108
9775 0
9776 146
9777 240
9778 12
9779 -72
9780 128
9781 -70
9782 0
9783 0
9784 56
9785 -252
9786 246
9787 -6
9788 186
9789 0
9790 -24
9791 -144
9792 212
9793 -62
9794 160
9795 -48
9796 0
9797 -48
9798 238
9799 0
9800 -124
9801 164
9802 -56
9803 0
9804 -134
9805 -12
9806 -256
9807 88
9808 48
9809 -80
9810 0
9811 -160
9812 -24
9813 40
9814 -48
9815 -72
9816 -12
9817 0
9818 -100
9819 -96
9820 52
9821 80
9822 -148
9823 -24
9824 210
9825 88
9826 56
9827 -120
9828 -48
9829 154
9830 -90
9831 0
9832 -64
9833 208
9834 24
9835 32
9836 0
9837 28
9838 0
9839 -248
9840 130
9841 1
9842 128
9843 96
9844 -44
9845 0
9846 0
9847 -72
9848 98
9849 -156
9850 64
9851 -16
9852 0
9853 -86
9854 -138
9855 336
9856 108
9857 -128
9858 -42
9859 0
9860 72
9861 -60
9862 -8
9863 96
9864 -12
9865 82
9866 0
9867 104
9868 -8
9869 60
9870 160
9871 -34
9872 192
9873 -112
9874 -72
9875 -8
9876 10
9877 0
9878 96
9879 136
9880 0
9881 -156
9882 32
9883 96
9884 20
9885 24
9886 44
9887 0
9888 258
9889 48
9890 64
9891 -80
9892 16
9893 0
9894 0
9895 14
9896 -174
9897 -144
9898 -88
9899 -72
9900 -262
9901 0
9902 -40
9903 -24
9904 64
9905 -40
9906 -122
9907 44
9908 0
9909 -148
9910 40
9911 104
9912 -4
9913 -84
9914 -160
9915 0
9916 152
9917 176
9918 64
9919 -4
9920 -30
9921 84
9922 14
9923 -48
9924 256
9925 -12
9926 -42
9927 -24
9928 124
9929 0
9930 -122
9931 32
9932 72
9933 156
9934 -72
9935 112
9936 0
9937 -24
9938 96
9939 -32
9940 -47
9941 -72
9942 24
9943 0
9944 -126
9945 -76
9946 120
9947 -96
9948 324
9949 -16
9950 0
9951 -56
9952 -80
9953 40
9954 32
9955 14
9956 -6
9957 0
9958 30
9959 -64
9960 304
9961 132
9962 -22
9963 176
9964 0
9965 104
9966 96
9967 40
9968 -78
9969 -16
9970 -104
9971 168
9972 -60
9973 4
9974 -90
9975 -208
9976 4
9977 -48
9978 0
9979 54
9980 138
9981 12
9982 -48
9983 -192
9984 112
9985 0
9986 -226
9987 0
9988 36
9989 -244
9990 24
9991 86
9992 0
9993 -256
9994 -2
9995 -248
9996 26
9997 -64
9998 -218
9999 0
10000 -72
