1 0
2 0
3 1
4 225
5 87192
6 57435240
7 60478511040
8 96212546526096
9 220716443548094400
10 702901008498298112640
11 3011788599493603375929600
12 16916605752011965307094124800
13 121848941490162387021464335349760
14 1104617766019213143798099163667712000
15 12401282392726577248515277320274839490560
16 170010772728955815561825369795147257994547200
17 2811110110667595772109627491845970537416070348800
18 55453068086043888355391246351089253649497215318917120
19 1292387459040968580270007787698856098201285457524951449600
20 35276949763224111204345224285155485151042317418570030361149440
21 1118938836880645925827803261505850217059707587939635583721852108800
22 40949283774072965475338608992971462302853379577824876628053757329408000
23 1717896809945750396883383558994197347008768561241279651564975369305634897920
24 82127295737006069730285923726658056158423578954738482669956861989600115477708800
25 4449992754105978949244677266490807183147198793861507302418724208996212587049045196800
26 271920261643669442917397232785843516484376320848720951758845938049991746716409032343552000
27 18652178185408175752286886703837370032780909448038640880572227726202243890889796950918430720000
28 1430099610152784136454507784961442558944679166526848941123035619185331113990469909627318353841356800
29 122075039062709682610547978434673210474546045647684854499255532197594839780362316288236069624507006976000
30 11558591693455581974882151114696788070697744053153096414494726165026110661831525384828794546380668011125145600
31 1209764374995522912338553681315534010769845423253347832630102045451070392982075088000910408621193275213782974464000
32 139511913133361569002618896874767800671519482890665699508923923071256736506944307374589492912700854484503720972255232000
33 17673424784036048712044126500158633055267143113044706562883888942427504520766240860857470798158495459120720488138893846118400
34 2452408964318060975811878962202881897140098223587367561687973487904945156315514021250882427724237370754777373190297721400983552000
35 371761348321138083404328946110698531188957714553642811436246573844006148878021626202406434692047212701145640111903443585901214983782400
36 61409775161883453892703512765636120048660062306449375570638263204180983849571517630170477852739855168604155560948684734987725892933910528000
37 11027481644434217800245269987357829520715193596842869759373081446908899433682922294854208049393822319152949312608119119124755361394870496264192000
38 2147832024031955048153876275114424397439476603672673757560686156934542705952505673134266650236866969108246168634949154090669185361384859836594991923200
39 452773002568415465201696445485404076488811925917029020329633071076479406420670967987081432419838645952771418399818489387944878658417640839951371139547136000
40 103094539424602466515376577127591920212680319642619957245305048580808679730210493201346439810281235671535507539184706086189052995752658004013401376045198737408000
41 25306287869972489486514736757111737932992988428960697173403222085055740014228407633884078310750090730034676120463819915005359378104729456441182130532938426529873920000
42 6684399354846859054131056186486508024678665405941487305870937269153168263214404432918031340927467249651102155332691665307925133280608897321001892210466431703700838809600000
43 1896613852824970905382788233445445598333835636376255080850197084842214998145287924111455701324952440664517753599177908902883760791647774209704996745907016520362227768544460800000
44 577104839077116779755293344140567649376642998846472450321681325944422908948424479193020541953562794534581206932564432429778499605733885911625384659460581477921170638680244407500800000
45 188017955295956807637019876448119372978657737477262841989212636304860257926583449077083722315885737797730810898869085970006618109110837519210907549944854145780275126200087314282431119360000
46 65486678663437074659895127282001115790322199319851774967521885674802398923727634182973838711841200239078642949876607425272018870054465007211742460386513656542602809330005848004216313452953600000
47 24349190501528021265407799871434677477919446228077608929306712929496695455144954836745494728171023898390941777800786995849577171037547647264840480644429125974244981547228473830797049223770747699200000
48 9651387588045940610857763339663901231065355564895123933196415037575632070070169322941525852356492172397807667235192483180745243595592506302366927947411645050981916689096202213062416792718053419526389760000
49 4072767017837622642136428516199944794311773164728120188703527630929791685181569064751695320293465309818436857332615378164966432681723464660822996893547782927075577219658268697919212516832910147784262916505600000
50 1827378480163336155785157655336750757714992087560532625213948703919519034171716467608725350123612007471631807338830076419739812439578179051471232352859001793584503516406285843967142449285739271336753140869197987840000
51 870709611138965610173937408323667599912528158901774612402063863131242748070124613983728547171602968197492021204486534466038274419851062368065106233219526313640629316370219550815454488425912709709070846752311997156556800000
52 440059841813908737608020718106882192257484151890420727106477202917388295971317392673486325645643459618043058276052187048750082810920215036366087288082044211125822901537639620382130636771981497068427449474563544675758007910400000
53 235641124334955561458445176788485323867017179524531803410842565411762966438987280101341551239151748927165922611262164436754490403306676252616207933062257242331389137367447789070568622013660089682196157166472886797145639999577784320000
54 133541839168936908716943378473128527860836529125217570237905827057246740843853294592911743400055002950605945309291203762190590121857618009958841411744112009768309966252779130145597554130781196113643261276400831763937350179202345100902400000
55 80011805135255930414766930996037642237995379801598013358232086594625962557664218047479016924117300432433364789362467485530223041228971946558630423256885672185919920409852280258791957837588526283809827688185861247045769502373520611606318284800000
56 50631566423930274935613457339361928937338154516758694469377141175074331754061769658059946811630443666001031649625658572463601134581425091085522483558110190769974006490191707001314316526130084538792966958215922590287428599547585029418578035605504000000
57 33806100803323412786500933019671934473834370931717701893754446915639087622416176149385255528281901421377146897785920114667516872369074397030181096966466685874042690954632477408695984825770763235431119987253740370077116207266510958350976926494368989184000000
58 23793917622713129524266947846049690319548830960469414900319406786413169025237120879767530263479092543562521431334300753178803009032294511772904364766399467002572493077399608097113897630088380666744204582282234417775327698052507268087916104263062130982597427200000
59 17637573008632903919673445871371019235911165613604099512329743065678000050517252378431175814564220672318008427504521999116234548763006499671377988250868330466423570293457800899961589342360326826473905582155979253604834933735669710422964234577614079098185574252544000000
60 13757259822520692580296502707405688180721513001088012874791612537964746239319758680173456237184004795592999967143287653300043411049290662569417738772657263766700213620079344062069602803284191167079281309880174016901250583644414687851382338903934086804444488569178187366400000
61 11281744839465997958416873361142917184912989651238837413680997722711870462953665658194563878999669678878670962852902050168931823480595108880334961410598103500429330999343192698980110826351763277764840283754264216691991004998179009676078477877764047942644535256730515267387392000000
62 9718850516172167281683551297997817181481723315376796626071579031456366550438837986430852213167754057243587253732742699302479145391419230121196279491931126431734032492544238410253087059592881130470705737194039245730050206981589003806929668995338478350757365835151210828240961667072000000
63 8788250405747546362590565475707688144028775449518826470447600681766591793966382876105380011028956824220141495603338719439032711884368716895211892576703971324999851746906952076212177170429226379996060527719500132297504805626136723911886266052827067016122831641452403020439703434795627315200000
64 8334976874917765552546291666261108211538420704593770404920838573500752969935569994096502552063258100881183451925546608003255214070332714060928092013255265667662217033625110172669704700236961297157180504778146900949057139025882864820063086983591820580929996766271570863250260318715412041695232000000
65 8285082769148316696526782553795510099403667954634386012881746839132409306101014913862332900605057130882205478136930827384760782605628858203739293026663355028822299816037158338782496921815632473050043043143323129873851284493103836892770906326028881746827086351222587062541694982585659380532816484761600000
66 8625132438214899233890373745227976029186475731365674191835446521154066609839809690602047385583122761597579724650479179109610116116978951780188287763569536628343513878484570834476052942429125397716534971371415534578414697359172137525966838141624496861357470358980445137104721302038332090190167393364344832000000
67 9397377526344270611381043404651252742023939920000151199583103287325774171855709925132725472609703338375992585068899100096075767524633855853511788150493540442289647539914897214032851863051837705348821195673545032619571047126209223970494916938626289723243594473332068827734140553187447364555215100495861030846464000000
68 10708389590738755726138394951743157876549267130259268388265157355919514000349422415171179563263608417960980207737006152600247949916806099431884093683031378451494091538586924192116197551582803204077521484098640107084778735866777979483205697651562422388495324790491838318056094891899467177177636030002874625047489465548800000
69 12753563146226735010248947396322372188010473276481995439699057048322534507673834642185318055275789027096236480474712742044476979408119375526416544961866525401026878064794926119211533172471805417372640239115219829151183186402612401448510161649293852601983221787865032930369362203570719478595196385107858563266572026587906048000000
70 15865377394994368050468002642824606030977428757909980389261197381583908762632877567026812208800452387959676243074853032583387557624014824515562926186952408988029687765660939224714651113617469981921510176581866356940533858794595408280583773155433658845235981310085075508025581235918356295612896610793486266266096652709727318310912000000
71 20602045625354219810646064305083060214381782951828343082466368604249733420328765042332674221294390372559503231214951834694314214667532624875018506623181265284051475331654559609103041711550952999126608041484157162641418875543286795923846150386494097954119614168983620726099296811936036656649690748823087886286610770778498183261165977600000000
72 27909274075681076654718924044926869691072950203103494984389905941077693399237081951984371071463963981396617080148589896104615293377432613479427850221444612380553331425963237304980016352598274556135991200854062480401214695473034940786726077818695382625753352476777064110994209719298743000128039138263311954720792444385196864263547667706019840000000
73 39419352910291768422830608053373544826058713115026254012078124253526681204046832314780495740835569118708432499837978555148847429443390620083866387427268849420607403667369914342351915604391276819604329985769704305478233354395665422261014702712854285086836285682654665950307152594620784709453161625689326644695450826241283914668802656203611121385472000000
74 58015587557887854179243724796914501768689577534653093346300894950414755547774468903081664761388746764621113121370221764698546634654408349193761157021003146802296842280145509292355751650180445698623698760520626155602564074058717276356405319960361639216796001419241280641347659606468842981577184194906910332887161639843170824550631917465540809647078768640000000
75 88922645024055097770022550018711410737196380068064831484400901182030018169245098296460759116396349250791888230445288726910963213753475639661257481749196224757249045841168122872173151209044724540192814888995152859915990449868465708587166444920982387768013947661418599392593028091439103740074170493903089132731285024169883573638523767874912043834166874369687552000000
76 141865630858982155920926789220411722237800804895269970359387855763331739804260118345298228308718302745489543672473567820882598052102599039075113067258131208389015003521347477973267741501388775106797692585938222715524450221948318839825487725265626748162142822518788238405428191193832714586920380022137980940063829215465242092429180324795560196567809989466991152332800000000
77 235456142972509146916572603671221179018374333028158776554886000881058402728462593250030342107427117397198764086193099495558696855227266013329780732628718810602172165901930170209326128570993119121998219300983793990608012910148781025554579460732552487891818317796738871015465431739783503889370593811669467944705308247146799631145480407312473156102426048661649609180839936000000000
78 406338234919352292047002333156333083525690224013704444849516118693753523494584367537038488440914375220010604415223402453958131467201462294905977166197959688552065441175333379735527087739396080506030539360220523597624193653161182329688645476926988133799794113818222240023999602574342495186472454182623425600450456334834606641195554543784511261270437122234519867894783605420851200000000
79 728773771204498936622407733695883159847673270456864977337242089892372973831155500639540050792859509104614692306478991097416368726676583584261183736669905363228198835391278582598605686042613518245341878136011330699459445974603036647931705716149894727648134097826214437193378254666685581204446007978857124023176009522135721912002542222260781952098320974751798936482191284636602450575360000000
80 1357729373341195339214781058406638293447106601650247702497744471421747512371366467910045459075723704754091360585221710894203219553142847447071153564630629845113069538531393139079612562853101982156577177031065535091429580304773514265081854886416774587672303666279176968326138480494327825174562065999089522481989078346294583015584843834079258875645577990348683704686215744645008161564637790208000000
81 2626288831945963135695780197448641050801690633301022557160420757685314389214029920872940941275006921977237212250509352645087692519087016338638408411019004294876768845662903925775343649382198212538649318799755571834451689067444621566301209235723136662260344207774619850230902442749522701775070427376356561410500504642093213606647820661310769575929152053040272047249641047627871166681650913093877760000000
82 5272043879798534723332339053372921766011124701000430295051154659744452906234640669005109011791616132809522598513443269020664880445255897729901631723714534943335541911244019822494759398975555470439436316387487524321270431230673265117410383887457402821649002532778691139419161848525447224159579488896477044133368708240963479789956913122889369908346035783702386897178724283909463807690237637538668829736960000000
83 10978074742634789040702923126980585490105812540591203755928656401297512885458836434550873589552183240011659025927863181405721585244202493455922705279075518401418022626686335333653229653053845559066111320570063744530540753200952082480683601980396273243115737659987570944444672592890802775037824651302769633960422053169930527609677108568269655581745271405548595568214116340935497943906258906431115691155620102144000000
84 23702388373258337857898902277251998231506977797316944381522376037900257533691591054414650534685168153448414100990718715592686910244514838445079593823596193596233768999250684038605468030579001373642620314141029535538171017905336438676072769580390985714054434167608802542423634485141523498710151597839673623964100072867432699698044314293622729766786273907333552199769251999084238558836880268383244690649826919343718400000000
85 53038287066644800791560485332454482626399057735960455048811973299374604143334977034868830648876249657620493592333440377387308063953069880874289557421656758184452692355950337616440368548860504961012402226245729262718267997318526625161588436463414741289235055813893379990723448869954311616412479622265738368098835418367694060762658852628330031965940090436930158816256076459402288837820003404175976420477861453997060506255360000000
86 122951951270957633749801139433452393828904232453399803825832455783869725785347140949021201663863940860604157746007998210202780271291708902774803744106475398333011545429553763751351397899230882219906934912396356452936180994493211058086063215745933785495989419523928081684868904682045526310910678313760629493500895244695858042280229602646742988148579240823791828551074873989789011566085344012322540636504088701653254871349356134400000000
87 295155769482886559302099280091324760457034849223289250174067886578633676764890439245843995745022585792457011182281087611672145574297944529081757332560291671683062832394256489909590200204757763081483507338454958511140775180285717946803045479353417163071224596870393421863253966009532319938784861814398360233454543205160778269090721472485365615210224405561131662464535908370607886638237220312970891792768570274786564288270568483140403200000000
88 733436488630528241442697837146998676234948361743644328386001519777661719246703018030958336606445987500395364997217833022291013006000055707748763136918604974343925736539291248414206573961204551313513544448812927695820632424634348482658644276116520057426714256254698848052432725980017213297755381914493279249086923143492496209218133222817216367663007083908140674636021887905384195330481364431369221646460895873450290017911194842909953061027840000000
89 1885812758393742901556463861326326187489734907181960249539142568980242583584672142519881449078157240872338162095909134519465467702862387296326042038448341647195011252211476035791632880125938068739213177941263593217753046558854179704187709178622581867629213090129018225968568661063213013006424190698298335579945832530324288162053111356208159924467548872436905659898842058196125595551573819168626708332235157480479075013201298489436337883075051520000000000
90 5015251556742275429801278419665894960320577182134456047905008335289393856976053373133386554587005354570986738378282515596751582674863185743319890145653146350669061471969714402416442007503777207278091802980540897552726678429015255891710072285908800504974759418457288382344280285777872733196619787045820635924845013649445353549790808769208347312798089549133395237379709941347816904941101293734188307509924475678954294187893435007345336014353666657841315840000000
91 13790561456902767633679676704126852661248574543456732084003569669532272134281028878605639927000596136414463087029672214301343363772529185293838003976505804611085835237924433575065430395785225892079777195077359490908774369684782789181163575293046981319754397818265573068889549874254470456311906429582460430739086527481415903702647646858146231441868738409920018475083641775172676032585313700145263811723291618269815297545708508847032829115043442657864727710924800000000
92 39192847247265577165627110361455184803781275062662246341323782665092991292696812748434855539938949038475295493177682550710520477365541000473609045237519339478933435799948028895597469451687390962135284577992011096873133539326936543599569530103954143238513724326315168374248808385372363813798494125277832079107789053378312931257737725630623581229763677694087591292087744636298334471636346489410787008834715412498982634361071251531032117297872611855110825102661595955200000000
93 115083047922570411612963985977155978915796570548785177291584318619278693974194152275565974536135132620962027943423114489860284644595363310849159005933677338979229768614525925338175251585869867478775674812136219314152538001743705913948757861815832929448849190480035572131602498813291630385116799169880763914104350647757065545745308232822962951642905417010609423971858098257668419676179890612094905675938108352003233911079855491104065147076538399892713540963931026194778030080000000
94 349014089558534084337455401828492192203117474417515132889916509968338417686241941439152672274217877614925512790395164919594734681856122620589673754990543698648346378495433178403487264716339693456653866945595783098574066302988441906482551152893221170667032415432718819958592980603870961313537601035951515599850666387893473292262075957717581312790998945980603869882120866513615710162351183082113522469833621078514919733908308075228156156501894458761541403499297270441245564888678400000000
95 1092829138328885755749549674298748033558592920710560204873997307824184894299373654227341250486757873380347090168297918427523153016998644850359092258717003277608744013152112100252498977638594318864156702915812021516730920466705570694662510183482288515535174347342729540724560057134407656558707655874605689727728268932088425864766209668482858398035808019530062989599252557566897984213963330723769664149281827091221468858622349896698952653270807171164479182408795901159229081217109495644160000000
96 3531775263997598365656579221084572482903907654272044654133459753669625068222537260728467361265538492070545965192771592532294264100733612427193076730123947984812412842986504902786131781897755049582791008033874487765053604887387888888218569773498617251796941254232463486605813490584512553456025706274936641701938932852666407954372953950154923164194239750270558747681758617794213479098876472815157747220523517388013404546935510672025432716772037451039903561743361806464918013997711311684973363200000000
97 11776661061480561852616930526326384152943245640459002196486528348636573014745031056551891086786664949422457628997021677710561989726500460200358383305265900874162256135997950353445934486460204077754098464023039948581019280009559188154290617530996910282797000907289815802114048501799281933766372293956288639316452632021927521254638791524038301114535287673089535240027256736264240459193948640354360866750605163320411985491398394329457362199415424275126735366406777931995401817344367017054958241447936000000000
98 40504138545442370297679465848816046560886491667970886208306001762450991924443330879789073491943652949310520303626263032043738655444851564888223406320441772431919038452813756434270740293061675548813324055400158282994535857364130803306921705224885878414659662882593389375617877192853221170416200047146718880812763016582082941851345150832431561852211286366012652328348233854461146147001710508582964942154695500164886477826472341899165714973789539628530574878535435066562859897247089402001545361740088087674880000000
99 143643964420952067876432861671785535349873022128954355781822659491851297145074239685826000217580134482191095356000806440235062853493021897727123140095846596306869576111662763191364477862972078709868422279160757831123108184388035453548979240814818574261331140863443100968583571545990485794761104907980149840165284231433275882410694438097128513601167035731417758441673724594601982524957994441677075515533003500844770042024401686071890220242834214373245668428114281491126150359897161777156722408262156952691487539200000000
100 525111526517900084671239840013566118037337238985419402569608633245343202997174814712925616854103552424829033069726430419028131440993527209246200005480516481026704385725482044236657685412368779117977643767723029287362920420483214570259918098350566791342193848119373747648127436112890301680694216341334465936975057661340618842239801094211955487332441780144094575526132525540708045765366558137732192145856631127529328417634289970446059819768168114419346553730807941122997499656429482656678588851851033526713138225034035200000000
101 1978153671011062528410882307032979661843059356418276731582456036273444088046995338871923453091293386075038973778390232382290506510706520856378439347965158228406123629314295150892458492274027680231619455083637632790825747050126453589777231749428006736849168404040430558388792226221284323854411616899143580663807108934358652966657578329239369463308620136268056953492828460321816348435331499305341407976082712535130579744445154639950779311898138121530154838414915435158719201390375937584557749019369342235090272837761171980288000000000
102 7676858589361262520658815636060537148154415054668239629221470565535341172409686730859717755659372149074512002870205349250015511243190766244247474203307241788295053575806456739239085590108728530799942937739353685263378262092797107332015359951787200848929741386732215411846891178804303404940346426983239109997387883683670896677588398875056999164118096439290111855472351175079356376132547617024036877702999945813836809498202371863942554070863522317040202621985506296078420007457204843783895065101491506403304406041791747715518955520000000000
103 30682826516193069036034097739084115089736367213365180820530863843470861986223709576750949700210367484679401120991332133341908743340240872494417530389839846800776843914803731621984602081254884244255372873680969502379854707132831485491875218225818890338055407796465067389786030318491314908974910174044946830772982616003478205472528662370027546563055279408441058103341863713267168137020201677978657799818743968109882443693184356583907219153865993381758197384607678335476721704506672635375543804605590571470182458416886387932358486267212595200000000
104 126261582865747456658808747305922445978579974469430082616824992521573054329615673554900834617769819843737656166684006295386793652914944581310843193433680869860580502080726272762053095869703035554316515130272502597447100308397004840689696984917532653767157589294500127960918816869251348897340223767423949948562666320717885463542836027599714224720392676641711283110814422050154771376609205462455186323770676871418278420335848128114474483430667062296196192374037799180265274692015230344363877568208098556595460791907939409959764163109764814864384000000000
105 534797365406399624629209797907849751969966399681785846495822060941288734646162264185056948954049456810549951136130859084698550015479193162730304730749257905205054321269808377177625015616805842276395163009164694681618925668985146988403838233505952729965472688702936057711856908329495303326579671158783356682308585327103867560058943380219870844587034348919236343320001857816348313322451527914361404564501845830012329210018490924719235970970902454210208479827362676250294854936175748522313069777697874360826564471389783296604056975740225210274007115366400000000
106 2330933586195346255535650507384432943059335669231159631687794853071623444454746811455967589058426487044181960353770559787625807331763830255358143831927510139237825581442839127152470019732830648680683095352239071216398552486653812108946512833945747243264617216209892261909278093017692475758400971959758935990691243815422913027011259018631923352555956427403659303834776276544340599166139591712558609284457656144388814770564053418653252865497864512807521712910793127421057637256505425214849390112846886623861958828877252508369755343021972165217176421616582656000000000
107 10451433329881317982359338964964182617386909160978047938347951935876113343191583907016142944211846929395348256663783124701222212661042992214115879293849445334243190273583555399783315814366188636805030881437102573679417822752695372769766429357133853508619845420975992543001301028041196605574951136828487999449887888779982311567975019964473412471739944996300477247488591905086893202114810969360237218598578542060228400914639594923015045265461677885952135461976101427834812762186135817862819731037277735585249800562365320829261722032866009309492792581698440394702848000000000
108 48196113800651169235833167249722975796010461428258203627823381999363348688025415715626662723246074732239140357379146576007562658332376496061830639879536519378229902970880629514654971409600736766597493528331927728851216870414990341273205689950418968675187790658254894058073738553226290132651428525262088323007902085247605955832247673229003329412436737018240534579442624688451340063385517648712902293736110493023072943059971895633171108883269452735980095631507142991955045353536866912940245243492061648282612991220046144414183334822804317684267499967552274295788293167513600000000
109 228520639011865134495600913577156537718629182007768916278713576052450518361177051865124430408010372181516710339947575981416288066018089684582356233530624427294248287058649821903310320017931202752872248786242532227755459772884622108921898083010085654625466183364577578192709229327848547475588362631341683328617128407475631333589727479376682780423872108008490690069261086877226213351948385478337218313245384965837461122536290310639846618014830293107828305995999788895796022672076946162194749232809673196643104084647603329680146730357038473462645270705697466703653221096423948288000000000
110 1113794797226114630580388757654539690628921650171290256571052149301264899756601421679902510063889075460983742225595756580904809579392150313022410205813389235389708150731477113846450002073333468976317548645104453287175903853883899799716496598251836462992150883867253361676089487893696350478572968964031479219574895807167727761985040637608842758350938832024176410179528013727787522705141704427898249891396990596140188263831265180346224628433110029659854683393901811650898058321025387673516207312144689737746108373628704353749671159326336634050787737931292581591221635495728251997362585600000000
111 5578820760526177049915524006164164768463267517466793381413828289898682985056832697844375431954434572271216638346405162885048742033874763987126378275841877033856340538267180223140101827823696398663058269892747709525298039320550606789583810542770950079049848139729032525479031494484419697268877829182121727497136785922014612535645549660993017125601451060075836639523986242681709153046381629138266635755788212125509635333306117573822828354424408505160375839933572516032164837121958810443308646899054669483555477563168632578397468491100869185182498948535601355474170775218565828585928347615232000000000
112 28709801206431366817770062110037166184087074119784518215064322773140136966778769235906857282084967094965269572052348746251097817356528910578214423589032988997001512988088862466112966784851414880889332102034221609224973209271422593588276446209582737853589150982272771219526452157532437847073059384367605784482072553140998681366107717783826927293425217308914314740632669831637158648915379061947266970464636085017922381898376029107171878071005362564025158836393920894652610210920710816043643517227157185271880575930069290573152782898036748313537007014127475937976908528213559070482209208442697023488000000000
113 151762164223789926934876071965697634018930749015871009986885179725203325298910762277164532972828067964657567503779832902637416971559651377109352894020303285127868623240477390791773752694574147142645120179046006561360347617521326338714299152449650267707301242855643895570372732884995838084758448088534305066765676946438584722949177919367314688271352545113819761288086453883141034982462655699273809071522687651544336040658227207072962557635702430270635066859490583010867707215797950037841036750228515980481874821432600127700965517650189175373359676852145182774631604941314108948595602551807048212074515660800000000
114 823833107790884833909347347728234818187925259272916210525670849564988007454776140066648381508740422526085662241147741490895436382752138916329040265195977184393401003869002283203920165594234928983974881285583682126077381693600210319838209449413088541376348870409266453131804687497652134087731123450249195358211107002943928572437051746857433220885380290749901809865597439380426563015926185807142576592850305887971725493464064459901550733555297753942063017086420512752697611041892483404057122877580262325842031365018844621061340564457768188303568987122110689772991920619497660221860589041530681406506969012895744000000000
115 4591515354973459860715127297538501635720507708322221294537960878113928477567548210457067635713541276281168780286290025389400654054018750202387931554618206934232625625520991388805047595231175537377167963050661313938865999475270369534989018939375345070676614159129366615377627620371552365274091323680843943280919854930443794956443537163119882733432008410266787729070625918208148595691594429970889522492415167509609371927577338807256786920900098836546162393076784582816229410184150495039463209812221265932825581101438229033798902336121192423933474984378533487978206819472930219360603945188855857703573110945087647383552000000000
116 26267233824439014109838986381049802839091658543537578700635043040411790126160509027538894741482385839297833744016326684835404139624772236992223677825231864343103129329909074562367884272846756701525593461763461386348979327278549169622189426251215486315950031176964489069501899186603816572411789318173863756730103911965077532222731374874702923307712446363069348922842275932222355274510098172467357316585247702487540674519460945832845749074525673702559815591112506678606151413033196924217073580205220469620769036010549922432205174144081516374440287083362323461294108762572225501005904948017645889841965990321221640618539745280000000000
117 154211330971565100588577723270784254903142144248080748836738672259090399058721594964941992090271005775988345415347909032633943529994148367570710016496794857022182883226672839492113801493733879022622824189004701683576993902715025614428737568250782868020493486414638930718440330083813656589816311109756329344641039748441723718143640746585100297952836677002194102892517442131814706655984442707825640773055317568923929524941688327355153163029090688156557109891977415580004258375922082255129906715133157284929629103228423025561465963162725079402920672828892106100797913192162842067734725242088149488823629114262595472990790645029273600000000000
118 928893017262271806202839618266720556037944306535139737472458646194288115204686845283942975295479986243589549468270840791930673412679801151474025045247292201689258493090210826315142967745263497729503775284773994739515919002429816225500425586277329756774080238253583825174671455008534638795482359394033837529586231010345682035627633879195871362937048804461155940497347654078757099020185495709770056818529490464284018092602470070943922766527689241149700839695564108581824856184006611689945937788185813139846254945700789487318846739943807478117361541428652102815994302696962465726538379530610588563922204144277164167787555372111400125071360000000000
119 5739420310042676439328714325298445792804448479387369763375592980524237314440196878328409060174886881923543381460352689549451403198448043125166463335500431970488444033653626253587226632313661614260250747205501055394498316452672995944131762120242543814773355651111325947914745074956621601415256674992452465388533495544520222137477811838159092540720826206108322330326833634068927030995283436901710802157621495046440499937493058077817071864209088455749158109263953680868029072256706184704818290806578281912059048466600838363943193456453838897712859793123463361730896272764634383595044746772147223839169929573988082766207498324023343049328295936000000000000
120 36368913234373374990611914635379367675812109377472756390297746959460744246261443025992774124924895859978734176449826540566051582047544826466276390976738986332797185068758215438993753729068711661758208539993042424775129518588107468171261981782023163105674913501090847851210770484897183394794756683432454830326786050319050198315563243519540439292414008837608127391202934648520058618689487797694739413343236674902209730622875094258997610472579984263132384661478371974566201607504638882087293046752467891180162486900941369525807392710657584966907954119788726922013445513516365133007320525232745830987910259253414650242915123819982979977574292374704619520000000000
121 236298612356419131459711503118868246085613207494182038549230778534541555851936202395750795574382443350908630848566737194847505443494604511219565956636109650105725219187292813863017279440009100714108397531888839786010592937424143763066013897592946130090273938877530823069603935180777449018224014116167886220431400414762498700834828353806752004834361497069050655903353562233306498810810060057120965242272212700707919360163122757816375085865977502363396877529592252902375367522748604072739766993693665045086057614779343628591817310180032639754667387045738307169536866408121563503835561524770878994187873622894103475644533382267819945660924341945963532989235200000000000
122 1573876594699825858971027474546157083259807516929235950335025571782994629025960212577851913598616461867764663460074826922464014352125141508869670447986282015754380240583303761550370155522653693592855947586100601228276044603762950644157963564674357371061532492491356231140785068245875171780164412150904817901766301663278503548037361778211469033151999017231982434981500746829770693324359925466116650094635935165960783827130901624855163678677589895856679909741745822649643585899898863183841475621643515845916396222897800576486434106249137521064342644587520254861843634914595145634683006053146544120490931975809141611627681061013965100257926051041271152765701613158400000000000
123 10744109349374369260506034439131288060534472247075979771969949870140858866561807283202058069360873031397204437084404567556904518164878673165187729204727529756336087035233370691763840657877641959210706656392541438049227690202047311399419834273931831035693976727865124163572099605701354969096733611077240198882112889898470620001589808137358737173373292490443056078848450715230842471055528033862592704689577567684963766431946206447101306723214065831419392670798664903920607269566355420507622328084023568836073871504499353595921506729003974706651535168969999287929031671439898844462517370350117892882587079935974633753512870545048108450825698358738492199847824756975148728320000000000
124 75157688917047288056530212091758050251149161156372585295988104445534291346403810291818049393758830252481087137859259673931188591194237332056645702724081736938502227594340144037571729817154380922726992643455444419052352448762406396964269154399021985681387642663668796851263329324762198586366033468469432164902311509011182037006534350261044741185600373470042357629234556215648228696259337681846950078042796604616746971375981818055749830040766260461980787668342280237813336366945211924270396866644451601216184349690182507531636073050773819258457734562348517921858948249234494115696740325185446624098774193035180451946090931158990003850522256846250357302727060682792437850256179200000000000
125 538634405325237537204760203683390289114912649832816874760988801575445615352814050768627404661393635706496730888207969908582702304017380044629672624935483954202261654951140734472372284535417354545837637379528766663467174279609489776271469231306960312786154272002535252633568871306948369499848136663555757266799258979549987881855378290178394300443923511483130143232235591334431050976170060876549224248749100886211206010804413003841575812914374204444793804482218163552377672256595400686909374724759614905066101167540190582832819567923761583370004901455884046635037599222253939321403204890147366103928996620923039953287986353132027060394399484579753215646025535806170589263429534356602880000000000
126 3954105307210337788506689319577182307016318347225894636962741503739560435512286554890761638089332856271491746628259496700398234071001155043737885597110600263284861735682117780523596499782610082351581696730209200479679665836742645737486718778774915163508884701608697435613895999996870200188079404153553457887378051398376021379804167531586167163049109537028585652278055719389238919098124967931682929740773115814655899573855166650126146780536432486518949118191955701082817436901324428270487001110275148666398079716001412464586880582799625077599979272930663879455672532578848820064917107504618294356966325528236586059382479268736268329287641833661568695686473276357312557101738606008758540697600000000000
127 29727129066583143132787494225227718701363027363987359049126739028044185058489615534197333195773479227457524625236063590673487433685925371968114610607972658118302914621337887986516187033281391905323249770988112038240104224876912262687063632435666277537483518465135640412182258559776189317484458127422787926638212340958963543913474818610278937059099631932148611143747963454774731370314993504150719563148825356587208232140713027236083733994096911655959615142154771473218183124285310388605799848294147959624673358445390136500856308484153129641460838392114096348815527520033429560564341179482518416757217844917243505476439712703360481040975540341166162933430553152416862928055629423719625881272765644800000000000
128 228837259053981368275965178220586491399214760251751605730021337058386901054097541090592944399450818501214706427658963434280731760705653907218779207191002614625910244793658981719609349287634712941409288766920795096040325920366363888204495022650799043123126123991715551808646417035523941154940260786607890774739214645366471273472626047042720810371394753663658171721598207350344238919606203823960493722070139847937415610043168674253272284226440293078053134019378948272576682837610026600887699148548151912803070607779468269221074070934578067929700876450272342211689079146567141962995722496742372037623182936501658260268255285722274213066322392158325642239357576011219217446067030495721759145851213446371082240000000000
129 1803388297683075922047955930288341213486817161549300859330813670753287679125693555756105387492503384023589800303567095108339688780393810195319801003406701481415375612109459299972239405749631292400735090631803480570375304442381572587457485165020444239655582202221245099073116788096830048993051959972921118454635138544154453426531147352440226341361004922724017539362287292744136802029933232025968335644307661698086200886990124375284015015533229686149738039972457406159162635789419316443057306965112372936629055270867400715686164226952413105936100979373548825503078002423524783628265817191411927098934138990509723732828744853184654497072483554631173989838589058248000082602208679607775054105197354157018715049164800000000000
130 14546598568572968729143615245084760628612279845570936176456030279547445690410948056818175140017866054996032561297277070419062552714802489509020802214281760521508492239156833352033778354482980054869017911928761554754692806814431161974173916110639403869884609172203066206558947058580757607668583130221639609023019701318661223129044823553424468478404005500311490258132219981822764796425264802150020543351960746045429223625943894312780612051311897383209106216843610558850069455688553467617098572507782678048547717103832499122724114853515134936799474732941132242267002109354940415399300718772498738060796619804670155432041769705093586658333312170274342195016103505051849700952909728122758902809755594799679854286506400153600000000000
131 120078576422486960793780597707251153496993124521302356096856010281190884064451425857756294222899128290174769277658752842927465585923211347210744427599091549358558043300488263345085429438520079798007489228458518756043469265600218096938066413034542815854507062948034469186250656020148566786029900788892664745566218769718743928035696239605939991935128528547711194916782365503570249360502723360493495025506408765033685073598716585468523868315242902679588046996546602353810707938094326594447657053302147721551905446429634182984241361025862266963992485133031589835031619491889998674594028856361572417441376776860348696145915515254518746850674265409983239173816427333339706266112636054022116942193240213717314691094161218693234688000000000000
132 1014202876364575525079210143185519973623776275706200004092609825078247692323901397687992589408132507144891384487175142349268503634160568419751276001048128765995507429318828327080803521206165803985248353525366929651380984656216481794300556203955789437025405882465384663500789508566402858449597763108184712240229743570645396568781116291458608052102728794461307639352564803648666224977015313542589274474544513518251168787152771787978047062129263218243987603058032138673592326105216872115727611232289968817612681901190364008190267986411049616878854904757279301503628781660513080979525842243435505951923912825119687606782559325448411518114392614776442161144040541458235105087758585818487933723818129966477164663185543380999729397628928000000000000
133 8763223728851802741175544925311479799915300997168523767493109992779011886259021954993968019517988951907814725571985994652025836939950325909726607092893357729143367087279839127129410558900615246377792419880485088712909745010265702535393526386344558336219382526108714999964014564445289428339499923352025815847379528374028560127381523097825037179386047869200914637048639903151696476857796531375597950411369210768047913271786004731206161130640145011675573798464571206580278630979442043356545592643209017733959067936029891225434359166709993441474166762357270950750730899561426445756959824550939931486089890621613519994429629509971223566226416044418334149056919268775525388873663098910863464976109091709958085198911588880385192537265682146918400000000000
134 77447673191837628493061918713240024155542210346742538360352455008248034835288019652757150972119179874067528899299237177281337754941448666116894926704424183211997237383592733828228408382827754887746528705059944483401008678139167518609096321230712997317915835604434470332752785495729834805797224249194205646752752472841058762763860381256249294775764604371026568034724313674219241924413309875022879017192712827610488254541841976413754361969824578612005663250151491223424615909566123729835467824852627904941293881081167595552931361638738966692897489443851130529458023361750407147898082805939951964375874690001317536990022436001337176498459318891801786486046966888369687871668434281794467011819606281891428330651296661569782867456292845594060259328000000000000
135 699979033959265677608668810545083545878306705081881868750308221321447376910512173473465927749810115478430724240797593721593352313983425789170313404752799790255156687292699117795201893935181413717858464809243558511289414583018247873611388958049748723551331893204959604535465293467660154275067113704602738006527360367901666623920363778934976710208562557670050224987225877947485061300157291738834124391888634997412065130592980031628273428953403166988146028228995955430062886977733105149737273499129563316476140624841677650586610272321804431555186902947879953781992249734614098789829579666593278580844387558733007535936116874953826615921820914052633831080515807210174560593583167352302337176531067283365319578484497009422811209146254698693569458910055628800000000000
136 6468770255283476349985921074138487271146292060737379252882441315917207954523393684074073983407393141393017399112807753585057222043710216195537727996998943257390785750352133452076304028823419051220285786546551526639570620712116547211268781531290839075442433582802491408671594252326951943530851555072990023362641607083474356174066470843486281210638274879081297608806043319421389813202223081124473324010196476865254158892956638165947199157548263481451325313965516542757784040839446217617359775459681329492115436706709462782206768923074346036875255734332464315721741810392129889470660945755690837841513548283652631095656820675374211160232333376767398057497879335664747083428298087629211239203509075635463878978048540204654377422524622623516016042661202827935744000000000000
137 61114938049275898621722470699591892676940988402539118649268333577309206517096509683528110638864299269047115576650075501050069580952944370202216896897077127471915613414111839654807106212661093712192649471701759940253212733717278356097727279604389148748579550191695334503474821797749463126971188736733967286530309335982607494376686027198188826313235241689761617078938268739301711536684513880524733313044640125166364309638974937676828880278141522250762439376374611358574851560202062396991152719931980267969231970258531633374277619928656199760401593822212827768888665830927114943946067785419392879241642358519771781879155377176250803815241272491691420140488063652847206893083305069078547958627343648583965249083226342412082993177254999552827743528912479391402304733184000000000000
138 590190117839117554730470213139238733289990971831336105245165086899442109978046267306991213833527533403813113593332004850987423390374018190463183937682476950271067757799059681320818144874936330745224067860352677487840228451161352589140886620973433211254271048032768969756095046779586692462350233578085323174655167392139261897448860173327846357390404013978233017831850279473470966587349259757541350802145825958114702315771408175961910879136729299235650333419286478145304531533411458598206859576294294293556008992269765497650464354019875396560935654429688686973859195455275374653822265984219400838959169786041203507028387711548119440934877947542271976118991084812809620000687725091870439027832542130971465447486158282915358589580522711006410338732158130442967781059913475686400000000000
139 5824871783432891463360808708318920147994457353642974426171621629543912359029985614889728268777574899448928215877986323664772409865109751064312726441022669646817618330585982732239020554214920667329860863577805013050828664537908469801615778824887188477371930144120438882987401214868406389974460436294906670568932010729713409474437996274471046178247878256303884266301876061576952258288004320436645319050169804109992216802295209752433761153711975240385102192462336696703810807200395807726924837109972559457639985036066398534518290769633718890968818182682941340667162809319580442942547658431815393667506200035974697821066862205833805940184760970096831412301427501502878031398687118991856866327396570514603354374211800580300121445052171188636125579249110448768861420171389918861328384000000000000
140 58743883046480621153999981094535400492558022663549974096191281764533630099936018575494674121143692246828278705274146466422519172434848935141322882325863139708366012909542311243827831415605812501789616647439400829911561657198157024109690900560664827850236240149022925876456738850418552136700299923941988572583271771537676367630513937500446328041151818114588279397212462490680744940642048975595810070501713218047108793546072916972568776813812101537905982615427790224457738795753410643510684091567812228560017117385592787974264733273822815662708129908979350777502468579250543884317146524722684590353587068697030167716393248169867186159998422087245963046222142307397289938765245969688607268395078003890456994800725890955989481469641809277049754014416203497719073945829875155261843337065267200000000000
141 605276359075622203080308619067018868897798341927777676760376677669455746110398628660637984565067945314824747124431052157620661016225671863790468925859181319447614519524746825069389128431110096357816298891897875728085038306204224709929747379837053503259628297911807417881866069148033512132148099132246004983400110407632491600208281319114829839893830313604703275990786491165416221755084585835920417344443392001458536549428905145558634656618725437877022874059845302351099022718413725788137141737542412606975925518580706033936702683960587491857918491758052515744836851066188493540863639483938630597013500542181567198654168353024820349742461244311689537594878555647573806832194747042209664997179525447640872774989525342356018460389477187719554152352790377298977705652593710894731094333333012742144000000000000
142 6370792231884800022563360248744017176188436360547798007104423749243920581425888836536124610057920670069462993408615882017883874759151758070864128249107914981146393176800463229212007237336499891333713030507370156407012444366536319625166164549949911962052001166420368327802613204844004454866646737869361477107120876224543662181070899872686724680667192255979384387125855941017706702623267998787442719752293025671724682692118912245211157946966480212293581796203438438916156972332804980780250426760698699746854682570466949832959360817673455346759083002399931817055316628059250637607673224996566777494477531688982189826775150468552972548679294761662392726611803940293008258388789271908903736307651211710576363903335964677856821340514379050907808263889165773415978181031144213139654125828918475072752058368000000000000
143 68488343449741058900573779351106490001435809330732758180780691257341775238250080488043327256858682222307853216400106636654813605712306713364638777773729033596587298404287820932805044018604121285894346250335444775245596170322504129158996587696063405051907531741381203560725162174699645682729345107238759321013055747644936690643779359227134905491153352218365910281522183407261800100399818233411116367113378870664627409637648741900646346245744180455723727444877622849395396929797333411369139437611734688444599067708366488806870232609072131560624475251856188313060579930610165843654170011319235743677989753296446893377058126811463866604010369654710786018826064221588379542691320886280933850141263083928057281056726189270145305013477400296242370486788436572997070782279478131773945334109269159511632847578962329600000000000
144 751898302515433817097456188288145857703435930131997229488165188772523040011136377238581480477255093560358363740194702594410570485788843202926812076199295950438217662923596860683732497841748730312225048690637950189861873429743996083384879650713687665983612247368451559601062861866679617574196089033552382828079506793955716403290801306890304858498255676470746679342729792715402446385371913127088107530299171169375269751456361263674763126981174952541776706760712432617674470076524203572905833087529568940684806276342971201699137954945526251128151679430505448020576114377650587755303456903389681839385633953752180908031899745625604612379322406348484750048435451531710583457949027943161264617663140112267470627345607459574635472699427348861357233020190213400943749492769418441223338817579259881405524463059861646606336000000000000
145 8428637866723486391338590188239192247065320659891140355870554591716906369096508807677153259814706841772722177467812551658638043022432765283817081774228291636426017238312492275974732363524082755436978869448865175769569439082505300228767689616358350965887614266632045706384334781085160007367617576442879001040012918682041881354490997861051362809470159774221310298439401480568117245456879284803669527413775159748534238059593299856410851684111145120524128831424513466281514662303521812999215667894603568075639077099885050465213179157100906377022965763884443906772579201912610057778607014587381554817879435865919648569825577411346487311824672955720097663877482231137224182610290502254582361518911227990146030552416936532748526553693944063068789597343940621665463008560069313189521751259829584746893389953419869835820011618304000000000000
146 96460394561027001517214967899174456571056612985624764808725083407163301409180996891467676058486804977725470659967742520484137547154582812010657303293503713640071621157183923706176297743544244097572623146868086702957652562309396018105006951300355508008650888125569976475722387174836096864329590694871013729438792076283830729165700938345143890627698979733322117944388148392361874969039990076240871781780885516018099332176681285640107475116007516375948630793967308697219491960548225466091247513524269666958764953835600465113364241288166398606901156217962536512381599468275056222497396617918388742319467231697837112093961670499829345177495147844237097305877040214568785732156803628697794168382772606645695156044680955490253645314758856435567896388049216010007876392289261984567372376751836943035725088611237761966905873335635148800000000000000
147 1126866267802767467840759012417606909234631853835796207747250959269992400901349899174920630333882613164048257202586842007049141195525292770672844204661015832639522883089397385676475045086524004962957982481174587350329656419968985099154189870704514585800303479047802704383648798816990674857322474064141742148197783488036122091100701481640753725791257699926984400436961123697072059612992730071775909089245116890045521593948443256217905182049917932509202439660010119911105937488171415560469438237552371804285049870364924586166475435555199970416517616132637175297581759187251557697217421409112177862847690853734553035365449216449044456599047173434825625861443655065345458327178304231934693692088851798609702401574915306969149113943255010019471725226421238854477059597159265357777069974827664097547763180378832325816843711570335228210708480000000000000
148 13435895740897312014421344812608187492833081760629755505690862538390659561082397583362219967974953843725838872734956112151536902007248277287237545607991069785187577791654512417897659057045112162701581994290126482271099790988722204323278048991114682587804899452358213186678414975833201026448856747171116806198865608670659290152708018351875812895715168423014501736519509449584252315119340282009778200124682073439470255436939558636144881057736866726366746680208151678753910742877257522008554559400961216544891056990626059673538959772928633801670416002058047711788996231761659477320373752866409376023595032000514347660720726120300938594018191893543248246506146523253662204179111249943740743940597160459071412412704076740923778026693932403780358820928830085473133323418322160940721597648607000182948812732403808773322322221133108073081043601588224000000000000
149 163482696300068536147260885763607978303101929110568761638415453757508125327241245362256762676247352854597544600433348224726217134375017063164389102939754711653729917348745700228343748152568627657908653597542787826739337080729864931883875003416984111179191700183850092942492225017690615290474755606514484692397246602672581255863271129294203301956612510324002822809634600984880895078522760317458605300640696734808965268628359083635563243475256713119055913063669246250584356904779581969053251251786536342229772871302166988157135072580117468784279252072787786854826889123319298665651129071305672980339980838981825493649775529566620460597432281092119231398442816797828685064868313641039813717355338899056978596312762644589875121519274924449392450960909792115898202800567370868944701762412477155102406087425639285426271851856948552788375024496441536020480000000000000
150 2029685283266550676348360017474559128118910297282330271553136397636483750204378547273471686809848253580931614725748472977387487688261879715567388995775215907422818007601979309033898144462956656370978920648718994760307009761418987949936173047644978116525695073666099117354524601214636595042253772805703612088318361414646526560921060281682783796594024319226871797584183053371754857308891466082811871488244711699547044161258756061206323939931437268209932963055539942643837824828175725403816303108301803919504625401466134870011689081051058633202237135108916071091459894455201871867862485178702998088431200925378774842876190308121825681900694399694047848251940271325832001512195997467421455148636109074968551605435838553768538941725770101634632675969689881155127738012179466023033189483958812515288111861411109089571488176018800543749096281066155605018326073344000000000000
