1 0
2 3
3 4
4 7
5 9
6 12
7 13
8 16
9 27
10 30
11 31
12 34
13 36
14 39
15 40
16 43
17 81
18 84
19 85
20 88
21 90
22 93
23 94
24 97
25 108
26 111
27 112
28 115
29 117
30 120
31 121
32 124
33 243
34 246
35 247
36 250
37 252
38 255
39 256
40 259
41 270
42 273
43 274
44 277
45 279
46 282
47 283
48 286
49 324
50 327
51 328
52 331
53 333
54 336
55 337
56 340
57 351
58 354
59 355
60 358
61 360
62 363
63 364
64 367
65 729
66 732
67 733
68 736
69 738
70 741
71 742
72 745
73 756
74 759
75 760
76 763
77 765
78 768
79 769
80 772
81 810
82 813
83 814
84 817
85 819
86 822
87 823
88 826
89 837
90 840
91 841
92 844
93 846
94 849
95 850
96 853
97 972
98 975
99 976
100 979
101 981
102 984
103 985
104 988
105 999
106 1002
107 1003
108 1006
109 1008
110 1011
111 1012
112 1015
113 1053
114 1056
115 1057
116 1060
117 1062
118 1065
119 1066
120 1069
121 1080
122 1083
123 1084
124 1087
125 1089
126 1092
127 1093
128 1096
129 2187
130 2190
131 2191
132 2194
133 2196
134 2199
135 2200
136 2203
137 2214
138 2217
139 2218
140 2221
141 2223
142 2226
143 2227
144 2230
145 2268
146 2271
147 2272
148 2275
149 2277
150 2280
151 2281
152 2284
153 2295
154 2298
155 2299
156 2302
157 2304
158 2307
159 2308
160 2311
161 2430
162 2433
163 2434
164 2437
165 2439
166 2442
167 2443
168 2446
169 2457
170 2460
171 2461
172 2464
173 2466
174 2469
175 2470
176 2473
177 2511
178 2514
179 2515
180 2518
181 2520
182 2523
183 2524
184 2527
185 2538
186 2541
187 2542
188 2545
189 2547
190 2550
191 2551
192 2554
193 2916
194 2919
195 2920
196 2923
197 2925
198 2928
199 2929
200 2932
201 2943
202 2946
203 2947
204 2950
205 2952
206 2955
207 2956
208 2959
209 2997
210 3000
211 3001
212 3004
213 3006
214 3009
215 3010
216 3013
217 3024
218 3027
219 3028
220 3031
221 3033
222 3036
223 3037
224 3040
225 3159
226 3162
227 3163
228 3166
229 3168
230 3171
231 3172
232 3175
233 3186
234 3189
235 3190
236 3193
237 3195
238 3198
239 3199
240 3202
241 3240
242 3243
243 3244
244 3247
245 3249
246 3252
247 3253
248 3256
249 3267
250 3270
251 3271
252 3274
253 3276
254 3279
255 3280
256 3283
257 6561
258 6564
259 6565
260 6568
261 6570
262 6573
263 6574
264 6577
265 6588
266 6591
267 6592
268 6595
269 6597
270 6600
271 6601
272 6604
273 6642
274 6645
275 6646
276 6649
277 6651
278 6654
279 6655
280 6658
281 6669
282 6672
283 6673
284 6676
285 6678
286 6681
287 6682
288 6685
289 6804
290 6807
291 6808
292 6811
293 6813
294 6816
295 6817
296 6820
297 6831
298 6834
299 6835
300 6838
301 6840
302 6843
303 6844
304 6847
305 6885
306 6888
307 6889
308 6892
309 6894
310 6897
311 6898
312 6901
313 6912
314 6915
315 6916
316 6919
317 6921
318 6924
319 6925
320 6928
321 7290
322 7293
323 7294
324 7297
325 7299
326 7302
327 7303
328 7306
329 7317
330 7320
331 7321
332 7324
333 7326
334 7329
335 7330
336 7333
337 7371
338 7374
339 7375
340 7378
341 7380
342 7383
343 7384
344 7387
345 7398
346 7401
347 7402
348 7405
349 7407
350 7410
351 7411
352 7414
353 7533
354 7536
355 7537
356 7540
357 7542
358 7545
359 7546
360 7549
361 7560
362 7563
363 7564
364 7567
365 7569
366 7572
367 7573
368 7576
369 7614
370 7617
371 7618
372 7621
373 7623
374 7626
375 7627
376 7630
377 7641
378 7644
379 7645
380 7648
381 7650
382 7653
383 7654
384 7657
385 8748
386 8751
387 8752
388 8755
389 8757
390 8760
391 8761
392 8764
393 8775
394 8778
395 8779
396 8782
397 8784
398 8787
399 8788
400 8791
401 8829
402 8832
403 8833
404 8836
405 8838
406 8841
407 8842
408 8845
409 8856
410 8859
411 8860
412 8863
413 8865
414 8868
415 8869
416 8872
417 8991
418 8994
419 8995
420 8998
421 9000
422 9003
423 9004
424 9007
425 9018
426 9021
427 9022
428 9025
429 9027
430 9030
431 9031
432 9034
433 9072
434 9075
435 9076
436 9079
437 9081
438 9084
439 9085
440 9088
441 9099
442 9102
443 9103
444 9106
445 9108
446 9111
447 9112
448 9115
449 9477
450 9480
451 9481
452 9484
453 9486
454 9489
455 9490
456 9493
457 9504
458 9507
459 9508
460 9511
461 9513
462 9516
463 9517
464 9520
465 9558
466 9561
467 9562
468 9565
469 9567
470 9570
471 9571
472 9574
473 9585
474 9588
475 9589
476 9592
477 9594
478 9597
479 9598
480 9601
481 9720
482 9723
483 9724
484 9727
485 9729
486 9732
487 9733
488 9736
489 9747
490 9750
491 9751
492 9754
493 9756
494 9759
495 9760
496 9763
497 9801
498 9804
499 9805
500 9808
501 9810
502 9813
503 9814
504 9817
505 9828
506 9831
507 9832
508 9835
509 9837
510 9840
511 9841
512 9844
513 19683
514 19686
515 19687
516 19690
517 19692
518 19695
519 19696
520 19699
521 19710
522 19713
523 19714
524 19717
525 19719
526 19722
527 19723
528 19726
529 19764
530 19767
531 19768
532 19771
533 19773
534 19776
535 19777
536 19780
537 19791
538 19794
539 19795
540 19798
541 19800
542 19803
543 19804
544 19807
545 19926
546 19929
547 19930
548 19933
549 19935
550 19938
551 19939
552 19942
553 19953
554 19956
555 19957
556 19960
557 19962
558 19965
559 19966
560 19969
561 20007
562 20010
563 20011
564 20014
565 20016
566 20019
567 20020
568 20023
569 20034
570 20037
571 20038
572 20041
573 20043
574 20046
575 20047
576 20050
577 20412
578 20415
579 20416
580 20419
581 20421
582 20424
583 20425
584 20428
585 20439
586 20442
587 20443
588 20446
589 20448
590 20451
591 20452
592 20455
593 20493
594 20496
595 20497
596 20500
597 20502
598 20505
599 20506
600 20509
601 20520
602 20523
603 20524
604 20527
605 20529
606 20532
607 20533
608 20536
609 20655
610 20658
611 20659
612 20662
613 20664
614 20667
615 20668
616 20671
617 20682
618 20685
619 20686
620 20689
621 20691
622 20694
623 20695
624 20698
625 20736
626 20739
627 20740
628 20743
629 20745
630 20748
631 20749
632 20752
633 20763
634 20766
635 20767
636 20770
637 20772
638 20775
639 20776
640 20779
641 21870
642 21873
643 21874
644 21877
645 21879
646 21882
647 21883
648 21886
649 21897
650 21900
651 21901
652 21904
653 21906
654 21909
655 21910
656 21913
657 21951
658 21954
659 21955
660 21958
661 21960
662 21963
663 21964
664 21967
665 21978
666 21981
667 21982
668 21985
669 21987
670 21990
671 21991
672 21994
673 22113
674 22116
675 22117
676 22120
677 22122
678 22125
679 22126
680 22129
681 22140
682 22143
683 22144
684 22147
685 22149
686 22152
687 22153
688 22156
689 22194
690 22197
691 22198
692 22201
693 22203
694 22206
695 22207
696 22210
697 22221
698 22224
699 22225
700 22228
701 22230
702 22233
703 22234
704 22237
705 22599
706 22602
707 22603
708 22606
709 22608
710 22611
711 22612
712 22615
713 22626
714 22629
715 22630
716 22633
717 22635
718 22638
719 22639
720 22642
721 22680
722 22683
723 22684
724 22687
725 22689
726 22692
727 22693
728 22696
729 22707
730 22710
731 22711
732 22714
733 22716
734 22719
735 22720
736 22723
737 22842
738 22845
739 22846
740 22849
741 22851
742 22854
743 22855
744 22858
745 22869
746 22872
747 22873
748 22876
749 22878
750 22881
751 22882
752 22885
753 22923
754 22926
755 22927
756 22930
757 22932
758 22935
759 22936
760 22939
761 22950
762 22953
763 22954
764 22957
765 22959
766 22962
767 22963
768 22966
769 26244
770 26247
771 26248
772 26251
773 26253
774 26256
775 26257
776 26260
777 26271
778 26274
779 26275
780 26278
781 26280
782 26283
783 26284
784 26287
785 26325
786 26328
787 26329
788 26332
789 26334
790 26337
791 26338
792 26341
793 26352
794 26355
795 26356
796 26359
797 26361
798 26364
799 26365
800 26368
801 26487
802 26490
803 26491
804 26494
805 26496
806 26499
807 26500
808 26503
809 26514
810 26517
811 26518
812 26521
813 26523
814 26526
815 26527
816 26530
817 26568
818 26571
819 26572
820 26575
821 26577
822 26580
823 26581
824 26584
825 26595
826 26598
827 26599
828 26602
829 26604
830 26607
831 26608
832 26611
833 26973
834 26976
835 26977
836 26980
837 26982
838 26985
839 26986
840 26989
841 27000
842 27003
843 27004
844 27007
845 27009
846 27012
847 27013
848 27016
849 27054
850 27057
851 27058
852 27061
853 27063
854 27066
855 27067
856 27070
857 27081
858 27084
859 27085
860 27088
861 27090
862 27093
863 27094
864 27097
865 27216
866 27219
867 27220
868 27223
869 27225
870 27228
871 27229
872 27232
873 27243
874 27246
875 27247
876 27250
877 27252
878 27255
879 27256
880 27259
881 27297
882 27300
883 27301
884 27304
885 27306
886 27309
887 27310
888 27313
889 27324
890 27327
891 27328
892 27331
893 27333
894 27336
895 27337
896 27340
897 28431
898 28434
899 28435
900 28438
901 28440
902 28443
903 28444
904 28447
905 28458
906 28461
907 28462
908 28465
909 28467
910 28470
911 28471
912 28474
913 28512
914 28515
915 28516
916 28519
917 28521
918 28524
919 28525
920 28528
921 28539
922 28542
923 28543
924 28546
925 28548
926 28551
927 28552
928 28555
929 28674
930 28677
931 28678
932 28681
933 28683
934 28686
935 28687
936 28690
937 28701
938 28704
939 28705
940 28708
941 28710
942 28713
943 28714
944 28717
945 28755
946 28758
947 28759
948 28762
949 28764
950 28767
951 28768
952 28771
953 28782
954 28785
955 28786
956 28789
957 28791
958 28794
959 28795
960 28798
961 29160
962 29163
963 29164
964 29167
965 29169
966 29172
967 29173
968 29176
969 29187
970 29190
971 29191
972 29194
973 29196
974 29199
975 29200
976 29203
977 29241
978 29244
979 29245
980 29248
981 29250
982 29253
983 29254
984 29257
985 29268
986 29271
987 29272
988 29275
989 29277
990 29280
991 29281
992 29284
993 29403
994 29406
995 29407
996 29410
997 29412
998 29415
999 29416
1000 29419
1001 29430
1002 29433
1003 29434
1004 29437
1005 29439
1006 29442
1007 29443
1008 29446
1009 29484
1010 29487
1011 29488
1012 29491
1013 29493
1014 29496
1015 29497
1016 29500
1017 29511
1018 29514
1019 29515
1020 29518
1021 29520
1022 29523
1023 29524
1024 29527
1025 59049
1026 59052
1027 59053
1028 59056
1029 59058
1030 59061
1031 59062
1032 59065
1033 59076
1034 59079
1035 59080
1036 59083
1037 59085
1038 59088
1039 59089
1040 59092
1041 59130
1042 59133
1043 59134
1044 59137
1045 59139
1046 59142
1047 59143
1048 59146
1049 59157
1050 59160
1051 59161
1052 59164
1053 59166
1054 59169
1055 59170
1056 59173
1057 59292
1058 59295
1059 59296
1060 59299
1061 59301
1062 59304
1063 59305
1064 59308
1065 59319
1066 59322
1067 59323
1068 59326
1069 59328
1070 59331
1071 59332
1072 59335
1073 59373
1074 59376
1075 59377
1076 59380
1077 59382
1078 59385
1079 59386
1080 59389
1081 59400
1082 59403
1083 59404
1084 59407
1085 59409
1086 59412
1087 59413
1088 59416
1089 59778
1090 59781
1091 59782
1092 59785
1093 59787
1094 59790
1095 59791
1096 59794
1097 59805
1098 59808
1099 59809
1100 59812
1101 59814
1102 59817
1103 59818
1104 59821
1105 59859
1106 59862
1107 59863
1108 59866
1109 59868
1110 59871
1111 59872
1112 59875
1113 59886
1114 59889
1115 59890
1116 59893
1117 59895
1118 59898
1119 59899
1120 59902
1121 60021
1122 60024
1123 60025
1124 60028
1125 60030
1126 60033
1127 60034
1128 60037
1129 60048
1130 60051
1131 60052
1132 60055
1133 60057
1134 60060
1135 60061
1136 60064
1137 60102
1138 60105
1139 60106
1140 60109
1141 60111
1142 60114
1143 60115
1144 60118
1145 60129
1146 60132
1147 60133
1148 60136
1149 60138
1150 60141
1151 60142
1152 60145
1153 61236
1154 61239
1155 61240
1156 61243
1157 61245
1158 61248
1159 61249
1160 61252
1161 61263
1162 61266
1163 61267
1164 61270
1165 61272
1166 61275
1167 61276
1168 61279
1169 61317
1170 61320
1171 61321
1172 61324
1173 61326
1174 61329
1175 61330
1176 61333
1177 61344
1178 61347
1179 61348
1180 61351
1181 61353
1182 61356
1183 61357
1184 61360
1185 61479
1186 61482
1187 61483
1188 61486
1189 61488
1190 61491
1191 61492
1192 61495
1193 61506
1194 61509
1195 61510
1196 61513
1197 61515
1198 61518
1199 61519
1200 61522
1201 61560
1202 61563
1203 61564
1204 61567
1205 61569
1206 61572
1207 61573
1208 61576
1209 61587
1210 61590
1211 61591
1212 61594
1213 61596
1214 61599
1215 61600
1216 61603
1217 61965
1218 61968
1219 61969
1220 61972
1221 61974
1222 61977
1223 61978
1224 61981
1225 61992
1226 61995
1227 61996
1228 61999
1229 62001
1230 62004
1231 62005
1232 62008
1233 62046
1234 62049
1235 62050
1236 62053
1237 62055
1238 62058
1239 62059
1240 62062
1241 62073
1242 62076
1243 62077
1244 62080
1245 62082
1246 62085
1247 62086
1248 62089
1249 62208
1250 62211
1251 62212
1252 62215
1253 62217
1254 62220
1255 62221
1256 62224
1257 62235
1258 62238
1259 62239
1260 62242
1261 62244
1262 62247
1263 62248
1264 62251
1265 62289
1266 62292
1267 62293
1268 62296
1269 62298
1270 62301
1271 62302
1272 62305
1273 62316
1274 62319
1275 62320
1276 62323
1277 62325
1278 62328
1279 62329
1280 62332
1281 65610
1282 65613
1283 65614
1284 65617
1285 65619
1286 65622
1287 65623
1288 65626
1289 65637
1290 65640
1291 65641
1292 65644
1293 65646
1294 65649
1295 65650
1296 65653
1297 65691
1298 65694
1299 65695
1300 65698
1301 65700
1302 65703
1303 65704
1304 65707
1305 65718
1306 65721
1307 65722
1308 65725
1309 65727
1310 65730
1311 65731
1312 65734
1313 65853
1314 65856
1315 65857
1316 65860
1317 65862
1318 65865
1319 65866
1320 65869
1321 65880
1322 65883
1323 65884
1324 65887
1325 65889
1326 65892
1327 65893
1328 65896
1329 65934
1330 65937
1331 65938
1332 65941
1333 65943
1334 65946
1335 65947
1336 65950
1337 65961
1338 65964
1339 65965
1340 65968
1341 65970
1342 65973
1343 65974
1344 65977
1345 66339
1346 66342
1347 66343
1348 66346
1349 66348
1350 66351
1351 66352
1352 66355
1353 66366
1354 66369
1355 66370
1356 66373
1357 66375
1358 66378
1359 66379
1360 66382
1361 66420
1362 66423
1363 66424
1364 66427
1365 66429
1366 66432
1367 66433
1368 66436
1369 66447
1370 66450
1371 66451
1372 66454
1373 66456
1374 66459
1375 66460
1376 66463
1377 66582
1378 66585
1379 66586
1380 66589
1381 66591
1382 66594
1383 66595
1384 66598
1385 66609
1386 66612
1387 66613
1388 66616
1389 66618
1390 66621
1391 66622
1392 66625
1393 66663
1394 66666
1395 66667
1396 66670
1397 66672
1398 66675
1399 66676
1400 66679
1401 66690
1402 66693
1403 66694
1404 66697
1405 66699
1406 66702
1407 66703
1408 66706
1409 67797
1410 67800
1411 67801
1412 67804
1413 67806
1414 67809
1415 67810
1416 67813
1417 67824
1418 67827
1419 67828
1420 67831
1421 67833
1422 67836
1423 67837
1424 67840
1425 67878
1426 67881
1427 67882
1428 67885
1429 67887
1430 67890
1431 67891
1432 67894
1433 67905
1434 67908
1435 67909
1436 67912
1437 67914
1438 67917
1439 67918
1440 67921
1441 68040
1442 68043
1443 68044
1444 68047
1445 68049
1446 68052
1447 68053
1448 68056
1449 68067
1450 68070
1451 68071
1452 68074
1453 68076
1454 68079
1455 68080
1456 68083
1457 68121
1458 68124
1459 68125
1460 68128
1461 68130
1462 68133
1463 68134
1464 68137
1465 68148
1466 68151
1467 68152
1468 68155
1469 68157
1470 68160
1471 68161
1472 68164
1473 68526
1474 68529
1475 68530
1476 68533
1477 68535
1478 68538
1479 68539
1480 68542
1481 68553
1482 68556
1483 68557
1484 68560
1485 68562
1486 68565
1487 68566
1488 68569
1489 68607
1490 68610
1491 68611
1492 68614
1493 68616
1494 68619
1495 68620
1496 68623
1497 68634
1498 68637
1499 68638
1500 68641
1501 68643
1502 68646
1503 68647
1504 68650
1505 68769
1506 68772
1507 68773
1508 68776
1509 68778
1510 68781
1511 68782
1512 68785
1513 68796
1514 68799
1515 68800
1516 68803
1517 68805
1518 68808
1519 68809
1520 68812
1521 68850
1522 68853
1523 68854
1524 68857
1525 68859
1526 68862
1527 68863
1528 68866
1529 68877
1530 68880
1531 68881
1532 68884
1533 68886
1534 68889
1535 68890
1536 68893
1537 78732
1538 78735
1539 78736
1540 78739
1541 78741
1542 78744
1543 78745
1544 78748
1545 78759
1546 78762
1547 78763
1548 78766
1549 78768
1550 78771
1551 78772
1552 78775
1553 78813
1554 78816
1555 78817
1556 78820
1557 78822
1558 78825
1559 78826
1560 78829
1561 78840
1562 78843
1563 78844
1564 78847
1565 78849
1566 78852
1567 78853
1568 78856
1569 78975
1570 78978
1571 78979
1572 78982
1573 78984
1574 78987
1575 78988
1576 78991
1577 79002
1578 79005
1579 79006
1580 79009
1581 79011
1582 79014
1583 79015
1584 79018
1585 79056
1586 79059
1587 79060
1588 79063
1589 79065
1590 79068
1591 79069
1592 79072
1593 79083
1594 79086
1595 79087
1596 79090
1597 79092
1598 79095
1599 79096
1600 79099
1601 79461
1602 79464
1603 79465
1604 79468
1605 79470
1606 79473
1607 79474
1608 79477
1609 79488
1610 79491
1611 79492
1612 79495
1613 79497
1614 79500
1615 79501
1616 79504
1617 79542
1618 79545
1619 79546
1620 79549
1621 79551
1622 79554
1623 79555
1624 79558
1625 79569
1626 79572
1627 79573
1628 79576
1629 79578
1630 79581
1631 79582
1632 79585
1633 79704
1634 79707
1635 79708
1636 79711
1637 79713
1638 79716
1639 79717
1640 79720
1641 79731
1642 79734
1643 79735
1644 79738
1645 79740
1646 79743
1647 79744
1648 79747
1649 79785
1650 79788
1651 79789
1652 79792
1653 79794
1654 79797
1655 79798
1656 79801
1657 79812
1658 79815
1659 79816
1660 79819
1661 79821
1662 79824
1663 79825
1664 79828
1665 80919
1666 80922
1667 80923
1668 80926
1669 80928
1670 80931
1671 80932
1672 80935
1673 80946
1674 80949
1675 80950
1676 80953
1677 80955
1678 80958
1679 80959
1680 80962
1681 81000
1682 81003
1683 81004
1684 81007
1685 81009
1686 81012
1687 81013
1688 81016
1689 81027
1690 81030
1691 81031
1692 81034
1693 81036
1694 81039
1695 81040
1696 81043
1697 81162
1698 81165
1699 81166
1700 81169
1701 81171
1702 81174
1703 81175
1704 81178
1705 81189
1706 81192
1707 81193
1708 81196
1709 81198
1710 81201
1711 81202
1712 81205
1713 81243
1714 81246
1715 81247
1716 81250
1717 81252
1718 81255
1719 81256
1720 81259
1721 81270
1722 81273
1723 81274
1724 81277
1725 81279
1726 81282
1727 81283
1728 81286
1729 81648
1730 81651
1731 81652
1732 81655
1733 81657
1734 81660
1735 81661
1736 81664
1737 81675
1738 81678
1739 81679
1740 81682
1741 81684
1742 81687
1743 81688
1744 81691
1745 81729
1746 81732
1747 81733
1748 81736
1749 81738
1750 81741
1751 81742
1752 81745
1753 81756
1754 81759
1755 81760
1756 81763
1757 81765
1758 81768
1759 81769
1760 81772
1761 81891
1762 81894
1763 81895
1764 81898
1765 81900
1766 81903
1767 81904
1768 81907
1769 81918
1770 81921
1771 81922
1772 81925
1773 81927
1774 81930
1775 81931
1776 81934
1777 81972
1778 81975
1779 81976
1780 81979
1781 81981
1782 81984
1783 81985
1784 81988
1785 81999
1786 82002
1787 82003
1788 82006
1789 82008
1790 82011
1791 82012
1792 82015
1793 85293
1794 85296
1795 85297
1796 85300
1797 85302
1798 85305
1799 85306
1800 85309
1801 85320
1802 85323
1803 85324
1804 85327
1805 85329
1806 85332
1807 85333
1808 85336
1809 85374
1810 85377
1811 85378
1812 85381
1813 85383
1814 85386
1815 85387
1816 85390
1817 85401
1818 85404
1819 85405
1820 85408
1821 85410
1822 85413
1823 85414
1824 85417
1825 85536
1826 85539
1827 85540
1828 85543
1829 85545
1830 85548
1831 85549
1832 85552
1833 85563
1834 85566
1835 85567
1836 85570
1837 85572
1838 85575
1839 85576
1840 85579
1841 85617
1842 85620
1843 85621
1844 85624
1845 85626
1846 85629
1847 85630
1848 85633
1849 85644
1850 85647
1851 85648
1852 85651
1853 85653
1854 85656
1855 85657
1856 85660
1857 86022
1858 86025
1859 86026
1860 86029
1861 86031
1862 86034
1863 86035
1864 86038
1865 86049
1866 86052
1867 86053
1868 86056
1869 86058
1870 86061
1871 86062
1872 86065
1873 86103
1874 86106
1875 86107
1876 86110
1877 86112
1878 86115
1879 86116
1880 86119
1881 86130
1882 86133
1883 86134
1884 86137
1885 86139
1886 86142
1887 86143
1888 86146
1889 86265
1890 86268
1891 86269
1892 86272
1893 86274
1894 86277
1895 86278
1896 86281
1897 86292
1898 86295
1899 86296
1900 86299
1901 86301
1902 86304
1903 86305
1904 86308
1905 86346
1906 86349
1907 86350
1908 86353
1909 86355
1910 86358
1911 86359
1912 86362
1913 86373
1914 86376
1915 86377
1916 86380
1917 86382
1918 86385
1919 86386
1920 86389
1921 87480
1922 87483
1923 87484
1924 87487
1925 87489
1926 87492
1927 87493
1928 87496
1929 87507
1930 87510
1931 87511
1932 87514
1933 87516
1934 87519
1935 87520
1936 87523
1937 87561
1938 87564
1939 87565
1940 87568
1941 87570
1942 87573
1943 87574
1944 87577
1945 87588
1946 87591
1947 87592
1948 87595
1949 87597
1950 87600
1951 87601
1952 87604
1953 87723
1954 87726
1955 87727
1956 87730
1957 87732
1958 87735
1959 87736
1960 87739
1961 87750
1962 87753
1963 87754
1964 87757
1965 87759
1966 87762
1967 87763
1968 87766
1969 87804
1970 87807
1971 87808
1972 87811
1973 87813
1974 87816
1975 87817
1976 87820
1977 87831
1978 87834
1979 87835
1980 87838
1981 87840
1982 87843
1983 87844
1984 87847
1985 88209
1986 88212
1987 88213
1988 88216
1989 88218
1990 88221
1991 88222
1992 88225
1993 88236
1994 88239
1995 88240
1996 88243
1997 88245
1998 88248
1999 88249
2000 88252
2001 88290
2002 88293
2003 88294
2004 88297
2005 88299
2006 88302
2007 88303
2008 88306
2009 88317
2010 88320
2011 88321
2012 88324
2013 88326
2014 88329
2015 88330
2016 88333
2017 88452
2018 88455
2019 88456
2020 88459
2021 88461
2022 88464
2023 88465
2024 88468
2025 88479
2026 88482
2027 88483
2028 88486
2029 88488
2030 88491
2031 88492
2032 88495
2033 88533
2034 88536
2035 88537
2036 88540
2037 88542
2038 88545
2039 88546
2040 88549
2041 88560
2042 88563
2043 88564
2044 88567
2045 88569
2046 88572
2047 88573
2048 88576




















