1 4
2 1
3 2
4 4
5 1
6 4
7 7
8 3
9 5
10 2
11 4
12 1
13 6
14 5
15 7
16 17
17 5
18 2
19 5
20 10
21 4
22 7
23 18
24 4
25 3
26 5
27 7
28 26
29 19
30 9
31 6
32 17
33 1
34 5
35 1
36 11
37 9
38 12
39 10
40 7
41 8
42 3
43 15
44 6
45 2
46 3
47 6
48 18
49 48
50 7
51 5
52 25
53 12
54 21
55 11
56 4
57 21
58 2
59 6
60 5
61 50
62 5
63 21
64 18
65 30
66 1
67 6
68 5
69 4
70 6
71 4
72 1
73 2
74 20
75 10
76 4
77 24
78 3
79 13
80 5
81 55
82 2
83 76
84 21
85 3
86 7
87 41
88 64
89 5
90 12
91 3
92 23
93 8
94 1
95 64
96 3
97 14
98 30
99 19
100 12
101 87
102 4
103 25
104 7
105 46
106 4
107 30
108 9
109 27
110 6
111 3
112 6
113 18
114 4
115 13
116 6
117 31
118 3
119 24
120 12
121 37
122 23
123 39
124 7
125 1
126 38
127 62
128 21
129 13
130 6
131 5
132 19
133 25
134 8
135 29
136 3
137 6
138 4
139 38
140 2
141 6
142 35
143 39
144 32
145 31
146 28
147 92
148 78
149 36
150 39
151 54
152 62
153 73
154 15
155 76
156 8
157 39
158 15
159 26
160 1
161 24
162 6
163 77
164 12
165 93
166 7
167 36
168 5
169 16
170 26
171 40
172 55
173 15
174 4
175 57
176 20
177 5
178 26
179 47
180 37
181 16
182 2
183 30
184 63
185 165
186 15
187 21
188 5
189 1
190 57
191 12
192 3
193 4
194 29
195 37
196 26
197 7
198 2
199 76
200 16
201 34
202 4
203 17
204 6
205 16
206 60
207 12
208 59
209 34
210 49
211 4
212 31
213 3
214 20
215 9
216 13
217 17
218 8
219 13
220 33
221 15
222 45
223 151
224 108
225 28
226 16
227 28
228 8
229 7
230 27
231 40
232 32
233 52
234 6
235 5
236 80
237 22
238 100
239 46
240 38
241 76
242 55
243 86
244 35
245 6
246 50
247 4
248 7
249 16
250 175
251 119
252 60
253 24
254 58
255 89
256 21
257 87
258 6
259 44
260 112
261 6
262 36
263 72
264 33
265 38
266 24
267 28
268 64
269 97
270 167
271 3
272 44
273 12
274 47
275 22
276 121
277 170
278 72
279 2
280 142
281 68
282 51
283 9
284 21
285 15
286 54
287 45
288 1
289 149
290 68
291 4
292 109
293 39
294 3
295 98
296 6
297 16
298 23
299 18
300 43
301 114
302 23
303 11
304 5
305 12
306 20
307 1
308 24
309 47
310 118
311 9
312 27
313 37
314 49
315 22
316 5
317 15
318 84
319 90
320 23
321 6
322 10
323 58
324 107
325 34
326 61
327 1
328 36
329 27
330 36
331 12
332 9
333 87
334 9
335 14
336 58
337 70
338 17
339 44
340 28
341 84
342 17
343 75
344 119
345 15
346 116
347 8
348 20
349 15
350 48
351 44
352 6
353 26
354 4
355 63
356 23
357 19
358 12
359 41
360 34
361 93
362 40
363 5
364 7
365 8
366 173
367 22
368 21
369 83
370 113
371 75
372 6
373 9
374 80
375 112
376 63
377 86
378 21
379 116
380 64
381 12
382 26
383 80
384 13
385 172
386 21
387 29
388 31
389 29
390 130
391 48
392 97
393 35
394 15
395 10
396 15
397 53
398 144
399 25
400 189
401 12
402 20
403 151
404 12
405 15
406 143
407 10
408 36
409 72
410 34
411 65
412 17
413 75
414 106
415 102
416 100
417 175
418 37
419 61
420 67
421 30
422 4
423 38
424 68
425 59
426 159
427 33
428 124
429 107
430 72
431 27
432 252
433 116
434 280
435 180
436 164
437 90
438 36
439 59
440 186
441 82
442 38
443 26
444 323
445 96
446 125
447 35
448 42
449 27
450 249
451 28
452 234
453 74
454 258
455 37
456 36
457 17
458 18
459 222
460 73
461 4
462 74
463 2
464 296
465 82
466 21
467 156
468 6
469 47
470 247
471 79
472 7
473 29
474 2
475 141
476 167
477 80
478 60
479 17
480 42
481 49
482 19
483 155
484 114
485 40
486 60
487 47
488 70
489 42
490 16
491 27
492 56
493 1
494 21
495 91
496 131
497 17
498 5
499 17
500 63
501 8
502 19
503 41
504 76
505 29
506 58
507 74
508 34
509 65
510 148
511 16
512 3
513 9
514 7
515 38
516 36
517 14
518 12
519 89
520 19
521 44
522 10
523 79
524 49
525 29
526 118
527 7
528 14
529 12
530 52
531 6
532 26
533 42
534 72
535 60
536 21
537 38
538 44
539 138
540 3
541 62
542 24
543 97
544 42
545 4
546 133
547 44
548 164
549 78
550 1
551 43
552 30
553 72
554 329
555 71
556 23
557 6
558 83
559 31
560 5
561 11
562 293
563 36
564 106
565 68
566 85
567 29
568 21
569 131
570 74
571 33
572 50
573 203
574 10
575 7
576 26
577 39
578 42
579 48
580 97
581 35
582 118
583 42
584 158
585 64
586 47
587 22
588 33
589 26
590 52
591 43
592 87
593 108
594 52
595 84
596 6
597 31
598 24
599 47
600 9
601 16
602 32
603 21
604 59
605 34
606 55
607 24
608 19
609 34
610 90
611 81
612 10
613 53
614 154
615 66
616 7
617 153
618 16
619 33
620 15
621 52
622 9
623 17
624 40
625 42
626 6
627 34
628 451
629 99
630 308
631 232
632 7
633 44
634 12
635 30
636 47
637 28
638 62
639 85
640 18
641 6
642 25
643 16
644 21
645 256
646 39
647 107
648 27
649 67
650 17
651 100
652 7
653 23
654 197
655 154
656 26
657 61
658 1
659 61
660 59
661 18
662 96
663 20
664 15
665 153
666 3
667 264
668 31
669 20
670 171
671 207
672 337
673 123
674 35
675 58
676 49
677 64
678 55
679 136
680 279
681 164
682 248
683 99
684 186
685 106
686 279
687 224
688 26
689 129
690 79
691 43
692 149
693 25
694 16
695 500
696 100
697 72
698 64
699 126
700 122
701 38
702 836
703 424
704 540
705 139
706 349
707 76
708 80
709 110
710 50
711 99
712 24
713 289
714 184
715 50
716 90
717 365
718 132
719 54
720 105
721 1071
722 72
723 205
724 125
725 337
726 280
727 50
728 755
729 657
730 121
731 278
732 109
733 25
734 52
735 24
736 18
737 211
738 68
739 140
740 61
741 54
742 236
743 157
744 104
745 64
746 278
747 282
748 114
749 177
750 135
751 16
752 13
753 25
754 60
755 7
756 63
757 93
758 30
759 31
760 52
761 38
762 52
763 153
764 10
765 24
766 8
767 22
768 33
769 22
770 110
771 137
772 313
773 26
774 9
775 134
776 167
777 18
778 10
779 7
780 82
781 41
782 95
783 47
784 119
785 346
786 26
787 108
788 333
789 210
790 144
791 1
792 49
793 270
794 249
795 8
796 10
797 11
798 50
799 157
800 76
801 21
802 188
803 15
804 75
805 10
806 103
807 243
808 60
809 34
810 70
811 68
812 148
813 28
814 271
815 39
816 257
817 318
818 66
819 169
820 296
821 132
822 9
823 17
824 40
825 24
826 46
827 284
828 89
829 79
830 182
831 121
832 139
833 47
834 35
835 195
836 91
837 41
838 1
839 4
840 83
841 130
842 68
843 126
844 2
845 16
846 34
847 112
848 5
849 80
850 9
851 26
852 146
853 94
854 98
855 31
856 7
857 155
858 5
859 86
860 134
861 90
862 1
863 71
864 36
865 12
866 28
867 11
868 8
869 26
870 6
871 114
872 41
873 76
874 113
875 25
876 110
877 1
878 58
879 35
880 25
881 48
882 10
883 53
884 174
885 35
886 144
887 7
888 72
889 31
890 11
891 12
892 222
893 24
894 169
895 58
896 1
897 26
898 105
899 55
900 154
901 23
902 34
903 244
904 84
905 210
906 85
907 48
908 157
909 68
910 20
911 94
912 53
913 73
914 38
915 34
916 23
917 108
918 16
919 150
920 3
921 112
922 94
923 75
924 116
925 2
926 18
927 214
928 40
929 246
930 60
931 48
932 3
933 160
934 4
935 77
936 43
937 55
938 26
939 8
940 133
941 38
942 3
943 10
944 95
945 143
946 213
947 1
948 12
949 11
950 18
951 91
952 74
953 106
954 16
955 50
956 2
957 54
958 114
959 7
960 36
961 17
962 145
963 5
964 61
965 29
966 187
967 97
968 2
969 13
970 8
971 72
972 15
973 12
974 11
975 149
976 49
977 14
978 56
979 320
980 26
981 84
982 31
983 3
984 62
985 26
986 31
987 55
988 10
989 22
990 130
991 21
992 103
993 244
994 20
995 354
996 21
997 216
998 2
999 6
1000 162
1001 21
1002 48
1003 105
1004 43
1005 31
1006 315
1007 197
1008 8
1009 106
1010 64
1011 3
1012 239
1013 263
1014 17
1015 208
1016 62
1017 87
1018 291
1019 288
1020 401
1021 11
1022 27
1023 10
1024 58
1025 7
1026 60
1027 115
1028 41
1029 111
1030 423
1031 119
1032 162
1033 43
1034 8
1035 340
1036 4
1037 44
1038 167
1039 10
1040 141
1041 57
1042 153
1043 402
1044 105
1045 122
1046 104
1047 140
1048 74
1049 46
1050 268
1051 50
1052 10
1053 207
1054 198
1055 27
1056 107
1057 37
1058 21
1059 35
1060 15
1061 96
1062 27
1063 22
1064 3
1065 57
1066 27
1067 487
1068 49
1069 41
1070 118
1071 51
1072 144
1073 246
1074 43
1075 11
1076 174
1077 42
1078 18
1079 163
1080 95
1081 27
1082 44
1083 252
1084 206
1085 93
1086 50
1087 84
1088 8
1089 132
1090 51
1091 145
1092 128
1093 106
1094 29
1095 11
1096 243
1097 54
1098 26
1099 27
1100 17
1101 48
1102 15
1103 282
1104 112
1105 143
1106 1
1107 395
1108 53
1109 18
1110 116
1111 9
1112 212
1113 60
1114 55
1115 195
1116 14
1117 86
1118 554
1119 40
1120 11
1121 185
1122 145
1123 73
1124 234
1125 33
1126 193
1127 7
1128 163
1129 80
1130 532
1131 316
1132 301
1133 66
1134 206
1135 17
1136 87
1137 225
1138 309
1139 38
1140 330
1141 65
1142 334
1143 1647
1144 169
1145 87
1146 148
1147 179
1148 142
1149 254
1150 24
1151 552
1152 10
1153 277
1154 142
1155 53
1156 123
1157 47
1158 73
1159 110
1160 421
1161 943
1162 396
1163 55
1164 763
1165 828
1166 696
1167 1041
1168 1328
1169 52
1170 211
1171 509
1172 211
1173 279
1174 69
1175 203
1176 48
1177 1472
1178 276
1179 205
1180 29
1181 66
1182 588
1183 301
1184 31
1185 22
1186 55
1187 694
1188 1867
1189 293
1190 474
1191 747
1192 237
1193 171
1194 199
1195 27
1196 205
1197 673
1198 322
1199 140
1200 937
1201 340
1202 141
1203 343
1204 468
1205 4
1206 357
1207 50
1208 22
1209 717
1210 36
1211 177
1212 268
1213 553
1214 195
1215 411
1216 11
1217 79
1218 300
1219 668
1220 145
1221 254
1222 153
1223 1196
1224 180
1225 220
1226 70
1227 343
1228 32
1229 20
1230 67
1231 24
1232 562
1233 177
1234 97
1235 46
1236 526
1237 80
1238 158
1239 255
1240 469
1241 892
1242 32
1243 179
1244 723
1245 412
1246 19
1247 434
1248 218
1249 253
1250 177
1251 51
1252 29
1253 79
1254 457
1255 102
1256 5
1257 42
1258 162
1259 199
1260 39
1261 107
1262 126
1263 39
1264 101
1265 42
1266 73
1267 51
1268 455
1269 565
1270 204
1271 389
1272 888
1273 30
1274 81
1275 70
1276 345
1277 64
1278 481
1279 112
1280 56
1281 470
1282 50
1283 26
1284 336
1285 84
1286 18
1287 39
1288 34
1289 24
1290 1
1291 5
1292 140
1293 252
1294 255
1295 339
1296 100
1297 39
1298 109
1299 25
1300 33
1301 93
1302 320
1303 11
1304 114
1305 33
1306 13
1307 221
1308 51
1309 63
1310 33
1311 117
1312 206
1313 219
1314 10
1315 53
1316 39
1317 114
1318 41
1319 80
1320 193
1321 40
1322 17
1323 82
1324 120
1325 204
1326 5
1327 25
1328 57
1329 25
1330 1
1331 40
1332 282
1333 6
1334 56
1335 103
1336 57
1337 241
1338 139
1339 217
1340 118
1341 70
1342 83
1343 14
1344 3
1345 468
1346 88
1347 242
1348 32
1349 12
1350 242
1351 48
1352 42
1353 121
1354 49
1355 22
1356 94
1357 196
1358 29
1359 126
1360 56
1361 20
1362 187
1363 57
1364 78
1365 53
1366 80
1367 89
1368 9
1369 146
1370 198
1371 115
1372 6
1373 192
1374 174
1375 25
1376 18
1377 41
1378 119
1379 38
1380 149
1381 99
1382 47
1383 24
1384 33
1385 112
1386 21
1387 27
1388 99
1389 270
1390 27
1391 245
1392 103
1393 66
1394 58
1395 43
1396 49
1397 33
1398 69
1399 291
1400 3
1401 185
1402 122
1403 270
1404 54
1405 289
1406 20
1407 11
1408 50
1409 65
1410 27
1411 34
1412 10
1413 148
1414 74
1415 161
1416 242
1417 9
1418 29
1419 44
1420 19
1421 32
1422 19
1423 21
1424 9
1425 8
1426 217
1427 16
1428 6
1429 130
1430 232
1431 261
1432 84
1433 63
1434 39
1435 26
1436 19
1437 20
1438 237
1439 93
1440 81
1441 20
1442 157
1443 85
1444 11
1445 13
1446 141
1447 41
1448 10
1449 3
1450 69
1451 3
1452 102
1453 167
1454 74
1455 73
1456 43
1457 9
1458 141
1459 73
1460 105
1461 6
1462 221
1463 137
1464 368
1465 499
1466 210
1467 202
1468 244
1469 128
1470 154
1471 97
1472 481
1473 12
1474 167
1475 32
1476 505
1477 128
1478 86
1479 98
1480 258
1481 160
1482 51
1483 89
1484 111
1485 101
1486 138
1487 166
1488 61
1489 2
1490 258
1491 82
1492 41
1493 49
1494 166
1495 248
1496 36
1497 78
1498 149
1499 24
1500 247
1501 202
1502 46
1503 199
1504 5
1505 50
1506 54
1507 50
1508 141
1509 26
1510 87
1511 151
1512 55
1513 8
1514 53
1515 109
1516 182
1517 52
1518 65
1519 55
1520 393
1521 377
1522 15
1523 69
1524 7
1525 80
1526 217
1527 162
1528 94
1529 129
1530 104
1531 188
1532 149
1533 170
1534 39
1535 60
1536 303
1537 10
1538 17
1539 81
1540 180
1541 241
1542 27
1543 35
1544 23
1545 99
1546 46
1547 10
1548 175
1549 1
1550 114
1551 45
1552 41
1553 190
1554 85
1555 68
1556 140
1557 118
1558 127
1559 53
1560 86
1561 2
1562 41
1563 98
1564 33
1565 292
1566 50
1567 36
1568 34
1569 14
1570 55
1571 97
1572 132
1573 178
1574 132
1575 91
1576 62
1577 301
1578 20
1579 6
1580 84
1581 109
1582 46
1583 65
1584 161
1585 94
1586 18
1587 2
1588 105
1589 114
1590 9
1591 3
1592 33
1593 108
1594 50
1595 26
1596 107
1597 39
1598 27
1599 3
1600 111
1601 100
1602 17
1603 89
1604 4
1605 25
1606 96
1607 113
1608 125
1609 8
1610 109
1611 98
1612 210
1613 29
1614 71
1615 21
1616 130
1617 81
1618 4
1619 21
1620 137
1621 19
1622 42
1623 57
1624 202
1625 4
1626 247
1627 33
1628 66
1629 59
1630 10
1631 26
1632 25
1633 179
1634 24
1635 5
1636 25
1637 267
1638 21
1639 12
1640 240
1641 25
1642 13
1643 33
1644 8
1645 10
1646 11
1647 113
1648 73
1649 31
1650 263
1651 248
1652 61
1653 13
1654 77
1655 121
1656 457
1657 242
1658 271
1659 18
1660 67
1661 40
1662 157
1663 60
1664 412
1665 32
1666 18
1667 95
1668 57
1669 12
1670 107
1671 199
1672 98
1673 112
1674 33
1675 112
1676 241
1677 77
1678 108
1679 236
1680 85
1681 58
1682 98
1683 106
1684 23
1685 145
1686 50
1687 100
1688 2
1689 33
1690 78
1691 1
1692 116
1693 239
1694 105
1695 196
1696 7
1697 54
1698 101
1699 121
1700 7
1701 16
1702 44
1703 41
1704 47
1705 30
1706 25
1707 10
1708 40
1709 184
1710 176
1711 144
1712 60
1713 76
1714 9
1715 46
1716 17
1717 368
1718 149
1719 178
1720 103
1721 235
1722 74
1723 122
1724 207
1725 92
1726 91
1727 168
1728 383
1729 217
1730 138
1731 27
1732 55
1733 12
1734 50
1735 38
1736 41
1737 353
1738 102
1739 587
1740 93
1741 17
1742 460
1743 295
1744 4
1745 201
1746 144
1747 387
1748 132
1749 17
1750 155
1751 12
1752 296
1753 85
1754 52
1755 19
1756 13
1757 357
1758 22
1759 122
1760 125
1761 203
1762 31
1763 176
1764 217
1765 3
1766 113
1767 10
1768 260
1769 130
1770 16
1771 11
1772 869
1773 225
1774 86
1775 4
1776 481
1777 402
1778 119
1779 125
1780 151
1781 112
1782 697
1783 97
1784 4
1785 477
1786 64
1787 168
1788 192
1789 62
1790 141
1791 129
1792 153
1793 470
1794 229
1795 78
1796 167
1797 346
1798 126
1799 55
1800 113
1801 25
1802 39
1803 67
1804 281
1805 273
1806 43
1807 1
1808 6
1809 443
1810 213
1811 506
1812 544
1813 56
1814 128
1815 153
1816 41
1817 34
1818 2
1819 81
1820 633
1821 185
1822 224
1823 174
1824 94
1825 41
1826 122
1827 226
1828 37
1829 329
1830 62
1831 279
1832 98
1833 473
1834 489
1835 160
1836 583
1837 155
1838 369
1839 61
1840 268
1841 404
1842 281
1843 254
1844 153
1845 118
1846 4
1847 351
1848 377
1849 1
1850 51
1851 77
1852 386
1853 223
1854 222
1855 341
1856 396
1857 723
1858 492
1859 580
1860 546
1861 75
1862 964
1863 225
1864 567
1865 102
1866 143
1867 847
1868 797
1869 397
1870 251
1871 466
1872 140
1873 260
1874 363
1875 132
1876 138
1877 60
1878 114
1879 733
1880 176
1881 1254
1882 810
1883 78
1884 365
1885 28
1886 390
1887 126
1888 101
1889 565
1890 37
1891 483
1892 1042
1893 126
1894 168
1895 831
1896 61
1897 422
1898 119
1899 18
1900 158
1901 156
1902 95
1903 230
1904 296
1905 363
1906 433
1907 96
1908 66
1909 403
1910 134
1911 141
1912 508
1913 67
1914 128
1915 237
1916 508
1917 72
1918 780
1919 176
1920 567
1921 680
1922 67
1923 363
1924 46
1925 189
1926 8
1927 1186
1928 483
1929 202
1930 43
1931 113
1932 481
1933 1176
1934 653
1935 194
1936 97
1937 502
1938 16
1939 218
1940 117
1941 169
1942 173
1943 246
1944 837
1945 291
1946 91
1947 133
1948 80
1949 142
1950 230
1951 121
1952 133
1953 171
1954 864
1955 739
1956 192
1957 703
1958 11
1959 263
1960 615
1961 271
1962 1001
1963 334
1964 340
1965 2653
1966 305
1967 583
1968 339
1969 165
1970 47
1971 1159
1972 112
1973 260
1974 917
1975 327
1976 292
1977 658
1978 747
1979 96
1980 680
1981 315
1982 652
1983 856
1984 188
1985 471
1986 743
1987 10
1988 3781
1989 312
1990 2560
1991 6893
1992 915
1993 636
1994 36
1995 2237
1996 526
1997 262
1998 166
1999 686
2000 3568
2001 201
2002 359
2003 728
2004 195
2005 1045
2006 102
2007 596
2008 151
2009 213
2010 102
2011 51
2012 1370
2013 467
2014 368
2015 794
2016 1072
2017 857
2018 1295
2019 1664
2020 143
2021 425
2022 358
2023 916
2024 270
2025 262
2026 580
2027 377
2028 671
2029 555
2030 83
2031 35
2032 601
2033 153
2034 291
2035 71
2036 451
2037 568
2038 615
2039 167
2040 132
2041 516
2042 351
2043 1019
2044 67
2045 371
2046 270
2047 666
2048 3095
2049 747
2050 537
2051 122
2052 398
2053 455
2054 972
2055 161
2056 287
2057 431
2058 468
2059 31
2060 659
2061 214
2062 78
2063 475
2064 641
2065 360
2066 409
2067 591
2068 187
2069 327
2070 258
2071 355
2072 763
2073 557
2074 3888
2075 756
2076 205
2077 55
2078 133
2079 534
2080 456
2081 543
2082 908
2083 102
2084 348
2085 386
2086 304
2087 1008
2088 190
2089 806
2090 153
2091 219
2092 11
2093 233
2094 181
2095 224
2096 36
2097 44
2098 249
2099 1111
2100 48
2101 444
2102 29
2103 420
2104 112
2105 76
2106 660
2107 16
2108 20
2109 7
2110 124
2111 323
2112 284
2113 123
2114 26
2115 80
2116 12
2117 166
2118 42
2119 135
2120 241
2121 150
2122 21
2123 124
2124 247
2125 37
2126 211
2127 19
2128 259
2129 92
2130 51
2131 77
2132 7
2133 55
2134 326
2135 70
2136 213
2137 1
2138 103
2139 147
2140 17
2141 28
2142 309
2143 62
2144 60
2145 283
2146 58
2147 18
2148 39
2149 24
2150 116
2151 99
2152 30
2153 38
2154 57
2155 308
2156 65
2157 514
2158 133
2159 1
2160 36
2161 177
2162 99
2163 30
2164 46
2165 163
2166 216
2167 110
2168 154
2169 15
2170 103
2171 211
2172 210
2173 76
2174 90
2175 16
2176 1
2177 146
2178 204
2179 57
2180 165
2181 151
2182 214
2183 90
2184 205
2185 147
2186 380
2187 21
2188 354
2189 37
2190 213
2191 36
2192 407
2193 175
2194 12
2195 357
2196 145
2197 177
2198 221
2199 226
2200 50
2201 3
2202 137
2203 43
2204 80
2205 31
2206 156
2207 116
2208 24
2209 26
2210 457
2211 73
2212 28
2213 29
2214 145
2215 4
2216 195
2217 26
2218 6
2219 16
2220 112
2221 21
2222 199
2223 46
2224 101
2225 75
2226 43
2227 178
2228 147
2229 8
2230 135
2231 69
2232 53
2233 105
2234 50
2235 6
2236 24
2237 23
2238 184
2239 71
2240 33
2241 5
2242 1
2243 122
2244 73
2245 288
2246 247
2247 10
2248 37
2249 114
2250 60
2251 214
2252 18
2253 32
2254 99
2255 229
2256 2
2257 110
2258 83
2259 33
2260 134
2261 60
2262 41
2263 23
2264 174
2265 76
2266 49
2267 95
2268 112
2269 430
2270 12
2271 28
2272 50
2273 132
2274 79
2275 98
2276 138
2277 82
2278 192
2279 105
2280 109
2281 73
2282 156
2283 18
2284 37
2285 106
2286 43
2287 18
2288 181
2289 95
2290 4
2291 5
2292 1
2293 27
2294 55
2295 42
2296 31
2297 2
2298 104
2299 218
2300 10
2301 194
2302 36
2303 41
2304 115
2305 262
2306 42
2307 55
2308 39
2309 228
2310 132
2311 131
2312 29
2313 20
2314 45
2315 84
2316 48
2317 179
2318 155
2319 347
2320 107
2321 8
2322 12
2323 46
2324 9
2325 71
2326 35
2327 41
2328 445
2329 86
2330 121
2331 331
2332 286
2333 131
2334 47
2335 102
2336 21
2337 238
2338 131
2339 668
2340 62
2341 194
2342 30
2343 124
2344 667
2345 455
2346 253
2347 52
2348 111
2349 183
2350 47
2351 138
2352 133
2353 66
2354 156
2355 186
2356 113
2357 48
2358 32
2359 221
2360 35
2361 182
2362 164
2363 40
2364 36
2365 45
2366 91
2367 10
2368 37
2369 83
2370 140
2371 85
2372 54
2373 28
2374 145
2375 237
2376 197
2377 19
2378 195
2379 41
2380 141
2381 6
2382 47
2383 209
2384 130
2385 34
2386 100
2387 157
2388 54
2389 37
2390 35
2391 71
2392 4
2393 66
2394 212
2395 110
2396 8
2397 32
2398 334
2399 26
2400 25
2401 11
2402 9
2403 111
2404 93
2405 67
2406 144
2407 143
2408 16
2409 45
2410 177
2411 275
2412 31
2413 77
2414 55
2415 164
2416 36
2417 32
2418 7
2419 44
2420 10
2421 131
2422 63
2423 11
2424 32
2425 57
2426 125
2427 95
2428 64
2429 326
2430 11
2431 92
2432 10
2433 101
2434 69
2435 234
2436 345
2437 163
2438 381
2439 178
2440 126
2441 92
2442 457
2443 67
2444 36
2445 745
2446 193
2447 150
2448 223
2449 186
2450 6
2451 15
2452 218
2453 311
2454 131
2455 239
2456 21
2457 58
2458 107
2459 59
2460 97
2461 105
2462 9
2463 18
2464 284
2465 224
2466 44
2467 60
2468 91
2469 50
2470 60
2471 8
2472 1
2473 121
2474 79
2475 139
2476 192
2477 170
2478 40
2479 193
2480 127
2481 22
2482 66
2483 38
2484 310
2485 65
2486 129
2487 118
2488 4
2489 151
2490 26
2491 3
2492 16
2493 188
2494 103
2495 115
2496 141
2497 189
2498 381
2499 214
2500 32
2501 37
2502 95
2503 202
2504 57
2505 38
2506 511
2507 7
2508 24
2509 271
2510 61
2511 140
2512 106
2513 300
2514 9
2515 39
2516 322
2517 5
2518 57
2519 5
2520 229
2521 144
2522 5
2523 165
2524 47
2525 57
2526 35
2527 344
2528 577
2529 408
2530 215
2531 72
2532 247
2533 9
2534 637
2535 159
2536 69
2537 219
2538 235
2539 150
2540 15
2541 497
2542 48
2543 427
2544 275
2545 31
2546 89
2547 94
2548 64
2549 458
2550 18
2551 84
2552 37
2553 174
2554 2
2555 589
2556 65
2557 27
2558 59
2559 39
2560 141
2561 1
2562 90
2563 428
2564 113
2565 24
2566 65
2567 105
2568 404
2569 3
2570 158
2571 64
2572 107
2573 157
2574 246
2575 35
2576 167
2577 94
2578 113
2579 28
2580 3
2581 59
2582 149
2583 4
2584 65
2585 32
2586 135
2587 216
2588 122
2589 475
2590 70
2591 201
2592 23
2593 167
2594 20
2595 146
2596 4
2597 64
2598 13
2599 106
2600 25
2601 313
2602 54
2603 10
2604 61
2605 67
2606 45
2607 268
2608 36
2609 125
2610 129
2611 181
2612 105
2613 140
2614 32
2615 524
2616 518
2617 84
2618 687
2619 87
2620 110
2621 18
2622 233
2623 396
2624 1105
2625 77
2626 2
2627 241
2628 170
2629 52
2630 20
2631 238
2632 391
2633 94
2634 158
2635 586
2636 28
2637 114
2638 113
2639 36
2640 204
2641 120
2642 73
2643 65
2644 131
2645 109
2646 111
2647 8
2648 215
2649 264
2650 40
2651 157
2652 207
2653 51
2654 84
2655 451
2656 14
2657 48
2658 51
2659 134
2660 68
2661 1
2662 2
2663 102
2664 54
2665 52
2666 63
2667 187
2668 190
2669 14
2670 62
2671 75
2672 127
2673 4
2674 55
2675 21
2676 3
2677 7
2678 314
2679 146
2680 31
2681 83
2682 104
2683 45
2684 127
2685 644
2686 146
2687 11
2688 48
2689 2
2690 165
2691 303
2692 68
2693 38
2694 236
2695 29
2696 47
2697 29
2698 310
2699 535
2700 225
2701 543
2702 409
2703 24
2704 352
2705 202
2706 487
2707 203
2708 20
2709 204
2710 18
2711 11
2712 219
2713 139
2714 4
2715 44
2716 162
2717 65
2718 118
2719 360
2720 10
2721 6
2722 98
2723 311
2724 29
2725 93
2726 137
2727 28
2728 40
2729 253
2730 37
2731 107
2732 79
2733 63
2734 97
2735 112
2736 259
2737 28
2738 78
2739 118
2740 79
2741 148
2742 157
2743 156
2744 158
2745 25
2746 590
2747 15
2748 69
2749 214
2750 71
2751 48
2752 192
2753 553
2754 12
2755 35
2756 18
2757 129
2758 43
2759 319
2760 118
2761 42
2762 246
2763 398
2764 717
2765 98
2766 90
2767 55
2768 152
2769 230
2770 77
2771 49
2772 182
2773 10
2774 474
2775 275
2776 17
2777 40
2778 88
2779 183
2780 13
2781 117
2782 166
2783 156
2784 249
2785 317
2786 130
2787 58
2788 148
2789 72
2790 200
2791 174
2792 120
2793 158
2794 50
2795 173
2796 120
2797 98
2798 236
2799 154
2800 463
2801 47
2802 132
2803 187
2804 369
2805 70
2806 163
2807 524
2808 107
2809 111
2810 72
2811 59
2812 345
2813 15
2814 214
2815 185
2816 671
2817 57
2818 1
2819 140
2820 734
2821 562
2822 12
2823 122
2824 215
2825 150
2826 338
2827 38
2828 230
2829 24
2830 161
2831 28
2832 127
2833 426
2834 166
2835 61
2836 113
2837 33
2838 55
2839 14
2840 452
2841 366
2842 92
2843 449
2844 35
2845 86
2846 132
2847 557
2848 2
2849 332
2850 134
2851 628
2852 264
2853 1
2854 46
2855 3
2856 886
2857 156
2858 458
2859 378
2860 64
2861 203
2862 180
2863 214
2864 12
2865 86
2866 317
2867 1036
2868 396
2869 345
2870 88
2871 22
2872 48
2873 7
2874 42
2875 142
2876 264
2877 141
2878 131
2879 103
2880 38
2881 346
2882 359
2883 7
2884 304
2885 244
2886 337
2887 130
2888 103
2889 14
2890 173
2891 258
2892 15
2893 381
2894 238
2895 194
2896 597
2897 40
2898 243
2899 151
2900 8
2901 570
2902 126
2903 140
2904 84
2905 197
2906 7
2907 568
2908 347
2909 18
2910 3
2911 30
2912 289
2913 231
2914 157
2915 123
2916 156
2917 98
2918 539
2919 457
2920 179
2921 150
2922 5
2923 151
2924 293
2925 29
2926 342
2927 55
2928 143
2929 124
2930 674
2931 67
2932 58
2933 294
2934 152
2935 343
2936 166
2937 18
2938 129
2939 54
2940 488
2941 68
2942 856
2943 157
2944 86
2945 32
2946 63
2947 502
2948 413
2949 63
2950 278
2951 647
2952 147
2953 52
2954 238
2955 360
2956 56
2957 106
2958 2
2959 323
2960 99
2961 48
2962 108
2963 245
2964 110
2965 11
2966 87
2967 187
2968 588
2969 15
2970 8
2971 3
2972 205
2973 11
2974 473
2975 917
2976 35
2977 27
2978 102
2979 229
2980 377
2981 383
2982 159
2983 496
2984 7
2985 33
2986 163
2987 92
2988 15
2989 150
2990 373
2991 83
2992 66
2993 590
2994 557
2995 574
2996 250
2997 316
2998 29
2999 18
3000 22
3001 125
3002 69
3003 138
3004 32
3005 264
3006 52
3007 83
3008 146
3009 33
3010 145
3011 30
3012 57
3013 23
3014 437
3015 110
3016 713
3017 20
3018 978
3019 17
3020 153
3021 16
3022 43
3023 332
3024 132
3025 6
3026 416
3027 450
3028 88
3029 112
3030 518
3031 759
3032 152
3033 367
3034 11
3035 8
3036 1179
3037 66
3038 171
3039 189
3040 42
3041 121
3042 483
3043 87
3044 1077
3045 43
3046 133
3047 56
3048 63
3049 409
3050 735
3051 900
3052 64
3053 102
3054 58
3055 190
3056 319
3057 50
3058 4
3059 336
3060 64
3061 90
3062 141
3063 28
3064 81
3065 221
3066 167
3067 8
3068 376
3069 71
3070 173
3071 331
3072 519
3073 318
3074 64
3075 203
3076 17
3077 211
3078 59
3079 511
3080 702
3081 449
3082 364
3083 237
3084 174
3085 128
3086 90
3087 163
3088 76
3089 42
3090 126
3091 608
3092 363
3093 68
3094 12
3095 252
3096 89
3097 278
3098 22
3099 19
3100 75
3101 301
3102 46
3103 111
3104 42
3105 219
3106 6
3107 184
3108 200
3109 277
3110 185
3111 922
3112 62
3113 403
3114 539
3115 1068
3116 103
3117 307
3118 149
3119 359
3120 474
3121 593
3122 234
3123 120
3124 481
3125 167
3126 182
3127 471
3128 1153
3129 626
3130 1771
3131 336
3132 614
3133 380
3134 443
3135 229
3136 81
3137 352
3138 360
3139 345
3140 460
3141 16
3142 437
3143 779
3144 189
3145 506
3146 308
3147 162
3148 787
3149 331
3150 519
3151 1067
3152 125
3153 27
3154 119
3155 785
3156 1238
3157 397
3158 194
3159 406
3160 346
3161 46
3162 310
3163 94
3164 872
3165 578
3166 69
3167 455
3168 33
3169 1571
3170 267
3171 141
3172 204
3173 1620
3174 1063
3175 272
3176 324
3177 1189
3178 1432
3179 423
3180 1256
3181 1020
3182 1398
3183 334
3184 682
3185 2366
3186 578
3187 1286
3188 844
3189 308
3190 524
3191 1471
3192 25
3193 111
3194 82
3195 2339
3196 1452
3197 414
3198 180
3199 2110
3200 1471
3201 1335
3202 830
3203 1415
3204 341
3205 1419
3206 787
3207 910
3208 932
3209 1082
3210 2148
3211 1283
3212 1906
3213 298
3214 1137
3215 368
3216 846
3217 3211
3218 42
3219 819
3220 1517
3221 113
3222 509
3223 591
3224 411
3225 1367
3226 143
3227 672
3228 44
3229 1054
3230 2610
3231 538
3232 498
3233 918
3234 1770
3235 1777
3236 827
3237 985
3238 49
3239 193
3240 137
3241 3180
3242 67
3243 2275
3244 146
3245 1264
3246 11
3247 143
3248 3230
3249 71
3250 450
3251 589
3252 1047
3253 116
3254 51
3255 146
3256 129
3257 4306
3258 785
3259 1181
3260 952
3261 841
3262 204
3263 146
3264 2005
3265 1839
3266 50
3267 5465
3268 567
3269 43
3270 376
3271 20
3272 2901
3273 1630
3274 4292
3275 1401
3276 1864
3277 7213
3278 3483
3279 349
3280 4579
3281 57
3282 4782
3283 346
3284 534
3285 8546
3286 9264
3287 3555
3288 1545
3289 7297
3290 4252
3291 6169
3292 4603
3293 2507
3294 1228
3295 2315
3296 517
3297 147
3298 2349
3299 1036
3300 419
3301 470
3302 631
3303 823
3304 1643
3305 3544
3306 254
3307 538
3308 497
3309 249
3310 1351
3311 113
3312 813
3313 1369
3314 434
3315 3130
3316 354
3317 140
3318 912
3319 1412
3320 669
3321 530
3322 3403
3323 1336
3324 1437
3325 1413
3326 3351
3327 210
3328 1019
3329 591
3330 1331
3331 142
3332 525
3333 277
3334 726
3335 207
3336 228
3337 1358
3338 2412
3339 72
3340 425
3341 349
3342 390
3343 197
3344 815
3345 528
3346 39
3347 294
3348 1535
3349 616
3350 1130
3351 419
3352 39
3353 583
3354 138
3355 41
3356 635
3357 38
3358 335
3359 271
3360 352
3361 1174
3362 116
3363 36
3364 456
3365 445
3366 410
3367 77
3368 1339
3369 1705
3370 467
3371 153
3372 2783
3373 471
3374 778
3375 87
3376 731
3377 628
3378 543
3379 490
3380 495
3381 316
3382 873
3383 2372
3384 711
3385 66
3386 797
3387 344
3388 10
3389 2
3390 164
3391 155
3392 55
3393 59
3394 203
3395 22
3396 55
3397 143
3398 178
3399 235
3400 18
3401 71
3402 88
3403 30
3404 53
3405 613
3406 147
3407 176
3408 1012
3409 808
3410 638
3411 33
3412 12
3413 339
3414 926
3415 86
3416 356
3417 252
3418 364
3419 641
3420 169
3421 247
3422 1772
3423 304
3424 32
3425 1564
3426 224
3427 743
3428 279
3429 135
3430 256
3431 346
3432 429
3433 65
3434 156
3435 683
3436 1406
3437 505
3438 191
3439 46
3440 882
3441 221
3442 76
3443 599
3444 22
3445 58
3446 201
3447 235
3448 39
3449 292
3450 894
3451 365
3452 246
3453 417
3454 112
3455 304
3456 7
3457 1003
3458 95
3459 510
3460 458
3461 370
3462 639
3463 366
3464 26
3465 1043
3466 59
3467 328
3468 480
3469 243
3470 87
3471 1618
3472 363
3473 312
3474 667
3475 632
3476 19
3477 958
3478 1073
3479 361
3480 160
3481 582
3482 279
3483 225
3484 521
3485 244
3486 15
3487 620
3488 201
3489 576
3490 452
3491 213
3492 420
3493 450
3494 122
3495 204
3496 11
3497 74
3498 42
3499 257
3500 210
3501 44
3502 183
3503 189
3504 379
3505 634
3506 346
3507 204
3508 132
3509 257
3510 150
3511 46
3512 225
3513 194
3514 68
3515 166
3516 201
3517 185
3518 682
3519 76
3520 39
3521 13
3522 171
3523 312
3524 16
3525 4
3526 272
3527 25
3528 76
3529 37
3530 123
3531 1
3532 86
3533 238
3534 502
3535 151
3536 4
3537 687
3538 544
3539 651
3540 34
3541 49
3542 359
3543 20
3544 16
3545 191
3546 57
3547 201
3548 776
3549 109
3550 248
3551 87
3552 200
3553 167
3554 348
3555 123
3556 22
3557 76
3558 266
3559 1
3560 123
3561 113
3562 145
3563 6
3564 72
3565 549
3566 356
3567 268
3568 173
3569 29
3570 150
3571 148
3572 178
3573 39
3574 42
3575 114
3576 12
3577 206
3578 29
3579 211
3580 152
3581 446
3582 42
3583 310
3584 2
3585 240
3586 47
3587 3
3588 161
3589 16
3590 734
3591 82
3592 41
3593 26
3594 138
3595 169
3596 13
3597 192
3598 94
3599 11
3600 553
3601 9
3602 41
3603 111
3604 22
3605 94
3606 102
3607 244
3608 213
3609 88
3610 42
3611 39
3612 99
3613 117
3614 225
3615 36
3616 65
3617 112
3618 158
3619 127
3620 203
3621 15
3622 125
3623 13
3624 324
3625 14
3626 524
3627 128
3628 54
3629 120
3630 80
3631 149
3632 67
3633 113
3634 60
3635 191
3636 196
3637 5
3638 95
3639 125
3640 188
3641 107
3642 87
3643 95
3644 330
3645 100
3646 51
3647 102
3648 328
3649 36
3650 205
3651 57
3652 175
3653 243
3654 28
3655 69
3656 192
3657 646
3658 167
3659 36
3660 72
3661 607
3662 311
3663 179
3664 19
3665 140
3666 75
3667 50
3668 399
3669 428
3670 130
3671 336
3672 436
3673 9
3674 187
3675 50
3676 38
3677 55
3678 2
3679 103
3680 32
3681 779
3682 190
3683 119
3684 62
3685 38
3686 114
3687 689
3688 109
3689 201
3690 112
3691 205
3692 28
3693 76
3694 202
3695 14
3696 119
3697 329
3698 71
3699 264
3700 156
3701 53
3702 11
3703 236
3704 70
3705 62
3706 96
3707 15
3708 221
3709 263
3710 45
3711 332
3712 65
3713 149
3714 430
3715 48
3716 192
3717 13
3718 17
3719 21
3720 160
3721 317
3722 103
3723 80
3724 64
3725 26
3726 191
3727 561
3728 321
3729 109
3730 50
3731 222
3732 95
3733 142
3734 507
3735 156
3736 106
3737 572
3738 621
3739 8
3740 400
3741 62
3742 39
3743 37
3744 381
3745 54
3746 48
3747 129
3748 290
3749 28
3750 14
3751 78
3752 219
3753 27
3754 49
3755 203
3756 117
3757 140
3758 36
3759 815
3760 240
3761 119
3762 16
3763 391
3764 92
3765 481
3766 379
3767 31
3768 57
3769 68
3770 3
3771 375
3772 136
3773 476
3774 4
3775 109
3776 36
3777 363
3778 158
3779 80
3780 100
3781 181
3782 216
3783 372
3784 604
3785 112
3786 572
3787 86
3788 43
3789 9
3790 197
3791 372
3792 71
3793 63
3794 135
3795 446
3796 43
3797 33
3798 132
3799 91
3800 105
3801 554
3802 62
3803 37
3804 173
3805 161
3806 443
3807 40
3808 108
3809 23
3810 30
3811 196
3812 212
3813 31
3814 514
3815 202
3816 436
3817 102
3818 220
3819 600
3820 81
3821 226
3822 283
3823 75
3824 102
3825 207
3826 168
3827 81
3828 547
3829 168
3830 131
3831 34
3832 213
3833 17
3834 159
3835 16
3836 633
3837 2
3838 218
3839 672
3840 29
3841 459
3842 5
3843 30
3844 134
3845 475
3846 139
3847 17
3848 8
3849 23
3850 210
3851 79
3852 34
3853 305
3854 63
3855 164
3856 15
3857 48
3858 237
3859 2
3860 61
3861 1197
3862 144
3863 146
3864 64
3865 118
3866 912
3867 279
3868 163
3869 43
3870 20
3871 120
3872 363
3873 7
3874 23
3875 10
3876 340
3877 26
3878 211
3879 961
3880 122
3881 45
3882 113
3883 34
3884 4
3885 100
3886 81
3887 475
3888 466
3889 182
3890 49
3891 408
3892 156
3893 299
3894 413
3895 131
3896 174
3897 821
3898 38
3899 12
3900 160
3901 18
3902 221
3903 639
3904 215
3905 364
3906 129
3907 12
3908 26
3909 259
3910 421
3911 256
3912 96
3913 55
3914 26
3915 47
3916 1367
3917 2
3918 85
3919 221
3920 289
3921 53
3922 34
3923 49
3924 85
3925 11
3926 170
3927 157
3928 81
3929 494
3930 60
3931 39
3932 91
3933 74
3934 76
3935 114
3936 97
3937 221
3938 38
3939 249
3940 435
3941 130
3942 33
3943 1
3944 985
3945 251
3946 154
3947 382
3948 147
3949 448
3950 232
3951 467
3952 53
3953 188
3954 225
3955 125
3956 26
3957 708
3958 67
3959 220
3960 257
3961 154
3962 472
3963 103
3964 234
3965 165
3966 677
3967 29
3968 50
3969 65
3970 132
3971 313
3972 138
3973 25
3974 95
3975 92
3976 18
3977 172
3978 60
3979 668
3980 166
3981 125
3982 34
3983 156
3984 210
3985 48
3986 231
3987 15
3988 119
3989 34
3990 86
3991 42
3992 129
3993 55
3994 62
3995 23
3996 51
3997 195
3998 410
3999 311
4000 268
4001 40
4002 162
4003 465
4004 185
4005 60
4006 58
4007 39
4008 125
4009 19
4010 117
4011 259
4012 199
4013 101
4014 50
4015 39
4016 98
4017 295
4018 1
4019 181
4020 41
4021 206
4022 159
4023 69
4024 59
4025 5
4026 177
4027 152
4028 5
4029 19
4030 248
4031 74
4032 10
4033 341
4034 222
4035 115
4036 93
4037 39
4038 125
4039 93
4040 118
4041 145
4042 502
4043 4
4044 201
4045 108
4046 69
4047 420
4048 100
4049 222
4050 175
4051 221
4052 11
4053 370
4054 12
4055 43
4056 474
4057 104
4058 701
4059 539
4060 1
4061 26
4062 87
4063 122
4064 296
4065 446
4066 12
4067 37
4068 56
4069 266
4070 169
4071 15
4072 311
4073 130
4074 52
4075 34
4076 82
4077 84
4078 114
4079 1
4080 667
4081 248
4082 220
4083 180
4084 1
4085 307
4086 54
4087 143
4088 266
4089 64
4090 28
4091 182
4092 301
4093 89
4094 87
4095 350
4096 191
4097 195
4098 185
4099 230
4100 2
4101 209
4102 133
4103 59
4104 261
4105 6
4106 106
4107 141
4108 45
4109 8
4110 283
4111 89
4112 452
4113 425
4114 210
4115 150
4116 393
4117 179
4118 312
4119 93
4120 69
4121 214
4122 250
4123 80
4124 17
4125 68
4126 8
4127 44
4128 3
4129 147
4130 322
4131 6
4132 299
4133 8
4134 39
4135 7
4136 39
4137 240
4138 360
4139 134
4140 114
4141 512
4142 117
4143 36
4144 52
4145 206
4146 424
4147 272
4148 6
4149 3
4150 44
4151 42
4152 128
4153 781
4154 38
4155 253
4156 42
4157 115
4158 36
4159 647
4160 80
4161 134
4162 208
4163 82
4164 195
4165 59
4166 169
4167 185
4168 355
4169 135
4170 425
4171 333
4172 181
4173 105
4174 70
4175 8
4176 36
4177 79
4178 267
4179 338
4180 239
4181 384
4182 27
4183 40
4184 62
4185 23
4186 201
4187 131
4188 363
4189 226
4190 21
4191 574
4192 47
4193 64
4194 319
4195 505
4196 19
4197 242
4198 26
4199 58
4200 85
4201 139
4202 114
4203 108
4204 204
4205 215
4206 238
4207 1169
4208 176
4209 75
4210 198
4211 138
4212 211
4213 192
4214 1804
4215 579
4216 361
4217 375
4218 86
4219 533
4220 50
4221 273
4222 206
4223 491
4224 7
4225 319
4226 227
4227 78
4228 245
4229 136
4230 28
4231 141
4232 166
4233 167
4234 35
4235 304
4236 6
4237 159
4238 530
4239 3
4240 396
4241 90
4242 136
4243 129
4244 536
4245 1
4246 305
4247 59
4248 26
4249 211
4250 130
4251 7
4252 21
4253 219
4254 164
4255 24
4256 8
4257 184
4258 238
4259 49
4260 101
4261 188
4262 68
4263 31
4264 45
4265 336
4266 179
4267 236
4268 13
4269 9
4270 205
4271 98
4272 144
4273 4
4274 16
4275 115
4276 77
4277 36
4278 1122
4279 304
4280 171
4281 45
4282 405
4283 406
4284 111
4285 188
4286 297
4287 118
4288 324
4289 28
4290 19
4291 22
4292 36
4293 72
4294 87
4295 177
4296 362
4297 569
4298 12
4299 49
4300 243
4301 174
4302 3
4303 18
4304 75
4305 192
4306 358
4307 150
4308 133
4309 112
4310 64
4311 26
4312 48
4313 601
4314 67
4315 43
4316 270
4317 866
4318 494
4319 81
4320 248
4321 8
4322 101
4323 7
4324 181
4325 98
4326 3
4327 81
4328 42
4329 93
4330 3
4331 109
4332 250
4333 7
4334 18
4335 50
4336 78
4337 41
4338 88
4339 54
4340 244
4341 485
4342 43
4343 269
4344 31
4345 44
4346 165
4347 193
4348 152
4349 18
4350 12
4351 384
4352 185
4353 51
4354 45
4355 381
4356 85
4357 21
4358 18
4359 263
4360 19
4361 294
4362 118
4363 10
4364 204
4365 32
4366 171
4367 21
4368 88
4369 208
4370 42
4371 46
4372 153
4373 58
4374 387
4375 256
4376 30
4377 589
4378 22
4379 614
4380 451
4381 171
4382 350
4383 118
4384 22
4385 53
4386 51
4387 31
4388 307
4389 293
4390 34
4391 67
4392 76
4393 63
4394 175
4395 241
4396 233
4397 76
4398 351
4399 141
4400 44
4401 70
4402 89
4403 20
4404 118
4405 130
4406 115
4407 27
4408 535
4409 45
4410 151
4411 255
4412 185
4413 19
4414 23
4415 66
4416 36
4417 205
4418 61
4419 80
4420 396
4421 181
4422 203
4423 37
4424 38
4425 349
4426 10
4427 171
4428 101
4429 126
4430 50
4431 88
4432 99
4433 429
4434 432
4435 57
4436 33
4437 95
4438 174
4439 66
4440 29
4441 82
4442 453
4443 53
4444 575
4445 11
4446 219
4447 502
4448 235
4449 85
4450 165
4451 151
4452 127
4453 1001
4454 85
4455 12
4456 187
4457 233
4458 334
4459 46
4460 525
4461 26
4462 20
4463 219
4464 356
4465 121
4466 225
4467 379
4468 159
4469 47
4470 114
4471 277
4472 61
4473 77
4474 609
4475 364
4476 216
4477 480
4478 148
4479 59
4480 55
4481 141
4482 425
4483 110
4484 106
4485 87
4486 91
4487 93
4488 70
4489 864
4490 216
4491 22
4492 140
4493 187
4494 51
4495 76
4496 206
4497 6
4498 493
4499 18
4500 691
4501 319
4502 337
4503 115
4504 82
4505 109
4506 142
4507 70
4508 150
4509 260
4510 97
4511 249
4512 103
4513 17
4514 214
4515 103
4516 719
4517 757
4518 409
4519 140
4520 107
4521 217
4522 111
4523 147
4524 46
4525 251
4526 36
4527 21
4528 746
4529 39
4530 124
4531 599
4532 426
4533 1199
4534 588
4535 116
4536 282
4537 311
4538 198
4539 313
4540 525
4541 112
4542 117
4543 6
4544 435
4545 11
4546 172
4547 18
4548 269
4549 473
4550 7
4551 403
4552 62
4553 179
4554 259
4555 275
4556 297
4557 302
4558 147
4559 280
4560 326
4561 123
4562 15
4563 134
4564 52
4565 6
4566 444
4567 304
4568 48
4569 9
4570 78
4571 138
4572 147
4573 127
4574 62
4575 106
4576 252
4577 15
4578 77
4579 343
4580 41
4581 369
4582 145
4583 168
4584 115
4585 281
4586 467
4587 78
4588 2
4589 125
4590 321
4591 68
4592 4
4593 289
4594 259
4595 33
4596 71
4597 158
4598 682
4599 101
4600 343
4601 14
4602 142
4603 61
4604 159
4605 34
4606 124
4607 83
4608 556
4609 141
4610 310
4611 440
4612 60
4613 177
4614 16
4615 85
4616 69
4617 202
4618 40
4619 6
4620 181
4621 1
4622 30
4623 69
4624 41
4625 6
4626 57
4627 72
4628 125
4629 147
4630 28
4631 20
4632 390
4633 40
4634 129
4635 70
4636 352
4637 229
4638 40
4639 138
4640 152
4641 308
4642 483
4643 18
4644 345
4645 325
4646 198
4647 720
4648 362
4649 149
4650 521

