1 0
2 2
3 3
4 2
5 5
6 3
7 7
8 2
9 3
10 5
11 11
12 0
13 13
14 7
15 0
16 2
17 17
18 3
19 19
20 5
21 7
22 11
23 23
24 0
25 5
26 13
27 3
28 0
29 29
30 0
31 31
32 2
33 0
34 17
35 0
36 0
37 37
38 19
39 13
40 0
41 41
42 7
43 43
44 0
45 0
46 23
47 47
48 0
49 7
50 5
51 0
52 13
53 53
54 3
55 11
56 0
57 19
58 29
59 59
60 0
61 61
62 31
63 0
64 2
65 0
66 0
67 67
68 17
69 0
70 0
71 71
72 0
73 73
74 37
75 0
76 0
77 0
78 13
79 79
80 0
81 3
82 41
83 83
84 0
85 0
86 43
87 0
88 0
89 89
90 0
91 0
92 0
93 31
94 47
95 0
96 0
97 97
98 7
99 0
100 5
101 101
102 0
103 103
104 0
105 0
106 53
107 107
108 0
109 109
110 11
111 37
112 0
113 113
114 19
115 0
116 29
117 0
118 59
119 0
120 0
121 11
122 61
123 0
124 0
125 5
126 0
127 127
128 2
129 43
130 0
131 131
132 0
133 0
134 67
135 0
136 17
137 137
138 0
139 139
140 0
141 0
142 71
143 0
144 0
145 0
146 73
147 7
148 37
149 149
150 0
151 151
152 0
153 0
154 0
155 31
156 13
157 157
158 79
159 0
160 0
161 0
162 3
163 163
164 41
165 0
166 83
167 167
168 0
169 13
170 0
171 19
172 0
173 173
174 0
175 0
176 0
177 0
178 89
179 179
180 0
181 181
182 0
183 61
184 0
185 0
186 31
187 0
188 0
189 0
190 0
191 191
192 0
193 193
194 97
195 0
196 0
197 197
198 0
199 199
200 0
201 67
202 101
203 29
204 0
205 41
206 103
207 0
208 0
209 0
210 0
211 211
212 53
213 0
214 107
215 0
216 0
217 0
218 109
219 73
220 0
221 0
222 37
223 223
224 0
225 0
226 113
227 227
228 0
229 229
230 0
231 0
232 0
233 233
234 0
235 0
236 0
237 79
238 0
239 239
240 0
241 241
242 11
243 3
244 61
245 0
246 0
247 0
248 0
249 0
250 5
251 251
252 0
253 23
254 127
255 0
256 2
257 257
258 43
259 0
260 0
261 0
262 131
263 263
264 0
265 0
266 0
267 0
268 0
269 269
270 0
271 271
272 17
273 0
274 137
275 0
276 0
277 277
278 139
279 0
280 0
281 281
282 0
283 283
284 0
285 0
286 0
287 0
288 0
289 17
290 0
291 97
292 73
293 293
294 7
295 0
296 0
297 0
298 149
299 0
300 0
301 43
302 151
303 0
304 0
305 61
306 0
307 307
308 0
309 103
310 31
311 311
312 0
313 313
314 157
315 0
316 0
317 317
318 0
319 0
320 0
321 0
322 0
323 0
324 0
325 0
326 163
327 109
328 41
329 0
330 0
331 331
332 0
333 37
334 167
335 0
336 0
337 337
338 13
339 0
340 0
341 0
342 19
343 7
344 0
345 0
346 173
347 347
348 0
349 349
350 0
351 0
352 0
353 353
354 0
355 71
356 89
357 0
358 179
359 359
360 0
361 19
362 181
363 0
364 0
365 0
366 61
367 367
368 0
369 0
370 0
371 0
372 0
373 373
374 0
375 0
376 0
377 0
378 0
379 379
380 0
381 127
382 191
383 383
384 0
385 0
386 193
387 0
388 97
389 389
390 0
391 0
392 0
393 0
394 197
395 0
396 0
397 397
398 199
399 0
400 0
401 401
402 67
403 0
404 101
405 0
406 29
407 0
408 0
409 409
410 41
411 0
412 0
413 0
414 0
415 0
416 0
417 139
418 0
419 419
420 0
421 421
422 211
423 0
424 0
425 0
426 0
427 0
428 0
429 0
430 0
431 431
432 0
433 433
434 0
435 0
436 109
437 0
438 73
439 439
440 0
441 0
442 0
443 443
444 37
445 0
446 223
447 0
448 0
449 449
450 0
451 0
452 113
453 151
454 227
455 0
456 0
457 457
458 229
459 0
460 0
461 461
462 0
463 463
464 0
465 31
466 233
467 467
468 0
469 0
470 0
471 157
472 0
473 0
474 79
475 0
476 0
477 0
478 239
479 479
480 0
481 0
482 241
483 0
484 0
485 0
486 3
487 487
488 0
489 163
490 0
491 491
492 0
493 0
494 0
495 0
496 0
497 71
498 0
499 499
500 5
501 0
502 251
503 503
504 0
505 101
506 23
507 13
508 0
509 509
510 0
511 0
512 2
513 0
514 257
515 0
516 0
517 0
518 0
519 0
520 0
521 521
522 0
523 523
524 0
525 0
526 263
527 0
528 0
529 23
530 0
531 0
532 0
533 0
534 0
535 0
536 0
537 0
538 269
539 0
540 0
541 541
542 271
543 181
544 0
545 0
546 0
547 547
548 137
549 0
550 0
551 0
552 0
553 0
554 277
555 0
556 0
557 557
558 0
559 0
560 0
561 0
562 281
563 563
564 0
565 0
566 283
567 0
568 0
569 569
570 0
571 571
572 0
573 0
574 0
575 0
576 0
577 577
578 17
579 193
580 0
581 0
582 97
583 0
584 73
585 0
586 293
587 587
588 0
589 0
590 0
591 0
592 0
593 593
594 0
595 0
596 149
597 199
598 0
599 599
600 0
601 601
602 43
603 0
604 0
605 11
606 0
607 607
608 0
609 0
610 61
611 0
612 0
613 613
614 307
615 0
616 0
617 617
618 103
619 619
620 0
621 0
622 311
623 0
624 0
625 5
626 313
627 0
628 157
629 0
630 0
631 631
632 0
633 211
634 317
635 0
636 0
637 0
638 0
639 0
640 0
641 641
642 0
643 643
644 0
645 0
646 0
647 647
648 0
649 0
650 0
651 0
652 0
653 653
654 109
655 131
656 0
657 73
658 0
659 659
660 0
661 661
662 331
663 0
664 0
665 0
666 37
667 0
668 0
669 223
670 0
671 0
672 0
673 673
674 337
675 0
676 13
677 677
678 0
679 0
680 0
681 0
682 0
683 683
684 0
685 0
686 7
687 229
688 0
689 53
690 0
691 691
692 173
693 0
694 347
695 0
696 0
697 0
698 349
699 0
700 0
701 701
702 0
703 0
704 0
705 0
706 353
707 0
708 0
709 709
710 71
711 0
712 89
713 0
714 0
715 0
716 0
717 0
718 359
719 719
720 0
721 0
722 19
723 241
724 181
725 0
726 0
727 727
728 0
729 3
730 0
731 0
732 61
733 733
734 367
735 0
736 0
737 67
738 0
739 739
740 0
741 0
742 0
743 743
744 0
745 0
746 373
747 0
748 0
749 0
750 0
751 751
752 0
753 0
754 0
755 151
756 0
757 757
758 379
759 0
760 0
761 761
762 127
763 0
764 0
765 0
766 383
767 0
768 0
769 769
770 0
771 0
772 193
773 773
774 0
775 0
776 97
777 0
778 389
779 0
780 0
781 0
782 0
783 0
784 0
785 0
786 0
787 787
788 197
789 0
790 0
791 113
792 0
793 0
794 397
795 0
796 0
797 797
798 0
799 0
800 0
801 0
802 401
803 0
804 0
805 0
806 0
807 0
808 0
809 809
810 0
811 811
812 29
813 271
814 0
815 0
816 0
817 0
818 409
819 0
820 41
821 821
822 0
823 823
824 0
825 0
826 0
827 827
828 0
829 829
830 0
831 277
832 0
833 0
834 139
835 0
836 0
837 0
838 419
839 839
840 0
841 29
842 421
843 0
844 0
845 0
846 0
847 0
848 0
849 283
850 0
851 0
852 0
853 853
854 0
855 0
856 0
857 857
858 0
859 859
860 0
861 0
862 431
863 863
864 0
865 0
866 433
867 0
868 0
869 0
870 0
871 0
872 0
873 0
874 0
875 0
876 73
877 877
878 439
879 0
880 0
881 881
882 0
883 883
884 0
885 0
886 443
887 887
888 0
889 127
890 0
891 0
892 0
893 0
894 0
895 0
896 0
897 0
898 449
899 0
900 0
901 0
902 0
903 43
904 113
905 181
906 151
907 907
908 0
909 0
910 0
911 911
912 0
913 0
914 457
915 61
916 229
917 0
918 0
919 919
920 0
921 307
922 461
923 0
924 0
925 0
926 463
927 0
928 0
929 929
930 31
931 0
932 233
933 0
934 467
935 0
936 0
937 937
938 0
939 313
940 0
941 941
942 157
943 0
944 0
945 0
946 0
947 947
948 0
949 0
950 0
951 0
952 0
953 953
954 0
955 191
956 0
957 0
958 479
959 0
960 0
961 31
962 0
963 0
964 241
965 0
966 0
967 967
968 0
969 0
970 0
971 971
972 0
973 0
974 487
975 0
976 0
977 977
978 163
979 89
980 0
981 109
982 491
983 983
984 0
985 0
986 0
987 0
988 0
989 0
990 0
991 991
992 0
993 331
994 71
995 0
996 0
997 997
998 499
999 0
1000 0
1001 0
1002 0
1003 0
1004 0
1005 0
1006 503
1007 0
1008 0
1009 1009
1010 101
1011 337
1012 0
1013 1013
1014 13
1015 0
1016 0
1017 0
1018 509
1019 1019
1020 0
1021 1021
1022 0
1023 0
1024 2
1025 0
1026 0
1027 79
1028 257
1029 7
1030 0
1031 1031
1032 0
1033 1033
1034 0
1035 0
1036 0
1037 0
1038 0
1039 1039
1040 0
1041 0
1042 521
1043 0
1044 0
1045 0
1046 523
1047 349
1048 0
1049 1049
1050 0
1051 1051
1052 0
1053 0
1054 0
1055 211
1056 0
1057 0
1058 23
1059 0
1060 0
1061 1061
1062 0
1063 1063
1064 0
1065 0
1066 0
1067 0
1068 0
1069 1069
1070 0
1071 0
1072 0
1073 0
1074 0
1075 0
1076 269
1077 0
1078 0
1079 0
1080 0
1081 47
1082 541
1083 19
1084 0
1085 0
1086 181
1087 1087
1088 0
1089 0
1090 0
1091 1091
1092 0
1093 1093
1094 547
1095 0
1096 137
1097 1097
1098 0
1099 0
1100 0
1101 367
1102 0
1103 1103
1104 0
1105 0
1106 0
1107 0
1108 277
1109 1109
1110 0
1111 0
1112 0
1113 0
1114 557
1115 0
1116 0
1117 1117
1118 0
1119 373
1120 0
1121 0
1122 0
1123 1123
1124 281
1125 0
1126 563
1127 0
1128 0
1129 1129
1130 0
1131 0
1132 0
1133 0
1134 0
1135 0
1136 0
1137 379
1138 569
1139 0
1140 0
1141 0
1142 571
1143 127
1144 0
1145 0
1146 0
1147 0
1148 0
1149 0
1150 0
1151 1151
1152 0
1153 1153
1154 577
1155 0
1156 17
1157 0
1158 193
1159 0
1160 0
1161 0
1162 0
1163 1163
1164 97
1165 0
1166 0
1167 0
1168 0
1169 0
1170 0
1171 1171
1172 293
1173 0
1174 587
1175 0
1176 0
1177 0
1178 0
1179 0
1180 0
1181 1181
1182 0
1183 0
1184 0
1185 0
1186 593
1187 1187
1188 0
1189 0
1190 0
1191 397
1192 0
1193 1193
1194 199
1195 0
1196 0
1197 0
1198 599
1199 0
1200 0
1201 1201
1202 601
1203 0
1204 0
1205 241
1206 0
1207 0
1208 0
1209 0
1210 11
1211 0
1212 0
1213 1213
1214 607
1215 0
1216 0
1217 1217
1218 0
1219 0
1220 61
1221 0
1222 0
1223 1223
1224 0
1225 0
1226 613
1227 409
1228 0
1229 1229
1230 0
1231 1231
1232 0
1233 0
1234 617
1235 0
1236 0
1237 1237
1238 619
1239 0
1240 0
1241 0
1242 0
1243 0
1244 0
1245 0
1246 0
1247 0
1248 0
1249 1249
1250 5
1251 0
1252 313
1253 0
1254 0
1255 251
1256 0
1257 0
1258 0
1259 1259
1260 0
1261 0
1262 631
1263 421
1264 0
1265 0
1266 211
1267 0
1268 317
1269 0
1270 0
1271 0
1272 0
1273 0
1274 0
1275 0
1276 0
1277 1277
1278 0
1279 1279
1280 0
1281 0
1282 641
1283 1283
1284 0
1285 0
1286 643
1287 0
1288 0
1289 1289
1290 0
1291 1291
1292 0
1293 0
1294 647
1295 0
1296 0
1297 1297
1298 0
1299 433
1300 0
1301 1301
1302 0
1303 1303
1304 0
1305 0
1306 653
1307 1307
1308 109
1309 0
1310 131
1311 0
1312 0
1313 0
1314 73
1315 0
1316 0
1317 439
1318 659
1319 1319
1320 0
1321 1321
1322 661
1323 0
1324 0
1325 0
1326 0
1327 1327
1328 0
1329 0
1330 0
1331 11
1332 37
1333 0
1334 0
1335 0
1336 0
1337 0
1338 223
1339 0
1340 0
1341 0
1342 0
1343 0
1344 0
1345 0
1346 673
1347 0
1348 337
1349 0
1350 0
1351 0
1352 0
1353 0
1354 677
1355 271
1356 0
1357 0
1358 0
1359 0
1360 0
1361 1361
1362 0
1363 0
1364 0
1365 0
1366 683
1367 1367
1368 0
1369 37
1370 0
1371 457
1372 0
1373 1373
1374 229
1375 0
1376 0
1377 0
1378 53
1379 197
1380 0
1381 1381
1382 691
1383 0
1384 0
1385 0
1386 0
1387 0
1388 0
1389 463
1390 0
1391 0
1392 0
1393 0
1394 0
1395 0
1396 349
1397 0
1398 0
1399 1399
1400 0
1401 0
1402 701
1403 0
1404 0
1405 281
1406 0
1407 0
1408 0
1409 1409
1410 0
1411 0
1412 353
1413 0
1414 0
1415 0
1416 0
1417 0
1418 709
1419 0
1420 0
1421 0
1422 0
1423 1423
1424 0
1425 0
1426 0
1427 1427
1428 0
1429 1429
1430 0
1431 0
1432 0
1433 1433
1434 0
1435 0
1436 0
1437 0
1438 719
1439 1439
1440 0
1441 0
1442 0
1443 0
1444 0
1445 0
1446 241
1447 1447
1448 0
1449 0
1450 0
1451 1451
1452 0
1453 1453
1454 727
1455 0
1456 0
1457 0
1458 3
1459 1459
1460 0
1461 487
1462 0
1463 0
1464 0
1465 0
1466 733
1467 163
1468 0
1469 0
1470 0
1471 1471
1472 0
1473 0
1474 67
1475 0
1476 0
1477 211
1478 739
1479 0
1480 0
1481 1481
1482 0
1483 1483
1484 0
1485 0
1486 743
1487 1487
1488 0
1489 1489
1490 0
1491 0
1492 373
1493 1493
1494 0
1495 0
1496 0
1497 499
1498 0
1499 1499
1500 0
1501 0
1502 751
1503 0
1504 0
1505 0
1506 0
1507 0
1508 0
1509 0
1510 151
1511 1511
1512 0
1513 0
1514 757
1515 0
1516 0
1517 0
1518 0
1519 0
1520 0
1521 0
1522 761
1523 1523
1524 0
1525 0
1526 0
1527 0
1528 0
1529 0
1530 0
1531 1531
1532 0
1533 0
1534 0
1535 0
1536 0
1537 0
1538 769
1539 0
1540 0
1541 0
1542 0
1543 1543
1544 193
1545 0
1546 773
1547 0
1548 0
1549 1549
1550 0
1551 0
1552 97
1553 1553
1554 0
1555 311
1556 389
1557 0
1558 0
1559 1559
1560 0
1561 0
1562 0
1563 0
1564 0
1565 0
1566 0
1567 1567
1568 0
1569 523
1570 0
1571 1571
1572 0
1573 0
1574 787
1575 0
1576 0
1577 0
1578 0
1579 1579
1580 0
1581 0
1582 113
1583 1583
1584 0
1585 0
1586 0
1587 0
1588 397
1589 0
1590 0
1591 0
1592 0
1593 0
1594 797
1595 0
1596 0
1597 1597
1598 0
1599 0
1600 0
1601 1601
1602 0
1603 0
1604 401
1605 0
1606 0
1607 1607
1608 0
1609 1609
1610 0
1611 0
1612 0
1613 1613
1614 0
1615 0
1616 0
1617 0
1618 809
1619 1619
1620 0
1621 1621
1622 811
1623 541
1624 0
1625 0
1626 271
1627 1627
1628 0
1629 181
1630 0
1631 0
1632 0
1633 0
1634 0
1635 0
1636 409
1637 1637
1638 0
1639 0
1640 41
1641 547
1642 821
1643 0
1644 0
1645 0
1646 823
1647 0
1648 0
1649 0
1650 0
1651 0
1652 0
1653 0
1654 827
1655 331
1656 0
1657 1657
1658 829
1659 0
1660 0
1661 0
1662 277
1663 1663
1664 0
1665 0
1666 0
1667 1667
1668 0
1669 1669
1670 0
1671 0
1672 0
1673 239
1674 0
1675 0
1676 0
1677 0
1678 839
1679 0
1680 0
1681 41
1682 29
1683 0
1684 421
1685 0
1686 0
1687 0
1688 0
1689 0
1690 0
1691 0
1692 0
1693 1693
1694 0
1695 0
1696 0
1697 1697
1698 283
1699 1699
1700 0
1701 0
1702 0
1703 131
1704 0
1705 0
1706 853
1707 0
1708 0
1709 1709
1710 0
1711 59
1712 0
1713 571
1714 857
1715 0
1716 0
1717 0
1718 859
1719 0
1720 0
1721 1721
1722 0
1723 1723
1724 0
1725 0
1726 863
1727 0
1728 0
1729 0
1730 0
1731 577
1732 433
1733 1733
1734 0
1735 0
1736 0
1737 0
1738 0
1739 0
1740 0
1741 1741
1742 0
1743 0
1744 0
1745 0
1746 0
1747 1747
1748 0
1749 0
1750 0
1751 103
1752 73
1753 1753
1754 877
1755 0
1756 0
1757 0
1758 0
1759 1759
1760 0
1761 0
1762 881
1763 0
1764 0
1765 0
1766 883
1767 0
1768 0
1769 0
1770 0
1771 0
1772 0
1773 0
1774 887
1775 0
1776 0
1777 1777
1778 127
1779 0
1780 0
1781 0
1782 0
1783 1783
1784 0
1785 0
1786 0
1787 1787
1788 0
1789 1789
1790 0
1791 199
1792 0
1793 0
1794 0
1795 0
1796 449
1797 0
1798 0
1799 0
1800 0
1801 1801
1802 0
1803 601
1804 0
1805 0
1806 43
1807 0
1808 113
1809 0
1810 181
1811 1811
1812 0
1813 0
1814 907
1815 0
1816 0
1817 0
1818 0
1819 0
1820 0
1821 607
1822 911
1823 1823
1824 0
1825 0
1826 0
1827 0
1828 457
1829 0
1830 61
1831 1831
1832 0
1833 0
1834 0
1835 0
1836 0
1837 0
1838 919
1839 613
1840 0
1841 0
1842 307
1843 0
1844 461
1845 0
1846 0
1847 1847
1848 0
1849 43
1850 0
1851 0
1852 0
1853 0
1854 0
1855 0
1856 0
1857 619
1858 929
1859 0
1860 0
1861 1861
1862 0
1863 0
1864 233
1865 0
1866 0
1867 1867
1868 0
1869 0
1870 0
1871 1871
1872 0
1873 1873
1874 937
1875 0
1876 0
1877 1877
1878 313
1879 1879
1880 0
1881 0
1882 941
1883 0
1884 157
1885 0
1886 0
1887 0
1888 0
1889 1889
1890 0
1891 0
1892 0
1893 631
1894 947
1895 0
1896 0
1897 0
1898 0
1899 0
1900 0
1901 1901
1902 0
1903 0
1904 0
1905 0
1906 953
1907 1907
1908 0
1909 0
1910 191
1911 0
1912 0
1913 1913
1914 0
1915 0
1916 0
1917 0
1918 0
1919 0
1920 0
1921 0
1922 31
1923 0
1924 0
1925 0
1926 0
1927 0
1928 241
1929 643
1930 0
1931 1931
1932 0
1933 1933
1934 967
1935 0
1936 0
1937 0
1938 0
1939 0
1940 0
1941 0
1942 971
1943 0
1944 0
1945 0
1946 0
1947 0
1948 0
1949 1949
1950 0
1951 1951
1952 0
1953 0
1954 977
1955 0
1956 0
1957 0
1958 89
1959 0
1960 0
1961 0
1962 109
1963 0
1964 0
1965 0
1966 983
1967 281
1968 0
1969 0
1970 0
1971 0
1972 0
1973 1973
1974 0
1975 0
1976 0
1977 0
1978 0
1979 1979
1980 0
1981 0
1982 991
1983 661
1984 0
1985 0
1986 331
1987 1987
1988 0
1989 0
1990 0
1991 0
1992 0
1993 1993
1994 997
1995 0
1996 0
1997 1997
1998 0
1999 1999
2000 0
2001 0
2002 0
2003 2003
2004 0
2005 401
2006 0
2007 0
2008 0
2009 0
2010 0
2011 2011
2012 0
2013 0
2014 0
2015 0
2016 0
2017 2017
2018 1009
2019 673
2020 101
2021 0
2022 337
2023 0
2024 0
2025 0
2026 1013
2027 2027
2028 13
2029 2029
2030 0
2031 0
2032 0
2033 0
2034 0
2035 0
2036 509
2037 0
2038 1019
2039 2039
2040 0
2041 157
2042 1021
2043 0
2044 0
2045 0
2046 0
2047 0
2048 2
2049 0
2050 0
2051 0
2052 0
2053 2053
2054 79
2055 0
2056 257
2057 0
2058 7
2059 0
2060 0
2061 0
2062 1031
2063 2063
2064 0
2065 0
2066 1033
2067 0
2068 0
2069 2069
2070 0
2071 0
2072 0
2073 691
2074 0
2075 0
2076 0
2077 0
2078 1039
2079 0
2080 0
2081 2081
2082 0
2083 2083
2084 521
2085 0
2086 0
2087 2087
2088 0
2089 2089
2090 0
2091 0
2092 0
2093 0
2094 349
2095 0
2096 0
2097 0
2098 1049
2099 2099
2100 0
2101 0
2102 1051
2103 0
2104 0
2105 421
2106 0
2107 0
2108 0
2109 0
2110 211
2111 2111
2112 0
2113 2113
2114 0
2115 0
2116 0
2117 0
2118 0
2119 0
2120 0
2121 0
2122 1061
2123 0
2124 0
2125 0
2126 1063
2127 709
2128 0
2129 2129
2130 0
2131 2131
2132 0
2133 0
2134 0
2135 0
2136 0
2137 2137
2138 1069
2139 0
2140 0
2141 2141
2142 0
2143 2143
2144 0
2145 0
2146 0
2147 0
2148 0
2149 0
2150 0
2151 0
2152 0
2153 2153
2154 0
2155 431
2156 0
2157 0
2158 0
2159 0
2160 0
2161 2161
2162 47
2163 0
2164 541
2165 0
2166 19
2167 0
2168 0
2169 0
2170 0
2171 0
2172 181
2173 0
2174 1087
2175 0
2176 0
2177 0
2178 0
2179 2179
2180 0
2181 727
2182 1091
2183 0
2184 0
2185 0
2186 1093
2187 3
2188 0
2189 199
2190 0
2191 0
2192 0
2193 0
2194 1097
2195 0
2196 0
2197 13
2198 0
2199 733
2200 0
2201 0
2202 367
2203 2203
2204 0
2205 0
2206 1103
2207 2207
2208 0
2209 47
2210 0
2211 67
2212 0
2213 2213
2214 0
2215 0
2216 0
2217 739
2218 1109
2219 0
2220 0
2221 2221
2222 0
2223 0
2224 0
2225 0
2226 0
2227 0
2228 557
2229 0
2230 0
2231 0
2232 0
2233 0
2234 1117
2235 0
2236 0
2237 2237
2238 373
2239 2239
2240 0
2241 0
2242 0
2243 2243
2244 0
2245 0
2246 1123
2247 0
2248 281
2249 0
2250 0
2251 2251
2252 0
2253 751
2254 0
2255 0
2256 0
2257 0
2258 1129
2259 0
2260 0
2261 0
2262 0
2263 0
2264 0
2265 151
2266 0
2267 2267
2268 0
2269 2269
2270 0
2271 757
2272 0
2273 2273
2274 379
2275 0
2276 569
2277 0
2278 0
2279 0
2280 0
2281 2281
2282 0
2283 0
2284 0
2285 0
2286 127
2287 2287
2288 0
2289 0
2290 0
2291 0
2292 0
2293 2293
2294 0
2295 0
2296 0
2297 2297
2298 0
2299 0
2300 0
2301 0
2302 1151
2303 0
2304 0
2305 461
2306 1153
2307 769
2308 577
2309 2309
2310 0
2311 2311
2312 17
2313 0
2314 0
2315 0
2316 193
2317 0
2318 0
2319 0
2320 0
2321 0
2322 0
2323 0
2324 0
2325 0
2326 1163
2327 0
2328 97
2329 137
2330 0
2331 0
2332 0
2333 2333
2334 0
2335 0
2336 0
2337 0
2338 0
2339 2339
2340 0
2341 2341
2342 1171
2343 0
2344 0
2345 0
2346 0
2347 2347
2348 0
2349 0
2350 0
2351 2351
2352 0
2353 0
2354 0
2355 0
2356 0
2357 2357
2358 0
2359 337
2360 0
2361 787
2362 1181
2363 0
2364 0
2365 0
2366 0
2367 0
2368 0
2369 0
2370 0
2371 2371
2372 593
2373 0
2374 1187
2375 0
2376 0
2377 2377
2378 0
2379 0
2380 0
2381 2381
2382 397
2383 2383
2384 0
2385 0
2386 1193
2387 0
2388 0
2389 2389
2390 0
2391 0
2392 0
2393 2393
2394 0
2395 0
2396 0
2397 0
2398 0
2399 2399
2400 0
2401 7
2402 1201
2403 0
2404 601
2405 0
2406 0
2407 0
2408 0
2409 0
2410 241
2411 2411
2412 0
2413 0
2414 0
2415 0
2416 0
2417 2417
2418 0
2419 0
2420 0
2421 0
2422 0
2423 2423
2424 0
2425 0
2426 1213
2427 0
2428 0
2429 0
2430 0
2431 0
2432 0
2433 811
2434 1217
2435 0
2436 0
2437 2437
2438 0
2439 271
2440 0
2441 2441
2442 0
2443 0
2444 0
2445 0
2446 1223
2447 2447
2448 0
2449 0
2450 0
2451 0
2452 613
2453 0
2454 409
2455 491
2456 0
2457 0
2458 1229
2459 2459
2460 0
2461 0
2462 1231
2463 0
2464 0
2465 0
2466 0
2467 2467
2468 617
2469 823
2470 0
2471 0
2472 0
2473 2473
2474 1237
2475 0
2476 0
2477 2477
2478 0
2479 0
2480 0
2481 0
2482 0
2483 0
2484 0
2485 71
2486 0
2487 829
2488 0
2489 0
2490 0
2491 0
2492 0
2493 0
2494 0
2495 0
2496 0
2497 0
2498 1249
2499 0
2500 5
2501 0
2502 0
2503 2503
2504 313
2505 0
2506 0
2507 0
2508 0
2509 0
2510 251
2511 0
2512 0
2513 0
2514 0
2515 0
2516 0
2517 0
2518 1259
2519 0
2520 0
2521 2521
2522 0
2523 0
2524 0
2525 101
2526 421
2527 0
2528 0
2529 0
2530 0
2531 2531
2532 0
2533 0
2534 0
2535 0
2536 0
2537 0
2538 0
2539 2539
2540 0
2541 0
2542 0
2543 2543
2544 0
2545 0
2546 0
2547 0
2548 0
2549 2549
2550 0
2551 2551
2552 0
2553 0
2554 1277
2555 0
2556 0
2557 2557
2558 1279
2559 853
2560 0
2561 0
2562 0
2563 0
2564 641
2565 0
2566 1283
2567 0
2568 0
2569 0
2570 0
2571 0
2572 0
2573 0
2574 0
2575 0
2576 0
2577 859
2578 1289
2579 2579
2580 0
2581 0
2582 1291
2583 0
2584 0
2585 0
2586 0
2587 0
2588 0
2589 0
2590 0
2591 2591
2592 0
2593 2593
2594 1297
2595 0
2596 0
2597 0
2598 433
2599 0
2600 0
2601 0
2602 1301
2603 0
2604 0
2605 521
2606 1303
2607 0
2608 0
2609 2609
2610 0
2611 0
2612 653
2613 0
2614 1307
2615 0
2616 0
2617 2617
2618 0
2619 0
2620 0
2621 2621
2622 0
2623 0
2624 0
2625 0
2626 0
2627 0
2628 73
2629 0
2630 0
2631 877
2632 0
2633 2633
2634 439
2635 0
2636 0
2637 0
2638 1319
2639 0
2640 0
2641 0
2642 1321
2643 0
2644 661
2645 0
2646 0
2647 2647
2648 0
2649 883
2650 0
2651 0
2652 0
2653 379
2654 1327
2655 0
2656 0
2657 2657
2658 0
2659 2659
2660 0
2661 0
2662 11
2663 2663
2664 0
2665 0
2666 0
2667 127
2668 0
2669 0
2670 0
2671 2671
2672 0
2673 0
2674 0
2675 0
2676 0
2677 2677
2678 0
2679 0
2680 0
2681 0
2682 0
2683 2683
2684 0
2685 0
2686 0
2687 2687
2688 0
2689 2689
2690 0
2691 0
2692 673
2693 2693
2694 0
2695 0
2696 337
2697 0
2698 0
2699 2699
2700 0
2701 0
2702 0
2703 0
2704 0
2705 541
2706 0
2707 2707
2708 677
2709 0
2710 271
2711 2711
2712 0
2713 2713
2714 0
2715 181
2716 0
2717 0
2718 0
2719 2719
2720 0
2721 907
2722 1361
2723 0
2724 0
2725 0
2726 0
2727 0
2728 0
2729 2729
2730 0
2731 2731
2732 0
2733 0
2734 1367
2735 0
2736 0
2737 0
2738 37
2739 0
2740 0
2741 2741
2742 457
2743 0
2744 0
2745 0
2746 1373
2747 0
2748 229
2749 2749
2750 0
2751 0
2752 0
2753 2753
2754 0
2755 0
2756 53
2757 919
2758 197
2759 0
2760 0
2761 0
2762 1381
2763 307
2764 0
2765 0
2766 0
2767 2767
2768 0
2769 0
2770 0
2771 0
2772 0
2773 0
2774 0
2775 0
2776 0
2777 2777
2778 463
2779 0
2780 0
2781 0
2782 0
2783 0
2784 0
2785 0
2786 0
2787 0
2788 0
2789 2789
2790 0
2791 2791
2792 0
2793 0
2794 0
2795 0
2796 0
2797 2797
2798 1399
2799 0
2800 0
2801 2801
2802 0
2803 2803
2804 701
2805 0
2806 0
2807 0
2808 0
2809 53
2810 281
2811 937
2812 0
2813 0
2814 0
2815 0
2816 0
2817 0
2818 1409
2819 2819
2820 0
2821 0
2822 0
2823 0
2824 353
2825 0
2826 0
2827 0
2828 0
2829 0
2830 0
2831 0
2832 0
2833 2833
2834 0
2835 0
2836 709
2837 2837
2838 0
2839 0
2840 0
2841 0
2842 0
2843 2843
2844 0
2845 0
2846 1423
2847 0
2848 0
2849 0
2850 0
2851 2851
2852 0
2853 0
2854 1427
2855 571
2856 0
2857 2857
2858 1429
2859 0
2860 0
2861 2861
2862 0
2863 0
2864 0
2865 0
2866 1433
2867 0
2868 0
2869 0
2870 0
2871 0
2872 0
2873 0
2874 0
2875 0
2876 0
2877 0
2878 1439
2879 2879
2880 0
2881 0
2882 0
2883 31
2884 0
2885 0
2886 0
2887 2887
2888 0
2889 0
2890 0
2891 0
2892 241
2893 0
2894 1447
2895 0
2896 0
2897 2897
2898 0
2899 0
2900 0
2901 967
2902 1451
2903 2903
2904 0
2905 0
2906 1453
2907 0
2908 0
2909 2909
2910 0
2911 0
2912 0
2913 0
2914 0
2915 0
2916 0
2917 2917
2918 1459
2919 0
2920 0
2921 0
2922 487
2923 0
2924 0
2925 0
2926 0
2927 2927
2928 0
2929 0
2930 0
2931 0
2932 733
2933 0
2934 163
2935 0
2936 0
2937 0
2938 0
2939 2939
2940 0
2941 0
2942 1471
2943 109
2944 0
2945 0
2946 0
2947 421
2948 0
2949 0
2950 0
2951 0
2952 0
2953 2953
2954 211
2955 0
2956 0
2957 2957
2958 0
2959 0
2960 0
2961 0
2962 1481
2963 2963
2964 0
2965 0
2966 1483
2967 0
2968 0
2969 2969
2970 0
2971 2971
2972 0
2973 991
2974 1487
2975 0
2976 0
2977 0
2978 1489
2979 0
2980 0
2981 0
2982 0
2983 0
2984 0
2985 0
2986 1493
2987 0
2988 0
2989 0
2990 0
2991 997
2992 0
2993 0
2994 499
2995 0
2996 0
2997 0
2998 1499
2999 2999
3000 0
3001 3001
3002 0
3003 0
3004 0
3005 601
3006 0
3007 0
3008 0
3009 0
3010 0
3011 3011
3012 0
3013 0
3014 0
3015 0
3016 0
3017 0
3018 0
3019 3019
3020 0
3021 0
3022 1511
3023 3023
3024 0
3025 0
3026 0
3027 1009
3028 757
3029 0
3030 0
3031 0
3032 0
3033 0
3034 0
3035 0
3036 0
3037 3037
3038 0
3039 0
3040 0
3041 3041
3042 0
3043 0
3044 761
3045 0
3046 1523
3047 0
3048 0
3049 3049
3050 0
3051 0
3052 0
3053 0
3054 0
3055 0
3056 0
3057 0
3058 0
3059 0
3060 0
3061 3061
3062 1531
3063 1021
3064 0
3065 0
3066 0
3067 3067
3068 0
3069 0
3070 0
3071 0
3072 0
3073 0
3074 0
3075 0
3076 769
3077 0
3078 0
3079 3079
3080 0
3081 79
3082 0
3083 3083
3084 0
3085 0
3086 1543
3087 0
3088 193
3089 3089
3090 0
3091 0
3092 773
3093 0
3094 0
3095 0
3096 0
3097 0
3098 1549
3099 1033
3100 0
3101 0
3102 0
3103 0
3104 97
3105 0
3106 1553
3107 0
3108 0
3109 3109
3110 311
3111 0
3112 0
3113 0
3114 0
3115 0
3116 0
3117 1039
3118 1559
3119 3119
3120 0
3121 3121
3122 0
3123 0
3124 0
3125 5
3126 0
3127 0
3128 0
3129 0
3130 0
3131 0
3132 0
3133 0
3134 1567
3135 0
3136 0
3137 3137
3138 523
3139 0
3140 0
3141 0
3142 1571
3143 449
3144 0
3145 0
3146 0
3147 0
3148 0
3149 0
3150 0
3151 0
3152 0
3153 1051
3154 0
3155 631
3156 0
3157 0
3158 1579
3159 0
3160 0
3161 0
3162 0
3163 3163
3164 113
3165 211
3166 1583
3167 3167
3168 0
3169 3169
3170 0
3171 0
3172 0
3173 0
3174 0
3175 0
3176 0
3177 0
3178 0
3179 0
3180 0
3181 3181
3182 0
3183 0
3184 0
3185 0
3186 0
3187 3187
3188 797
3189 1063
3190 0
3191 3191
3192 0
3193 0
3194 1597
3195 0
3196 0
3197 139
3198 0
3199 0
3200 0
3201 0
3202 1601
3203 3203
3204 0
3205 641
3206 0
3207 1069
3208 401
3209 3209
3210 0
3211 0
3212 0
3213 0
3214 1607
3215 0
3216 0
3217 3217
3218 1609
3219 0
3220 0
3221 3221
3222 0
3223 0
3224 0
3225 0
3226 1613
3227 0
3228 0
3229 3229
3230 0
3231 0
3232 0
3233 0
3234 0
3235 0
3236 809
3237 0
3238 1619
3239 0
3240 0
3241 463
3242 1621
3243 0
3244 0
3245 0
3246 541
3247 0
3248 0
3249 19
3250 0
3251 3251
3252 0
3253 3253
3254 1627
3255 0
3256 0
3257 3257
3258 181
3259 3259
3260 0
3261 1087
3262 0
3263 0
3264 0
3265 0
3266 0
3267 0
3268 0
3269 0
3270 0
3271 3271
3272 409
3273 0
3274 1637
3275 0
3276 0
3277 0
3278 0
3279 1093
3280 0
3281 0
3282 547
3283 0
3284 821
3285 0
3286 0
3287 0
3288 0
3289 0
3290 0
3291 0
3292 0
3293 0
3294 0
3295 0
3296 0
3297 0
3298 0
3299 3299
3300 0
3301 3301
3302 0
3303 0
3304 0
3305 661
3306 0
3307 3307
3308 0
3309 0
3310 331
3311 0
3312 0
3313 3313
3314 1657
3315 0
3316 829
3317 0
3318 0
3319 3319
3320 0
3321 0
3322 0
3323 3323
3324 277
3325 0
3326 1663
3327 0
3328 0
3329 3329
3330 0
3331 3331
3332 0
3333 0
3334 1667
3335 0
3336 0
3337 0
3338 1669
3339 0
3340 0
3341 0
3342 0
3343 3343
3344 0
3345 0
3346 239
3347 3347
3348 0
3349 0
3350 0
3351 1117
3352 0
3353 0
3354 0
3355 0
3356 0
3357 0
3358 0
3359 3359
3360 0
3361 3361
3362 41
3363 0
3364 29
3365 0
3366 0
3367 0
3368 0
3369 1123
3370 0
3371 3371
3372 0
3373 3373
3374 0
3375 0
3376 0
3377 0
3378 0
3379 0
3380 0
3381 0
3382 0
3383 0
3384 0
3385 0
3386 1693
3387 1129
3388 0
3389 3389
3390 0
3391 3391
3392 0
3393 0
3394 1697
3395 0
3396 0
3397 0
3398 1699
3399 0
3400 0
3401 0
3402 0
3403 83
3404 0
3405 0
3406 131
3407 3407
3408 0
3409 0
3410 0
3411 379
3412 853
3413 3413
3414 0
3415 0
3416 0
3417 0
3418 1709
3419 0
3420 0
3421 0
3422 59
3423 0
3424 0
3425 0
3426 571
3427 0
3428 857
3429 0
3430 0
3431 0
3432 0
3433 3433
3434 0
3435 0
3436 0
3437 491
3438 0
3439 0
3440 0
3441 0
3442 1721
3443 0
3444 0
3445 0
3446 1723
3447 0
3448 0
3449 3449
3450 0
3451 0
3452 0
3453 0
3454 0
3455 691
3456 0
3457 3457
3458 0
3459 1153
3460 0
3461 3461
3462 577
3463 3463
3464 433
3465 0
3466 1733
3467 3467
3468 0
3469 3469
3470 0
3471 0
3472 0
3473 0
3474 0
3475 0
3476 0
3477 0
3478 0
3479 0
3480 0
3481 59
3482 1741
3483 0
3484 0
3485 0
3486 0
3487 0
3488 0
3489 0
3490 0
3491 3491
3492 0
3493 0
3494 1747
3495 0
3496 0
3497 0
3498 0
3499 3499
3500 0
3501 0
3502 103
3503 0
3504 0
3505 701
3506 1753
3507 0
3508 877
3509 0
3510 0
3511 3511
3512 0
3513 1171
3514 0
3515 0
3516 0
3517 3517
3518 1759
3519 0
3520 0
3521 0
3522 0
3523 0
3524 881
3525 0
3526 0
3527 3527
3528 0
3529 3529
3530 0
3531 0
3532 0
3533 3533
3534 0
3535 0
3536 0
3537 0
3538 0
3539 3539
3540 0
3541 3541
3542 0
3543 0
3544 0
3545 0
3546 0
3547 3547
3548 0
3549 0
3550 0
3551 0
3552 0
3553 0
3554 1777
3555 0
3556 0
3557 3557
3558 0
3559 3559
3560 0
3561 0
3562 0
3563 0
3564 0
3565 0
3566 1783
3567 0
3568 0
3569 0
3570 0
3571 3571
3572 0
3573 397
3574 1787
3575 0
3576 0
3577 0
3578 1789
3579 0
3580 0
3581 3581
3582 199
3583 3583
3584 0
3585 0
3586 0
3587 0
3588 0
3589 0
3590 0
3591 0
3592 449
3593 3593
3594 0
3595 0
3596 0
3597 0
3598 0
3599 0
3600 0
3601 0
3602 1801
3603 1201
3604 0
3605 0
3606 601
3607 3607
3608 0
3609 0
3610 0
3611 0
3612 0
3613 3613
3614 0
3615 241
3616 0
3617 3617
3618 0
3619 0
3620 181
3621 0
3622 1811
3623 3623
3624 0
3625 0
3626 0
3627 0
3628 0
3629 191
3630 0
3631 3631
3632 0
3633 0
3634 0
3635 0
3636 0
3637 3637
3638 0
3639 1213
3640 0
3641 331
3642 607
3643 3643
3644 0
3645 0
3646 1823
3647 0
3648 0
3649 0
3650 0
3651 0
3652 0
3653 0
3654 0
3655 0
3656 457
3657 0
3658 0
3659 3659
3660 61
3661 0
3662 1831
3663 0
3664 0
3665 0
3666 0
3667 0
3668 0
3669 0
3670 0
3671 3671
3672 0
3673 3673
3674 0
3675 0
3676 0
3677 3677
3678 613
3679 0
3680 0
3681 0
3682 0
3683 0
3684 0
3685 0
3686 0
3687 0
3688 0
3689 0
3690 0
3691 3691
3692 0
3693 1231
3694 1847
3695 0
3696 0
3697 3697
3698 43
3699 0
3700 0
3701 3701
3702 0
3703 0
3704 0
3705 0
3706 0
3707 0
3708 0
3709 3709
3710 0
3711 1237
3712 0
3713 0
3714 619
3715 0
3716 929
3717 0
3718 0
3719 3719
3720 0
3721 61
3722 1861
3723 0
3724 0
3725 0
3726 0
3727 3727
3728 0
3729 0
3730 0
3731 0
3732 0
3733 3733
3734 1867
3735 0
3736 0
3737 0
3738 0
3739 3739
3740 0
3741 0
3742 1871
3743 0
3744 0
3745 0
3746 1873
3747 1249
3748 937
3749 0
3750 0
3751 0
3752 0
3753 0
3754 1877
3755 751
3756 313
3757 0
3758 1879
3759 0
3760 0
3761 3761
3762 0
3763 0
3764 941
3765 0
3766 0
3767 3767
3768 0
3769 3769
3770 0
3771 0
3772 0
3773 0
3774 0
3775 151
3776 0
3777 0
3778 1889
3779 3779
3780 0
3781 0
3782 0
3783 0
3784 0
3785 0
3786 631
3787 0
3788 0
3789 0
3790 0
3791 0
3792 0
3793 3793
3794 0
3795 0
3796 0
3797 3797
3798 0
3799 0
3800 0
3801 0
3802 1901
3803 3803
3804 0
3805 761
3806 0
3807 0
3808 0
3809 0
3810 0
3811 0
3812 953
3813 0
3814 1907
3815 0
3816 0
3817 0
3818 0
3819 0
3820 0
3821 3821
3822 0
3823 3823
3824 0
3825 0
3826 1913
3827 0
3828 0
3829 547
3830 0
3831 0
3832 0
3833 3833
3834 0
3835 0
3836 0
3837 1279
3838 0
3839 0
3840 0
3841 0
3842 0
3843 0
3844 0
3845 0
3846 0
3847 3847
3848 0
3849 0
3850 0
3851 3851
3852 0
3853 3853
3854 0
3855 0
3856 241
3857 0
3858 643
3859 0
3860 0
3861 0
3862 1931
3863 3863
3864 0
3865 0
3866 1933
3867 0
3868 0
3869 0
3870 0
3871 0
3872 0
3873 1291
3874 0
3875 0
3876 0
3877 3877
3878 0
3879 0
3880 0
3881 3881
3882 0
3883 353
3884 0
3885 0
3886 0
3887 0
3888 0
3889 3889
3890 0
3891 1297
3892 0
3893 0
3894 0
3895 0
3896 0
3897 433
3898 1949
3899 0
3900 0
3901 0
3902 1951
3903 0
3904 0
3905 0
3906 0
3907 3907
3908 977
3909 1303
3910 0
3911 3911
3912 0
3913 0
3914 0
3915 0
3916 89
3917 3917
3918 0
3919 3919
3920 0
3921 0
3922 0
3923 3923
3924 109
3925 0
3926 0
3927 0
3928 0
3929 3929
3930 0
3931 3931
3932 0
3933 0
3934 281
3935 0
3936 0
3937 0
3938 0
3939 0
3940 0
3941 0
3942 0
3943 3943
3944 0
3945 0
3946 1973
3947 3947
3948 0
3949 0
3950 0
3951 0
3952 0
3953 0
3954 0
3955 0
3956 0
3957 0
3958 1979
3959 0
3960 0
3961 0
3962 0
3963 1321
3964 0
3965 0
3966 661
3967 3967
3968 0
3969 0
3970 0
3971 0
3972 0
3973 0
3974 1987
3975 0
3976 0
3977 0
3978 0
3979 0
3980 0
3981 1327
3982 0
3983 0
3984 0
3985 0
3986 1993
3987 0
3988 997
3989 3989
3990 0
3991 0
3992 0
3993 0
3994 1997
3995 0
3996 0
3997 0
3998 1999
3999 0
4000 0
4001 4001
4002 0
4003 4003
4004 0
4005 0
4006 2003
4007 4007
4008 0
4009 0
4010 401
4011 0
4012 0
4013 4013
4014 0
4015 0
4016 0
4017 0
4018 0
4019 4019
4020 0
4021 4021
4022 2011
4023 0
4024 0
4025 0
4026 0
4027 4027
4028 0
4029 0
4030 0
4031 0
4032 0
4033 0
4034 2017
4035 0
4036 1009
4037 0
4038 673
4039 0
4040 0
4041 0
4042 0
4043 0
4044 337
4045 0
4046 0
4047 0
4048 0
4049 4049
4050 0
4051 4051
4052 1013
4053 0
4054 2027
4055 811
4056 0
4057 4057
4058 2029
4059 0
4060 0
4061 0
4062 0
4063 239
4064 0
4065 271
4066 0
4067 0
4068 0
4069 313
4070 0
4071 0
4072 0
4073 4073
4074 0
4075 0
4076 0
4077 0
4078 2039
4079 4079
4080 0
4081 0
4082 157
4083 0
4084 1021
4085 0
4086 0
4087 0
4088 0
4089 0
4090 0
4091 4091
4092 0
4093 4093
4094 0
4095 0
4096 2
4097 0
4098 0
4099 4099
4100 0
4101 0
4102 0
4103 0
4104 0
4105 821
4106 2053
4107 37
4108 0
4109 0
4110 0
4111 4111
4112 257
4113 0
4114 0
4115 0
4116 0
4117 0
4118 0
4119 0
4120 0
4121 0
4122 0
4123 0
4124 0
4125 0
4126 2063
4127 4127
4128 0
4129 4129
4130 0
4131 0
4132 1033
4133 4133
4134 0
4135 0
4136 0
4137 0
4138 2069
4139 4139
4140 0
4141 0
4142 0
4143 1381
4144 0
4145 0
4146 691
4147 0
4148 0
4149 0
4150 0
4151 0
4152 0
4153 4153
4154 0
4155 0
4156 0
4157 4157
4158 0
4159 4159
4160 0
4161 0
4162 2081
4163 0
4164 0
4165 0
4166 2083
4167 0
4168 521
4169 0
4170 0
4171 0
4172 0
4173 0
4174 2087
4175 0
4176 0
4177 4177
4178 2089
4179 0
4180 0
4181 0
4182 0
4183 0
4184 0
4185 0
4186 0
4187 0
4188 349
4189 0
4190 0
4191 0
4192 0
4193 0
4194 0
4195 0
4196 1049
4197 1399
4198 2099
4199 0
4200 0
4201 4201
4202 0
4203 0
4204 0
4205 0
4206 0
4207 0
4208 0
4209 0
4210 421
4211 4211
4212 0
4213 0
4214 0
4215 0
4216 0
4217 4217
4218 0
4219 4219
4220 0
4221 0
4222 2111
4223 0
4224 0
4225 0
4226 2113
4227 0
4228 0
4229 4229
4230 0
4231 4231
4232 0
4233 0
4234 0
4235 0
4236 0
4237 0
4238 0
4239 0
4240 0
4241 4241
4242 0
4243 4243
4244 1061
4245 0
4246 0
4247 0
4248 0
4249 0
4250 0
4251 0
4252 0
4253 4253
4254 709
4255 0
4256 0
4257 0
4258 2129
4259 4259
4260 0
4261 4261
4262 2131
4263 0
4264 0
4265 0
4266 0
4267 0
4268 0
4269 1423
4270 0
4271 4271
4272 0
4273 4273
4274 2137
4275 0
4276 1069
4277 0
4278 0
4279 0
4280 0
4281 0
4282 2141
4283 4283
4284 0
4285 0
4286 2143
4287 1429
4288 0
4289 4289
4290 0
4291 0
4292 0
4293 0
4294 0
4295 0
4296 0
4297 4297
4298 0
4299 0
4300 0
4301 0
4302 0
4303 0
4304 0
4305 0
4306 2153
4307 0
4308 0
4309 0
4310 431
4311 0
4312 0
4313 0
4314 0
4315 0
4316 0
4317 0
4318 0
4319 617
4320 0
4321 0
4322 2161
4323 0
4324 0
4325 0
4326 0
4327 4327
4328 0
4329 0
4330 0
4331 0
4332 0
4333 0
4334 0
4335 0
4336 0
4337 4337
4338 0
4339 4339
4340 0
4341 1447
4342 0
4343 0
4344 0
4345 0
4346 0
4347 0
4348 0
4349 4349
4350 0
4351 229
4352 0
4353 0
4354 0
4355 0
4356 0
4357 4357
4358 2179
4359 1453
4360 0
4361 0
4362 727
4363 4363
4364 0
4365 0
4366 0
4367 397
4368 0
4369 0
4370 0
4371 0
4372 1093
4373 4373
4374 3
4375 0
4376 0
4377 1459
4378 199
4379 0
4380 0
4381 0
4382 0
4383 487
4384 0
4385 0
4386 0
4387 0
4388 1097
4389 0
4390 0
4391 4391
4392 0
4393 0
4394 13
4395 0
4396 0
4397 4397
4398 733
4399 0
4400 0
4401 163
4402 0
4403 0
4404 0
4405 881
4406 2203
4407 0
4408 0
4409 4409
4410 0
4411 0
4412 0
4413 1471
4414 2207
4415 0
4416 0
4417 631
4418 47
4419 0
4420 0
4421 4421
4422 67
4423 4423
4424 0
4425 0
4426 2213
4427 0
4428 0
4429 0
4430 0
4431 211
4432 0
4433 0
4434 739
4435 0
4436 1109
4437 0
4438 0
4439 0
4440 0
4441 4441
4442 2221
4443 0
4444 0
4445 0
4446 0
4447 4447
4448 0
4449 1483
4450 0
4451 4451
4452 0
4453 0
4454 0
4455 0
4456 0
4457 4457
4458 0
4459 0
4460 0
4461 0
4462 0
4463 4463
4464 0
4465 0
4466 0
4467 1489
4468 1117
4469 0
4470 0
4471 0
4472 0
4473 0
4474 2237
4475 0
4476 373
4477 0
4478 2239
4479 0
4480 0
4481 4481
4482 0
4483 4483
4484 0
4485 0
4486 2243
4487 0
4488 0
4489 67
4490 0
4491 0
4492 0
4493 4493
4494 0
4495 0
4496 0
4497 0
4498 0
4499 0
4500 0
4501 0
4502 2251
4503 0
4504 0
4505 0
4506 751
4507 4507
4508 0
4509 0
4510 0
4511 0
4512 0
4513 4513
4514 0
4515 0
4516 1129
4517 4517
4518 0
4519 4519
4520 0
4521 0
4522 0
4523 4523
4524 0
4525 0
4526 0
4527 0
4528 0
4529 0
4530 151
4531 0
4532 0
4533 0
4534 2267
4535 0
4536 0
4537 0
4538 2269
4539 0
4540 0
4541 0
4542 757
4543 0
4544 0
4545 0
4546 2273
4547 4547
4548 0
4549 4549
4550 0
4551 0
4552 569
4553 0
4554 0
4555 911
4556 0
4557 0
4558 0
4559 0
4560 0
4561 4561
4562 2281
4563 0
4564 0
4565 0
4566 0
4567 4567
4568 0
4569 0
4570 0
4571 0
4572 0
4573 0
4574 2287
4575 0
4576 0
4577 0
4578 0
4579 0
4580 0
4581 0
4582 0
4583 4583
4584 0
4585 0
4586 2293
4587 0
4588 0
4589 0
4590 0
4591 4591
4592 0
4593 1531
4594 2297
4595 0
4596 0
4597 4597
4598 0
4599 0
4600 0
4601 0
4602 0
4603 4603
4604 0
4605 0
4606 0
4607 0
4608 0
4609 419
4610 461
4611 0
4612 1153
4613 659
4614 769
4615 0
4616 577
4617 0
4618 2309
4619 0
4620 0
4621 4621
4622 2311
4623 0
4624 17
4625 0
4626 0
4627 0
4628 0
4629 1543
4630 0
4631 0
4632 193
4633 0
4634 0
4635 0
4636 0
4637 4637
4638 0
4639 4639
4640 0
4641 0
4642 0
4643 4643
4644 0
4645 0
4646 0
4647 1549
4648 0
4649 4649
4650 0
4651 4651
4652 0
4653 0
4654 0
4655 0
4656 97
4657 4657
4658 137
4659 0
4660 0
4661 0
4662 0
4663 4663
4664 0
4665 0
4666 2333
4667 0
4668 0
4669 0
4670 0
4671 0
4672 0
4673 4673
4674 0
4675 0
4676 0
4677 0
4678 2339
4679 4679
4680 0
4681 0
4682 2341
4683 0
4684 0
4685 0
4686 0
4687 0
4688 0
4689 0
4690 0
4691 4691
4692 0
4693 0
4694 2347
4695 0
4696 0
4697 0
4698 0
4699 0
4700 0
4701 1567
4702 2351
4703 4703
4704 0
4705 941
4706 0
4707 523
4708 0
4709 0
4710 0
4711 673
4712 0
4713 0
4714 2357
4715 0
4716 0
4717 0
4718 337
4719 0
4720 0
4721 4721
4722 787
4723 4723
4724 1181
4725 0
4726 0
4727 0
4728 0
4729 4729
4730 0
4731 0
4732 0
4733 4733
4734 0
4735 0
4736 0
4737 1579
4738 0
4739 0
4740 0
4741 0
4742 2371
4743 0
4744 593
4745 0
4746 0
4747 0
4748 0
4749 0
4750 0
4751 4751
4752 0
4753 0
4754 2377
4755 0
4756 0
4757 0
4758 0
4759 4759
4760 0
4761 0
4762 2381
4763 0
4764 397
4765 0
4766 2383
4767 0
4768 0
4769 0
4770 0
4771 0
4772 1193
4773 0
4774 0
4775 0
4776 0
4777 0
4778 2389
4779 0
4780 0
4781 0
4782 0
4783 4783
4784 0
4785 0
4786 2393
4787 4787
4788 0
4789 4789
4790 0
4791 1597
4792 0
4793 4793
4794 0
4795 0
4796 0
4797 0
4798 2399
4799 4799
4800 0
4801 4801
4802 7
4803 0
4804 1201
4805 31
4806 0
4807 0
4808 601
4809 0
4810 0
4811 0
4812 0
4813 4813
4814 0
4815 0
4816 0
4817 4817
4818 0
4819 0
4820 241
4821 0
4822 2411
4823 0
4824 0
4825 0
4826 0
4827 1609
4828 0
4829 0
4830 0
4831 4831
4832 0
4833 0
4834 2417
4835 0
4836 0
4837 0
4838 0
4839 0
4840 0
4841 0
4842 0
4843 0
4844 0
4845 0
4846 2423
4847 0
4848 0
4849 0
4850 0
4851 0
4852 1213
4853 0
4854 0
4855 971
4856 0
4857 0
4858 0
4859 0
4860 0
4861 4861
4862 0
4863 1621
4864 0
4865 0
4866 811
4867 0
4868 1217
4869 541
4870 0
4871 4871
4872 0
4873 0
4874 2437
4875 0
4876 0
4877 4877
4878 271
4879 0
4880 0
4881 1627
4882 2441
4883 0
4884 0
4885 0
4886 0
4887 0
4888 0
4889 4889
4890 0
4891 0
4892 0
4893 0
4894 2447
4895 0
4896 0
4897 0
4898 0
4899 0
4900 0
4901 0
4902 0
4903 4903
4904 0
4905 0
4906 0
4907 701
4908 409
4909 4909
4910 491
4911 0
4912 0
4913 17
4914 0
4915 0
4916 1229
4917 0
4918 2459
4919 4919
4920 0
4921 0
4922 0
4923 0
4924 0
4925 0
4926 0
4927 0
4928 0
4929 0
4930 0
4931 4931
4932 0
4933 4933
4934 2467
4935 0
4936 617
4937 4937
4938 823
4939 0
4940 0
4941 0
4942 0
4943 4943
4944 0
4945 0
4946 2473
4947 0
4948 1237
4949 0
4950 0
4951 4951
4952 0
4953 0
4954 2477
4955 991
4956 0
4957 4957
4958 0
4959 0
4960 0
4961 0
4962 0
4963 0
4964 0
4965 331
4966 0
4967 4967
4968 0
4969 4969
4970 71
4971 1657
4972 0
4973 4973
4974 829
4975 0
4976 0
4977 0
4978 0
4979 0
4980 0
4981 0
4982 0
4983 0
4984 0
4985 0
4986 0
4987 4987
4988 0
4989 1663
4990 0
4991 0
4992 0
4993 4993
4994 0
4995 0
4996 1249
4997 0
4998 0
4999 4999
5000 0
5001 0
5002 0
5003 5003
5004 0
5005 0
5006 2503
5007 1669
5008 0
5009 5009
5010 0
5011 5011
5012 0
5013 0
5014 0
5015 0
5016 0
5017 0
5018 0
5019 0
5020 0
5021 5021
5022 0
5023 5023
5024 0
5025 0
5026 0
5027 0
5028 0
5029 0
5030 0
5031 0
5032 0
5033 0
5034 0
5035 0
5036 0
5037 0
5038 0
5039 5039
5040 0
5041 71
5042 2521
5043 0
5044 0
5045 0
5046 0
5047 0
5048 0
5049 0
5050 101
5051 5051
5052 421
5053 0
5054 0
5055 0
5056 0
5057 0
5058 0
5059 5059
5060 0
5061 0
5062 2531
5063 0
5064 0
5065 0
5066 0
5067 0
5068 0
5069 0
5070 0
5071 0
5072 0
5073 0
5074 0
5075 0
5076 0
5077 5077
5078 2539
5079 1693
5080 0
5081 5081
5082 0
5083 0
5084 0
5085 0
5086 2543
5087 5087
5088 0
5089 0
5090 0
5091 0
5092 0
5093 463
5094 0
5095 0
5096 0
5097 1699
5098 2549
5099 5099
5100 0
5101 5101
5102 2551
5103 0
5104 0
5105 1021
5106 0
5107 5107
5108 1277
5109 0
5110 0
5111 0
5112 0
5113 5113
5114 2557
5115 0
5116 0
5117 0
5118 853
5119 5119
5120 0
5121 0
5122 0
5123 0
5124 0
5125 0
5126 0
5127 0
5128 641
5129 0
5130 0
5131 0
5132 0
5133 0
5134 0
5135 0
5136 0
5137 0
5138 0
5139 0
5140 0
5141 0
5142 0
5143 0
5144 0
5145 0
5146 0
5147 5147
5148 0
5149 0
5150 0
5151 0
5152 0
5153 5153
5154 859
5155 1031
5156 1289
5157 0
5158 2579
5159 0
5160 0
5161 0
5162 0
5163 0
5164 0
5165 0
5166 0
5167 5167
5168 0
5169 1723
5170 0
5171 5171
5172 0
5173 0
5174 0
5175 0
5176 0
5177 0
5178 0
5179 5179
5180 0
5181 0
5182 2591
5183 0
5184 0
5185 0
5186 2593
5187 0
5188 1297
5189 5189
5190 0
5191 0
5192 0
5193 577
5194 0
5195 0
5196 433
5197 5197
5198 0
5199 0
5200 0
5201 743
5202 0
5203 0
5204 1301
5205 0
5206 0
5207 0
5208 0
5209 5209
5210 521
5211 0
5212 0
5213 0
5214 0
5215 0
5216 0
5217 0
5218 2609
5219 307
5220 0
5221 0
5222 0
5223 1741
5224 0
5225 0
5226 0
5227 5227
5228 0
5229 0
5230 0
5231 5231
5232 0
5233 5233
5234 2617
5235 0
5236 0
5237 5237
5238 0
5239 0
5240 0
5241 1747
5242 2621
5243 0
5244 0
5245 0
5246 0
5247 0
5248 0
5249 0
5250 0
5251 0
5252 0
5253 103
5254 0
5255 1051
5256 73
5257 0
5258 0
5259 1753
5260 0
5261 5261
5262 877
5263 0
5264 0
5265 0
5266 2633
5267 0
5268 0
5269 0
5270 0
5271 0
5272 0
5273 5273
5274 0
5275 0
5276 0
5277 1759
5278 0
5279 5279
5280 0
5281 5281
5282 0
5283 0
5284 1321
5285 0
5286 0
5287 0
5288 0
5289 0
5290 0
5291 0
5292 0
5293 0
5294 2647
5295 0
5296 0
5297 5297
5298 883
5299 757
5300 0
5301 0
5302 0
5303 5303
5304 0
5305 1061
5306 379
5307 0
5308 0
5309 5309
5310 0
5311 0
5312 0
5313 0
5314 2657
5315 0
5316 0
5317 0
5318 2659
5319 0
5320 0
5321 0
5322 0
5323 5323
5324 0
5325 0
5326 2663
5327 0
5328 0
5329 73
5330 0
5331 1777
5332 0
5333 5333
5334 127
5335 0
5336 0
5337 0
5338 0
5339 0
5340 0
5341 0
5342 2671
5343 0
5344 0
5345 0
5346 0
5347 5347
5348 0
5349 1783
5350 0
5351 5351
5352 0
5353 0
5354 2677
5355 0
5356 0
5357 0
5358 0
5359 0
5360 0
5361 0
5362 0
5363 0
5364 0
5365 0
5366 2683
5367 1789
5368 0
5369 0
5370 0
5371 0
5372 0
5373 0
5374 2687
5375 0
5376 0
5377 0
5378 2689
5379 0
5380 0
5381 5381
5382 0
5383 0
5384 673
5385 0
5386 2693
5387 5387
5388 0
5389 0
5390 0
5391 0
5392 337
5393 5393
5394 0
5395 0
5396 0
5397 0
5398 2699
5399 5399
5400 0
5401 0
5402 0
5403 1801
5404 0
5405 0
5406 0
5407 5407
5408 0
5409 0
5410 541
5411 0
5412 0
5413 5413
5414 2707
5415 0
5416 0
5417 5417
5418 0
5419 5419
5420 0
5421 0
5422 2711
5423 0
5424 0
5425 0
5426 2713
5427 0
5428 0
5429 0
5430 181
5431 5431
5432 0
5433 0
5434 0
5435 0
5436 0
5437 5437
5438 2719
5439 0
5440 0
5441 5441
5442 907
5443 5443
5444 1361
5445 0
5446 0
5447 0
5448 0
5449 5449
5450 0
5451 0
5452 0
5453 0
5454 0
5455 1091
5456 0
5457 0
5458 2729
5459 0
5460 0
5461 0
5462 2731
5463 0
5464 0
5465 0
5466 0
5467 0
5468 0
5469 0
5470 0
5471 5471
5472 0
5473 0
5474 0
5475 0
5476 37
5477 5477
5478 0
5479 5479
5480 0
5481 0
5482 2741
5483 5483
5484 457
5485 0
5486 0
5487 0
5488 0
5489 0
5490 0
5491 0
5492 1373
5493 1831
5494 0
5495 0
5496 0
5497 0
5498 2749
5499 0
5500 0
5501 5501
5502 0
5503 5503
5504 0
5505 0
5506 2753
5507 5507
5508 0
5509 0
5510 0
5511 0
5512 0
5513 149
5514 919
5515 0
5516 197
5517 613
5518 0
5519 5519
5520 0
5521 5521
5522 0
5523 0
5524 1381
5525 0
5526 307
5527 5527
5528 0
5529 0
5530 0
5531 5531
5532 0
5533 0
5534 2767
5535 0
5536 0
5537 0
5538 0
5539 0
5540 0
5541 0
5542 0
5543 0
5544 0
5545 0
5546 0
5547 43
5548 0
5549 0
5550 0
5551 0
5552 0
5553 0
5554 2777
5555 0
5556 0
5557 5557
5558 0
5559 0
5560 0
5561 0
5562 0
5563 5563
5564 0
5565 0
5566 0
5567 0
5568 0
5569 5569
5570 0
5571 0
5572 0
5573 5573
5574 0
5575 0
5576 0
5577 0
5578 2789
5579 0
5580 0
5581 5581
5582 2791
5583 1861
5584 0
5585 0
5586 0
5587 0
5588 0
5589 0
5590 0
5591 5591
5592 0
5593 0
5594 2797
5595 0
5596 0
5597 0
5598 0
5599 0
5600 0
5601 1867
5602 2801
5603 0
5604 0
5605 0
5606 2803
5607 0
5608 0
5609 0
5610 0
5611 0
5612 0
5613 0
5614 0
5615 0
5616 0
5617 0
5618 53
5619 1873
5620 281
5621 0
5622 937
5623 5623
5624 0
5625 0
5626 0
5627 0
5628 0
5629 0
5630 0
5631 0
5632 0
5633 0
5634 0
5635 0
5636 1409
5637 1879
5638 2819
5639 5639
5640 0
5641 5641
5642 0
5643 0
5644 0
5645 0
5646 0
5647 5647
5648 353
5649 0
5650 0
5651 5651
5652 0
5653 5653
5654 0
5655 0
5656 0
5657 5657
5658 0
5659 5659
5660 0
5661 0
5662 0
5663 0
5664 0
5665 0
5666 2833
5667 0
5668 0
5669 5669
5670 0
5671 107
5672 0
5673 0
5674 2837
5675 0
5676 0
5677 0
5678 0
5679 631
5680 0
5681 0
5682 0
5683 5683
5684 0
5685 0
5686 2843
5687 0
5688 0
5689 5689
5690 0
5691 0
5692 0
5693 5693
5694 0
5695 0
5696 0
5697 0
5698 0
5699 0
5700 0
5701 5701
5702 2851
5703 0
5704 0
5705 0
5706 0
5707 0
5708 0
5709 0
5710 571
5711 5711
5712 0
5713 0
5714 2857
5715 0
5716 1429
5717 5717
5718 0
5719 0
5720 0
5721 0
5722 2861
5723 0
5724 0
5725 0
5726 0
5727 0
5728 0
5729 0
5730 0
5731 0
5732 1433
5733 0
5734 0
5735 0
5736 0
5737 5737
5738 0
5739 0
5740 0
5741 5741
5742 0
5743 5743
5744 0
5745 0
5746 0
5747 0
5748 0
5749 5749
5750 0
5751 0
5752 0
5753 0
5754 0
5755 1151
5756 0
5757 0
5758 2879
5759 443
5760 0
5761 0
5762 0
5763 0
5764 0
5765 0
5766 31
5767 0
5768 0
5769 0
5770 0
5771 0
5772 0
5773 0
5774 2887
5775 0
5776 0
5777 0
5778 0
5779 5779
5780 0
5781 0
5782 0
5783 5783
5784 241
5785 0
5786 0
5787 0
5788 0
5789 827
5790 0
5791 5791
5792 0
5793 0
5794 2897
5795 0
5796 0
5797 0
5798 0
5799 1933
5800 0
5801 5801
5802 967
5803 0
5804 0
5805 0
5806 2903
5807 5807
5808 0
5809 0
5810 0
5811 0
5812 1453
5813 5813
5814 0
5815 0
5816 0
5817 0
5818 2909
5819 23
5820 0
5821 5821
5822 0
5823 0
5824 0
5825 0
5826 0
5827 5827
5828 0
5829 0
5830 0
5831 0
5832 0
5833 0
5834 2917
5835 0
5836 0
5837 0
5838 0
5839 5839
5840 0
5841 0
5842 0
5843 5843
5844 0
5845 0
5846 0
5847 0
5848 0
5849 5849
5850 0
5851 5851
5852 0
5853 1951
5854 2927
5855 1171
5856 0
5857 5857
5858 0
5859 0
5860 0
5861 5861
5862 0
5863 0
5864 0
5865 0
5866 0
5867 5867
5868 0
5869 5869
5870 0
5871 0
5872 0
5873 0
5874 0
5875 0
5876 0
5877 0
5878 2939
5879 5879
5880 0
5881 5881
5882 0
5883 0
5884 0
5885 0
5886 109
5887 29
5888 0
5889 0
5890 0
5891 0
5892 0
5893 0
5894 421
5895 0
5896 0
5897 5897
5898 0
5899 0
5900 0
5901 0
5902 0
5903 5903
5904 0
5905 1181
5906 2953
5907 0
5908 0
5909 0
5910 0
5911 0
5912 0
5913 0
5914 2957
5915 0
5916 0
5917 0
5918 0
5919 0
5920 0
5921 0
5922 0
5923 5923
5924 1481
5925 0
5926 2963
5927 5927
5928 0
5929 0
5930 0
5931 0
5932 0
5933 0
5934 0
5935 0
5936 0
5937 0
5938 2969
5939 5939
5940 0
5941 0
5942 2971
5943 0
5944 0
5945 0
5946 991
5947 0
5948 0
5949 0
5950 0
5951 0
5952 0
5953 5953
5954 0
5955 0
5956 1489
5957 0
5958 0
5959 0
5960 0
5961 1987
5962 0
5963 0
5964 0
5965 0
5966 0
5967 0
5968 0
5969 0
5970 0
5971 0
5972 1493
5973 0
5974 0
5975 0
5976 0
5977 0
5978 0
5979 1993
5980 0
5981 5981
5982 997
5983 0
5984 0
5985 0
5986 0
5987 5987
5988 0
5989 0
5990 0
5991 0
5992 0
5993 0
5994 0
5995 0
5996 0
5997 1999
5998 2999
5999 0
6000 0
6001 0
6002 3001
6003 0
6004 0
6005 1201
6006 0
6007 6007
6008 0
6009 0
6010 601
6011 6011
6012 0
6013 0
6014 0
6015 0
6016 0
6017 0
6018 0
6019 0
6020 0
6021 0
6022 3011
6023 0
6024 0
6025 0
6026 0
6027 0
6028 0
6029 6029
6030 0
6031 0
6032 0
6033 2011
6034 0
6035 0
6036 0
6037 6037
6038 3019
6039 0
6040 0
6041 0
6042 0
6043 6043
6044 0
6045 0
6046 3023
6047 6047
6048 0
6049 0
6050 0
6051 2017
6052 0
6053 6053
6054 1009
6055 0
6056 0
6057 0
6058 0
6059 0
6060 0
6061 0
6062 0
6063 0
6064 0
6065 0
6066 0
6067 6067
6068 0
6069 0
6070 0
6071 0
6072 0
6073 6073
6074 3037
6075 0
6076 0
6077 0
6078 0
6079 6079
6080 0
6081 0
6082 3041
6083 0
6084 0
6085 0
6086 0
6087 2029
6088 761
6089 6089
6090 0
6091 6091
6092 0
6093 0
6094 0
6095 0
6096 0
6097 0
6098 3049
6099 0
6100 0
6101 6101
6102 0
6103 0
6104 0
6105 0
6106 0
6107 0
6108 0
6109 0
6110 0
6111 0
6112 0
6113 6113
6114 0
6115 0
6116 0
6117 0
6118 0
6119 0
6120 0
6121 6121
6122 3061
6123 157
6124 0
6125 0
6126 1021
6127 0
6128 0
6129 0
6130 0
6131 6131
6132 0
6133 6133
6134 3067
6135 0
6136 0
6137 0
6138 0
6139 0
6140 0
6141 0
6142 0
6143 6143
6144 0
6145 0
6146 0
6147 0
6148 0
6149 0
6150 0
6151 6151
6152 769
6153 0
6154 0
6155 1231
6156 0
6157 0
6158 3079
6159 2053
6160 0
6161 0
6162 79
6163 6163
6164 0
6165 0
6166 3083
6167 0
6168 0
6169 0
6170 0
6171 0
6172 0
6173 6173
6174 0
6175 0
6176 193
6177 0
6178 3089
6179 0
6180 0
6181 883
6182 0
6183 0
6184 0
6185 0
6186 0
6187 0
6188 0
6189 0
6190 0
6191 0
6192 0
6193 0
6194 0
6195 0
6196 1549
6197 6197
6198 1033
6199 6199
6200 0
6201 0
6202 0
6203 6203
6204 0
6205 0
6206 0
6207 0
6208 0
6209 0
6210 0
6211 6211
6212 1553
6213 0
6214 0
6215 0
6216 0
6217 6217
6218 3109
6219 0
6220 0
6221 6221
6222 0
6223 0
6224 0
6225 0
6226 0
6227 0
6228 0
6229 6229
6230 0
6231 0
6232 0
6233 0
6234 1039
6235 0
6236 0
6237 0
6238 3119
6239 0
6240 0
6241 79
6242 3121
6243 0
6244 0
6245 0
6246 0
6247 6247
6248 0
6249 2083
6250 5
6251 0
6252 0
6253 0
6254 0
6255 0
6256 0
6257 6257
6258 0
6259 0
6260 0
6261 0
6262 0
6263 6263
6264 0
6265 0
6266 0
6267 2089
6268 0
6269 6269
6270 0
6271 6271
6272 0
6273 0
6274 3137
6275 251
6276 0
6277 6277
6278 0
6279 0
6280 0
6281 0
6282 0
6283 0
6284 0
6285 0
6286 449
6287 6287
6288 0
6289 0
6290 0
6291 0
6292 0
6293 0
6294 0
6295 0
6296 0
6297 0
6298 0
6299 6299
6300 0
6301 6301
6302 0
6303 0
6304 0
6305 0
6306 1051
6307 0
6308 0
6309 0
6310 631
6311 6311
6312 0
6313 0
6314 0
6315 421
6316 0
6317 6317
6318 0
6319 0
6320 0
6321 0
6322 0
6323 6323
6324 0
6325 0
6326 3163
6327 0
6328 113
6329 6329
6330 211
6331 0
6332 0
6333 0
6334 3167
6335 0
6336 0
6337 6337
6338 3169
6339 2113
6340 0
6341 0
6342 0
6343 6343
6344 0
6345 0
6346 0
6347 0
6348 0
6349 0
6350 0
6351 0
6352 0
6353 6353
6354 0
6355 0
6356 0
6357 0
6358 0
6359 6359
6360 0
6361 6361
6362 3181
6363 0
6364 0
6365 0
6366 0
6367 6367
6368 0
6369 0
6370 0
6371 277
6372 0
6373 6373
6374 3187
6375 0
6376 0
6377 911
6378 1063
6379 6379
6380 0
6381 0
6382 3191
6383 0
6384 0
6385 0
6386 0
6387 0
6388 1597
6389 6389
6390 0
6391 0
6392 0
6393 2131
6394 139
6395 0
6396 0
6397 6397
6398 0
6399 0
6400 0
6401 0
6402 0
6403 0
6404 1601
6405 0
6406 3203
6407 0
6408 0
6409 0
6410 641
6411 2137
6412 0
6413 0
6414 1069
6415 0
6416 401
6417 0
6418 3209
6419 0
6420 0
6421 6421
6422 0
6423 0
6424 0
6425 0
6426 0
6427 6427
6428 0
6429 2143
6430 0
6431 0
6432 0
6433 0
6434 3217
6435 0
6436 1609
6437 0
6438 0
6439 0
6440 0
6441 0
6442 3221
6443 0
6444 0
6445 0
6446 0
6447 0
6448 0
6449 6449
6450 0
6451 6451
6452 1613
6453 0
6454 0
6455 1291
6456 0
6457 0
6458 3229
6459 0
6460 0
6461 0
6462 0
6463 0
6464 0
6465 0
6466 0
6467 0
6468 0
6469 6469
6470 0
6471 0
6472 809
6473 6473
6474 0
6475 0
6476 0
6477 0
6478 0
6479 0
6480 0
6481 6481
6482 463
6483 2161
6484 1621
6485 0
6486 0
6487 0
6488 0
6489 0
6490 0
6491 6491
6492 541
6493 0
6494 0
6495 0
6496 0
6497 0
6498 19
6499 0
6500 0
6501 0
6502 3251
6503 0
6504 0
6505 1301
6506 3253
6507 0
6508 0
6509 0
6510 0
6511 0
6512 0
6513 0
6514 3257
6515 0
6516 181
6517 0
6518 3259
6519 0
6520 0
6521 6521
6522 1087
6523 0
6524 0
6525 0
6526 0
6527 0
6528 0
6529 6529
6530 0
6531 0
6532 0
6533 0
6534 0
6535 0
6536 0
6537 2179
6538 0
6539 0
6540 0
6541 0
6542 3271
6543 0
6544 0
6545 0
6546 0
6547 6547
6548 1637
6549 0
6550 0
6551 6551
6552 0
6553 6553
6554 0
6555 0
6556 0
6557 0
6558 1093
6559 0
6560 0
6561 3
6562 0
6563 6563
6564 0
6565 0
6566 0
6567 199
6568 0
6569 6569
6570 0
6571 6571
6572 0
6573 0
6574 0
6575 0
6576 0
6577 6577
6578 0
6579 0
6580 0
6581 6581
6582 0
6583 0
6584 0
6585 0
6586 0
6587 0
6588 0
6589 0
6590 0
6591 13
6592 0
6593 0
6594 0
6595 0
6596 0
6597 0
6598 3299
6599 6599
6600 0
6601 0
6602 3301
6603 0
6604 0
6605 1321
6606 0
6607 6607
6608 0
6609 2203
6610 661
6611 0
6612 0
6613 0
6614 3307
6615 0
6616 0
6617 0
6618 0
6619 6619
6620 0
6621 0
6622 0
6623 0
6624 0
6625 0
6626 3313
6627 0
6628 1657
6629 0
6630 0
6631 0
6632 0
6633 0
6634 0
6635 0
6636 0
6637 6637
6638 3319
6639 0
6640 0
6641 0
6642 0
6643 0
6644 0
6645 0
6646 3323
6647 0
6648 0
6649 0
6650 0
6651 739
6652 0
6653 6653
6654 0
6655 11
6656 0
6657 0
6658 3329
6659 6659
6660 0
6661 6661
6662 3331
6663 2221
6664 0
6665 0
6666 0
6667 0
6668 0
6669 0
6670 0
6671 953
6672 0
6673 6673
6674 0
6675 0
6676 1669
6677 0
6678 0
6679 6679
6680 0
6681 0
6682 0
6683 0
6684 0
6685 0
6686 3343
6687 0
6688 0
6689 6689
6690 0
6691 6691
6692 0
6693 0
6694 3347
6695 0
6696 0
6697 0
6698 0
6699 0
6700 0
6701 6701
6702 1117
6703 6703
6704 0
6705 0
6706 0
6707 0
6708 0
6709 6709
6710 0
6711 0
6712 0
6713 0
6714 0
6715 0
6716 0
6717 2239
6718 3359
6719 6719
6720 0
6721 0
6722 3361
6723 0
6724 41
6725 0
6726 0
6727 0
6728 0
6729 0
6730 0
6731 0
6732 0
6733 6733
6734 0
6735 0
6736 0
6737 6737
6738 1123
6739 0
6740 0
6741 0
6742 3371
6743 0
6744 0
6745 0
6746 3373
6747 0
6748 0
6749 0
6750 0
6751 0
6752 0
6753 2251
6754 0
6755 0
6756 0
6757 233
6758 0
6759 0
6760 0
6761 6761
6762 0
6763 6763
6764 0
6765 0
6766 0
6767 0
6768 0
6769 967
6770 0
6771 0
6772 1693
6773 521
6774 1129
6775 0
6776 0
6777 0
6778 3389
6779 6779
6780 0
6781 6781
6782 3391
6783 0
6784 0
6785 0
6786 0
6787 617
6788 1697
6789 0
6790 0
6791 6791
6792 0
6793 6793
6794 0
6795 0
6796 0
6797 0
6798 0
6799 0
6800 0
6801 0
6802 0
6803 6803
6804 0
6805 1361
6806 83
6807 2269
6808 0
6809 0
6810 0
6811 0
6812 0
6813 757
6814 3407
6815 0
6816 0
6817 0
6818 0
6819 0
6820 0
6821 0
6822 379
6823 6823
6824 0
6825 0
6826 3413
6827 6827
6828 0
6829 6829
6830 0
6831 0
6832 0
6833 6833
6834 0
6835 0
6836 1709
6837 0
6838 0
6839 0
6840 0
6841 6841
6842 0
6843 2281
6844 0
6845 0
6846 0
6847 0
6848 0
6849 0
6850 0
6851 0
6852 0
6853 0
6854 0
6855 0
6856 857
6857 6857
6858 0
6859 19
6860 0
6861 2287
6862 0
6863 6863
6864 0
6865 0
6866 3433
6867 0
6868 0
6869 6869
6870 0
6871 6871
6872 0
6873 0
6874 491
6875 0
6876 0
6877 0
6878 0
6879 2293
6880 0
6881 0
6882 0
6883 6883
6884 1721
6885 0
6886 0
6887 0
6888 0
6889 83
6890 0
6891 0
6892 0
6893 0
6894 0
6895 0
6896 0
6897 0
6898 3449
6899 6899
6900 0
6901 0
6902 0
6903 0
6904 0
6905 1381
6906 0
6907 6907
6908 0
6909 0
6910 691
6911 6911
6912 0
6913 0
6914 3457
6915 0
6916 0
6917 6917
6918 1153
6919 0
6920 0
6921 0
6922 3461
6923 0
6924 577
6925 0
6926 3463
6927 0
6928 433
6929 0
6930 0
6931 0
6932 1733
6933 2311
6934 3467
6935 0
6936 0
6937 0
6938 3469
6939 0
6940 0
6941 0
6942 0
6943 0
6944 0
6945 0
6946 0
6947 6947
6948 0
6949 6949
6950 0
6951 0
6952 0
6953 409
6954 0
6955 0
6956 0
6957 0
6958 0
6959 6959
6960 0
6961 6961
6962 59
6963 0
6964 1741
6965 0
6966 0
6967 6967
6968 0
6969 0
6970 0
6971 6971
6972 0
6973 0
6974 0
6975 0
6976 0
6977 6977
6978 0
6979 0
6980 0
6981 0
6982 3491
6983 6983
6984 0
6985 0
6986 0
6987 0
6988 0
6989 0
6990 0
6991 6991
6992 0
6993 0
6994 0
6995 0
6996 0
6997 6997
6998 3499
6999 0
7000 0
7001 7001
7002 0
7003 0
7004 0
7005 0
7006 0
7007 0
7008 0
7009 0
7010 701
7011 0
7012 1753
7013 7013
7014 0
7015 0
7016 0
7017 0
7018 0
7019 7019
7020 0
7021 0
7022 3511
7023 2341
7024 0
7025 0
7026 1171
7027 7027
7028 0
7029 0
7030 0
7031 0
7032 0
7033 0
7034 3517
7035 0
7036 0
7037 0
7038 0
7039 7039
7040 0
7041 2347
7042 0
7043 7043
7044 0
7045 0
7046 0
7047 0
7048 881
7049 0
7050 0
7051 0
7052 0
7053 0
7054 3527
7055 0
7056 0
7057 7057
7058 3529
7059 0
7060 0
7061 0
7062 0
7063 1009
7064 0
7065 0
7066 3533
7067 0
7068 0
7069 7069
7070 0
7071 0
7072 0
7073 0
7074 0
7075 0
7076 0
7077 337
7078 3539
7079 7079
7080 0
7081 0
7082 3541
7083 0
7084 0
7085 0
7086 0
7087 0
7088 0
7089 0
7090 0
7091 0
7092 0
7093 0
7094 3547
7095 0
7096 0
7097 0
7098 0
7099 0
7100 0
7101 0
7102 0
7103 7103
7104 0
7105 0
7106 0
7107 0
7108 1777
7109 7109
7110 0
7111 547
7112 0
7113 2371
7114 3557
7115 0
7116 0
7117 0
7118 3559
7119 0
7120 0
7121 7121
7122 0
7123 0
7124 0
7125 0
7126 0
7127 7127
7128 0
7129 7129
7130 0
7131 2377
7132 0
7133 0
7134 0
7135 0
7136 0
7137 0
7138 0
7139 0
7140 0
7141 0
7142 3571
7143 0
7144 0
7145 0
7146 397
7147 0
7148 0
7149 2383
7150 0
7151 7151
7152 0
7153 0
7154 0
7155 0
7156 1789
7157 0
7158 0
7159 7159
7160 0
7161 0
7162 3581
7163 0
7164 0
7165 0
7166 3583
7167 2389
7168 0
7169 0
7170 0
7171 0
7172 0
7173 0
7174 0
7175 0
7176 0
7177 7177
7178 0
7179 0
7180 0
7181 0
7182 0
7183 0
7184 449
7185 0
7186 3593
7187 7187
7188 0
7189 0
7190 0
7191 0
7192 0
7193 7193
7194 0
7195 0
7196 0
7197 0
7198 0
7199 0
7200 0
7201 0
7202 0
7203 7
7204 1801
7205 0
7206 1201
7207 7207
7208 0
7209 0
7210 0
7211 7211
7212 601
7213 7213
7214 3607
7215 0
7216 0
7217 0
7218 0
7219 7219
7220 0
7221 0
7222 0
7223 0
7224 0
7225 0
7226 3613
7227 0
7228 0
7229 7229
7230 241
7231 0
7232 0
7233 0
7234 3617
7235 0
7236 0
7237 7237
7238 0
7239 0
7240 0
7241 0
7242 0
7243 7243
7244 0
7245 0
7246 3623
7247 7247
7248 0
7249 0
7250 0
7251 0
7252 0
7253 7253
7254 0
7255 1451
7256 0
7257 0
7258 191
7259 0
7260 0
7261 0
7262 3631
7263 0
7264 0
7265 0
7266 0
7267 0
7268 0
7269 0
7270 0
7271 661
7272 0
7273 0
7274 3637
7275 0
7276 0
7277 0
7278 1213
7279 0
7280 0
7281 0
7282 331
7283 7283
7284 0
7285 0
7286 3643
7287 0
7288 0
7289 0
7290 0
7291 0
7292 0
7293 0
7294 0
7295 0
7296 0
7297 7297
7298 0
7299 811
7300 0
7301 0
7302 0
7303 0
7304 0
7305 0
7306 0
7307 7307
7308 0
7309 7309
7310 0
7311 2437
7312 0
7313 0
7314 0
7315 0
7316 0
7317 271
7318 3659
7319 0
7320 0
7321 7321
7322 0
7323 0
7324 0
7325 0
7326 0
7327 0
7328 0
7329 0
7330 0
7331 7331
7332 0
7333 7333
7334 0
7335 0
7336 0
7337 0
7338 0
7339 0
7340 0
7341 0
7342 3671
7343 0
7344 0
7345 0
7346 3673
7347 0
7348 0
7349 7349
7350 0
7351 7351
7352 0
7353 0
7354 3677
7355 1471
7356 613
7357 1051
7358 0
7359 0
7360 0
7361 0
7362 0
7363 0
7364 0
7365 0
7366 0
7367 0
7368 0
7369 7369
7370 0
7371 0
7372 0
7373 0
7374 0
7375 0
7376 0
7377 0
7378 0
7379 0
7380 0
7381 0
7382 3691
7383 0
7384 0
7385 211
7386 1231
7387 0
7388 0
7389 0
7390 0
7391 0
7392 0
7393 7393
7394 3697
7395 0
7396 0
7397 0
7398 0
7399 0
7400 0
7401 2467
7402 3701
7403 0
7404 0
7405 1481
7406 0
7407 0
7408 0
7409 0
7410 0
7411 7411
7412 0
7413 0
7414 0
7415 0
7416 0
7417 7417
7418 3709
7419 2473
7420 0
7421 0
7422 1237
7423 0
7424 0
7425 0
7426 0
7427 0
7428 0
7429 0
7430 0
7431 0
7432 929
7433 7433
7434 0
7435 0
7436 0
7437 0
7438 3719
7439 173
7440 0
7441 0
7442 61
7443 0
7444 1861
7445 0
7446 0
7447 0
7448 0
7449 0
7450 0
7451 7451
7452 0
7453 0
7454 3727
7455 0
7456 0
7457 7457
7458 0
7459 7459
7460 0
7461 829
7462 0
7463 0
7464 0
7465 0
7466 3733
7467 0
7468 0
7469 0
7470 0
7471 0
7472 0
7473 0
7474 0
7475 0
7476 0
7477 7477
7478 3739
7479 0
7480 0
7481 7481
7482 0
7483 0
7484 0
7485 0
7486 0
7487 7487
7488 0
7489 7489
7490 0
7491 0
7492 1873
7493 0
7494 1249
7495 0
7496 937
7497 0
7498 0
7499 7499
7500 0
7501 0
7502 0
7503 0
7504 0
7505 0
7506 0
7507 7507
7508 1877
7509 2503
7510 751
7511 0
7512 313
7513 683
7514 0
7515 0
7516 0
7517 7517
7518 0
7519 0
7520 0
7521 0
7522 3761
7523 7523
7524 0
7525 0
7526 0
7527 0
7528 0
7529 7529
7530 0
7531 443
7532 0
7533 0
7534 3767
7535 0
7536 0
7537 7537
7538 3769
7539 0
7540 0
7541 7541
7542 0
7543 0
7544 0
7545 0
7546 0
7547 7547
7548 0
7549 7549
7550 151
7551 0
7552 0
7553 0
7554 0
7555 1511
7556 1889
7557 0
7558 3779
7559 7559
7560 0
7561 7561
7562 0
7563 2521
7564 0
7565 0
7566 0
7567 0
7568 0
7569 0
7570 0
7571 0
7572 0
7573 7573
7574 0
7575 0
7576 0
7577 7577
7578 0
7579 0
7580 0
7581 0
7582 0
7583 7583
7584 0
7585 0
7586 3793
7587 0
7588 0
7589 7589
7590 0
7591 7591
7592 0
7593 0
7594 3797
7595 0
7596 0
7597 0
7598 0
7599 0
7600 0
7601 0
7602 0
7603 7603
7604 1901
7605 0
7606 3803
7607 7607
7608 0
7609 0
7610 761
7611 0
7612 0
7613 0
7614 0
7615 0
7616 0
7617 2539
7618 0
7619 0
7620 0
7621 7621
7622 0
7623 0
7624 953
7625 0
7626 0
7627 0
7628 0
7629 0
7630 0
7631 0
7632 0
7633 0
7634 0
7635 0
7636 0
7637 0
7638 0
7639 7639
7640 0
7641 0
7642 3821
7643 7643
7644 0
7645 0
7646 3823
7647 0
7648 0
7649 7649
7650 0
7651 1093
7652 1913
7653 2551
7654 0
7655 1531
7656 0
7657 0
7658 547
7659 0
7660 0
7661 0
7662 0
7663 0
7664 0
7665 0
7666 3833
7667 0
7668 0
7669 7669
7670 0
7671 2557
7672 0
7673 7673
7674 1279
7675 0
7676 0
7677 0
7678 0
7679 0
7680 0
7681 7681
7682 0
7683 0
7684 0
7685 0
7686 0
7687 7687
7688 0
7689 0
7690 0
7691 7691
7692 0
7693 0
7694 3847
7695 0
7696 0
7697 0
7698 0
7699 7699
7700 0
7701 0
7702 3851
7703 7703
7704 0
7705 0
7706 3853
7707 0
7708 0
7709 0
7710 0
7711 0
7712 0
7713 0
7714 0
7715 0
7716 0
7717 7717
7718 0
7719 0
7720 0
7721 0
7722 0
7723 7723
7724 0
7725 0
7726 3863
7727 7727
7728 0
7729 0
7730 0
7731 0
7732 1933
7733 0
7734 0
7735 0
7736 0
7737 0
7738 0
7739 0
7740 0
7741 7741
7742 0
7743 0
7744 0
7745 0
7746 1291
7747 0
7748 0
7749 0
7750 0
7751 0
7752 0
7753 7753
7754 3877
7755 0
7756 0
7757 7757
7758 0
7759 7759
7760 0
7761 0
7762 3881
7763 0
7764 0
7765 0
7766 353
7767 0
7768 0
7769 0
7770 0
7771 0
7772 0
7773 0
7774 0
7775 0
7776 0
7777 0
7778 3889
7779 2593
7780 0
7781 0
7782 1297
7783 0
7784 0
7785 0
7786 0
7787 599
7788 0
7789 7789
7790 0
7791 0
7792 0
7793 7793
7794 433
7795 0
7796 1949
7797 0
7798 0
7799 0
7800 0
7801 0
7802 0
7803 0
7804 0
7805 0
7806 0
7807 0
7808 0
7809 0
7810 0
7811 0
7812 0
7813 0
7814 3907
7815 0
7816 977
7817 7817
7818 1303
7819 0
7820 0
7821 0
7822 3911
7823 7823
7824 0
7825 0
7826 0
7827 0
7828 0
7829 7829
7830 0
7831 0
7832 89
7833 0
7834 3917
7835 0
7836 0
7837 0
7838 3919
7839 0
7840 0
7841 7841
7842 0
7843 0
7844 0
7845 0
7846 3923
7847 0
7848 0
7849 0
7850 0
7851 2617
7852 0
7853 7853
7854 0
7855 1571
7856 0
7857 0
7858 3929
7859 0
7860 0
7861 0
7862 3931
7863 0
7864 0
7865 0
7866 0
7867 7867
7868 281
7869 0
7870 0
7871 0
7872 0
7873 7873
7874 0
7875 0
7876 0
7877 7877
7878 0
7879 7879
7880 0
7881 0
7882 0
7883 7883
7884 0
7885 0
7886 3943
7887 0
7888 0
7889 0
7890 0
7891 0
7892 1973
7893 0
7894 3947
7895 0
7896 0
7897 0
7898 0
7899 0
7900 0
7901 7901
7902 0
7903 0
7904 0
7905 0
7906 0
7907 7907
7908 0
7909 0
7910 0
7911 0
7912 0
7913 0
7914 0
7915 0
7916 0
7917 0
7918 0
7919 7919
7920 0
7921 89
7922 0
7923 0
7924 0
7925 0
7926 1321
7927 7927
7928 0
7929 0
7930 0
7931 0
7932 661
7933 7933
7934 3967
7935 0
7936 0
7937 7937
7938 0
7939 0
7940 0
7941 2647
7942 0
7943 0
7944 0
7945 0
7946 0
7947 883
7948 0
7949 7949
7950 0
7951 7951
7952 0
7953 0
7954 0
7955 0
7956 0
7957 0
7958 0
7959 379
7960 0
7961 419
7962 1327
7963 7963
7964 0
7965 0
7966 0
7967 0
7968 0
7969 0
7970 0
7971 0
7972 1993
7973 0
7974 0
7975 0
7976 0
7977 2659
7978 3989
7979 0
7980 0
7981 0
7982 0
7983 0
7984 0
7985 0
7986 0
7987 0
7988 1997
7989 0
7990 0
7991 0
7992 0
7993 7993
7994 0
7995 0
7996 0
7997 727
7998 0
7999 0
8000 0
8001 127
8002 4001
8003 0
8004 0
8005 1601
8006 4003
8007 0
8008 0
8009 8009
8010 0
8011 8011
8012 0
8013 2671
8014 4007
8015 0
8016 0
8017 8017
8018 0
8019 0
8020 401
8021 0
8022 0
8023 0
8024 0
8025 0
8026 4013
8027 0
8028 0
8029 0
8030 0
8031 2677
8032 0
8033 0
8034 0
8035 0
8036 0
8037 0
8038 4019
8039 8039
8040 0
8041 0
8042 4021
8043 0
8044 0
8045 0
8046 0
8047 0
8048 0
8049 2683
8050 0
8051 0
8052 0
8053 8053
8054 4027
8055 0
8056 0
8057 0
8058 0
8059 8059
8060 0
8061 0
8062 0
8063 0
8064 0
8065 0
8066 0
8067 2689
8068 2017
8069 8069
8070 0
8071 0
8072 1009
8073 0
8074 0
8075 0
8076 673
8077 0
8078 0
8079 0
8080 0
8081 8081
8082 0
8083 0
8084 0
8085 0
8086 0
8087 8087
8088 337
8089 8089
8090 0
8091 0
8092 0
8093 8093
8094 0
8095 0
8096 0
8097 0
8098 4049
8099 0
8100 0
8101 8101
8102 4051
8103 0
8104 0
8105 1621
8106 0
8107 0
8108 0
8109 0
8110 811
8111 8111
8112 0
8113 0
8114 4057
8115 541
8116 2029
8117 8117
8118 0
8119 0
8120 0
8121 2707
8122 0
8123 8123
8124 0
8125 0
8126 239
8127 0
8128 0
8129 0
8130 271
8131 0
8132 0
8133 0
8134 0
8135 0
8136 0
8137 0
8138 313
8139 2713
8140 0
8141 1163
8142 0
8143 0
8144 0
8145 181
8146 4073
8147 8147
8148 0
8149 0
8150 0
8151 0
8152 0
8153 0
8154 0
8155 0
8156 0
8157 2719
8158 4079
8159 0
8160 0
8161 8161
8162 0
8163 0
8164 157
8165 0
8166 0
8167 8167
8168 0
8169 0
8170 0
8171 8171
8172 0
8173 0
8174 0
8175 0
8176 0
8177 0
8178 0
8179 8179
8180 0
8181 0
8182 4091
8183 0
8184 0
8185 0
8186 4093
8187 0
8188 0
8189 0
8190 0
8191 8191
8192 2
8193 2731
8194 0
8195 0
8196 0
8197 0
8198 4099
8199 0
8200 0
8201 0
8202 0
8203 0
8204 0
8205 0
8206 0
8207 0
8208 0
8209 8209
8210 821
8211 0
8212 2053
8213 0
8214 37
8215 0
8216 0
8217 0
8218 0
8219 8219
8220 0
8221 8221
8222 4111
8223 0
8224 257
8225 0
8226 0
8227 0
8228 0
8229 0
8230 0
8231 8231
8232 0
8233 8233
8234 0
8235 0
8236 0
8237 8237
8238 0
8239 0
8240 0
8241 0
8242 0
8243 8243
8244 0
8245 0
8246 0
8247 2749
8248 0
8249 0
8250 0
8251 223
8252 0
8253 0
8254 4127
8255 0
8256 0
8257 0
8258 4129
8259 0
8260 0
8261 0
8262 0
8263 8263
8264 1033
8265 0
8266 4133
8267 0
8268 0
8269 8269
8270 0
8271 919
8272 0
8273 8273
8274 0
8275 0
8276 2069
8277 0
8278 4139
8279 0
8280 0
8281 0
8282 0
8283 0
8284 0
8285 0
8286 1381
8287 8287
8288 0
8289 0
8290 0
8291 8291
8292 0
8293 8293
8294 0
8295 0
8296 0
8297 8297
8298 0
8299 0
8300 0
8301 2767
8302 0
8303 0
8304 0
8305 0
8306 4153
8307 0
8308 0
8309 0
8310 0
8311 8311
8312 0
8313 0
8314 4157
8315 0
8316 0
8317 8317
8318 4159
8319 0
8320 0
8321 0
8322 0
8323 0
8324 2081
8325 0
8326 0
8327 0
8328 0
8329 8329
8330 0
8331 0
8332 0
8333 0
8334 0
8335 0
8336 0
8337 0
8338 0
8339 0
8340 0
8341 0
8342 0
8343 0
8344 0
8345 0
8346 0
8347 0
8348 0
8349 0
8350 0
8351 0
8352 0
8353 8353
8354 4177
8355 0
8356 2089
8357 0
8358 0
8359 0
8360 0
8361 0
8362 0
8363 8363
8364 0
8365 0
8366 0
8367 0
8368 0
8369 8369
8370 0
8371 0
8372 0
8373 2791
8374 0
8375 0
8376 0
8377 8377
8378 0
8379 0
8380 0
8381 0
8382 0
8383 0
8384 0
8385 0
8386 0
8387 8387
8388 0
8389 8389
8390 0
8391 2797
8392 1049
8393 0
8394 1399
8395 0
8396 0
8397 0
8398 0
8399 0
8400 0
8401 0
8402 4201
8403 0
8404 0
8405 41
8406 0
8407 0
8408 0
8409 2803
8410 0
8411 0
8412 0
8413 0
8414 0
8415 0
8416 0
8417 0
8418 0
8419 8419
8420 421
8421 0
8422 4211
8423 8423
8424 0
8425 0
8426 0
8427 0
8428 0
8429 8429
8430 0
8431 8431
8432 0
8433 937
8434 4217
8435 0
8436 0
8437 0
8438 4219
8439 0
8440 0
8441 0
8442 0
8443 8443
8444 0
8445 0
8446 0
8447 8447
8448 0
8449 0
8450 0
8451 0
8452 2113
8453 0
8454 0
8455 0
8456 0
8457 0
8458 4229
8459 0
8460 0
8461 8461
8462 4231
8463 0
8464 0
8465 0
8466 0
8467 8467
8468 0
8469 0
8470 0
8471 0
8472 0
8473 0
8474 0
8475 0
8476 0
8477 0
8478 0
8479 0
8480 0
8481 0
8482 4241
8483 0
8484 0
8485 0
8486 4243
8487 0
8488 0
8489 0
8490 0
8491 0
8492 0
8493 0
8494 0
8495 0
8496 0
8497 0
8498 0
8499 2833
8500 0
8501 8501
8502 0
8503 0
8504 0
8505 0
8506 4253
8507 0
8508 709
8509 0
8510 0
8511 0
8512 0
8513 8513
8514 0
8515 131
8516 2129
8517 0
8518 4259
8519 0
8520 0
8521 8521
8522 4261
8523 0
8524 0
8525 0
8526 0
8527 8527
8528 0
8529 0
8530 0
8531 0
8532 0
8533 0
8534 0
8535 0
8536 0
8537 8537
8538 1423
8539 8539
8540 0
8541 0
8542 4271
8543 8543
8544 0
8545 0
8546 4273
8547 0
8548 2137
8549 0
8550 0
8551 0
8552 0
8553 2851
8554 0
8555 0
8556 0
8557 0
8558 0
8559 0
8560 0
8561 0
8562 0
8563 8563
8564 2141
8565 571
8566 4283
8567 0
8568 0
8569 0
8570 0
8571 2857
8572 0
8573 8573
8574 1429
8575 0
8576 0
8577 0
8578 4289
8579 0
8580 0
8581 8581
8582 0
8583 0
8584 0
8585 0
8586 0
8587 0
8588 0
8589 0
8590 0
8591 0
8592 0
8593 0
8594 4297
8595 0
8596 0
8597 8597
8598 0
8599 8599
8600 0
8601 0
8602 0
8603 0
8604 0
8605 1721
8606 0
8607 0
8608 0
8609 8609
8610 0
8611 0
8612 2153
8613 0
8614 0
8615 0
8616 0
8617 0
8618 0
8619 0
8620 0
8621 0
8622 0
8623 8623
8624 0
8625 0
8626 0
8627 8627
8628 0
8629 8629
8630 0
8631 0
8632 0
8633 0
8634 0
8635 0
8636 0
8637 0
8638 617
8639 0
8640 0
8641 8641
8642 0
8643 0
8644 2161
8645 0
8646 0
8647 8647
8648 0
8649 0
8650 0
8651 0
8652 0
8653 0
8654 4327
8655 0
8656 0
8657 0
8658 0
8659 0
8660 0
8661 2887
8662 0
8663 8663
8664 0
8665 0
8666 0
8667 0
8668 0
8669 8669
8670 0
8671 0
8672 0
8673 0
8674 4337
8675 0
8676 0
8677 8677
8678 4339
8679 0
8680 0
8681 8681
8682 1447
8683 457
8684 0
8685 0
8686 0
8687 0
8688 0
8689 8689
8690 0
8691 0
8692 0
8693 8693
8694 0
8695 0
8696 0
8697 0
8698 4349
8699 8699
8700 0
8701 0
8702 229
8703 0
8704 0
8705 1741
8706 0
8707 8707
8708 0
8709 0
8710 0
8711 0
8712 0
8713 8713
8714 4357
8715 0
8716 0
8717 0
8718 1453
8719 8719
8720 0
8721 0
8722 0
8723 0
8724 0
8725 0
8726 4363
8727 0
8728 0
8729 0
8730 0
8731 8731
8732 0
8733 0
8734 397
8735 0
8736 0
8737 8737
8738 0
8739 0
8740 0
8741 8741
8742 0
8743 0
8744 0
8745 0
8746 4373
8747 8747
8748 0
8749 0
8750 0
8751 2917
8752 0
8753 8753
8754 1459
8755 0
8756 0
8757 0
8758 0
8759 0
8760 0
8761 8761
8762 0
8763 0
8764 0
8765 0
8766 487
8767 0
8768 0
8769 0
8770 0
8771 0
8772 0
8773 0
8774 0
8775 0
8776 1097
8777 0
8778 0
8779 8779
8780 0
8781 0
8782 4391
8783 8783
8784 0
8785 0
8786 0
8787 0
8788 13
8789 0
8790 0
8791 0
8792 0
8793 0
8794 4397
8795 0
8796 733
8797 0
8798 0
8799 0
8800 0
8801 677
8802 163
8803 8803
8804 0
8805 0
8806 0
8807 8807
8808 0
8809 0
8810 881
8811 0
8812 0
8813 0
8814 0
8815 0
8816 0
8817 0
8818 4409
8819 8819
8820 0
8821 8821
8822 0
8823 0
8824 0
8825 0
8826 1471
8827 0
8828 0
8829 0
8830 0
8831 8831
8832 0
8833 0
8834 631
8835 0
8836 0
8837 8837
8838 0
8839 8839
8840 0
8841 421
8842 4421
8843 0
8844 0
8845 0
8846 4423
8847 0
8848 0
8849 8849
8850 0
8851 0
8852 2213
8853 0
8854 0
8855 0
8856 0
8857 0
8858 0
8859 2953
8860 0
8861 8861
8862 211
8863 8863
8864 0
8865 0
8866 0
8867 8867
8868 0
8869 0
8870 0
8871 0
8872 0
8873 0
8874 0
8875 0
8876 0
8877 0
8878 0
8879 0
8880 0
8881 0
8882 4441
8883 0
8884 2221
8885 0
8886 0
8887 8887
8888 0
8889 0
8890 0
8891 0
8892 0
8893 8893
8894 4447
8895 0
8896 0
8897 0
8898 1483
8899 0
8900 0
8901 0
8902 4451
8903 0
8904 0
8905 0
8906 0
8907 0
8908 0
8909 0
8910 0
8911 0
8912 0
8913 2971
8914 4457
8915 0
8916 0
8917 0
8918 0
8919 991
8920 0
8921 0
8922 0
8923 8923
8924 0
8925 0
8926 4463
8927 0
8928 0
8929 8929
8930 0
8931 0
8932 0
8933 8933
8934 1489
8935 0
8936 0
8937 0
8938 0
8939 0
8940 0
8941 8941
8942 0
8943 0
8944 0
8945 0
8946 0
8947 0
8948 2237
8949 0
8950 0
8951 8951
8952 0
8953 0
8954 0
8955 0
8956 0
8957 0
8958 0
8959 0
8960 0
8961 0
8962 4481
8963 8963
8964 0
8965 0
8966 4483
8967 0
8968 0
8969 8969
8970 0
8971 8971
8972 0
8973 0
8974 0
8975 0
8976 0
8977 0
8978 67
8979 0
8980 0
8981 0
8982 0
8983 0
8984 0
8985 0
8986 4493
8987 0
8988 0
8989 0
8990 0
8991 0
8992 0
8993 0
8994 0
8995 0
8996 0
8997 0
8998 0
8999 8999
9000 0
9001 9001
9002 0
9003 3001
9004 0
9005 1801
9006 0
9007 9007
9008 0
9009 0
9010 0
9011 9011
9012 0
9013 9013
9014 4507
9015 601
9016 0
9017 0
9018 0
9019 0
9020 0
9021 0
9022 0
9023 1289
9024 0
9025 0
9026 4513
9027 0
9028 0
9029 9029
9030 0
9031 0
9032 1129
9033 0
9034 4517
9035 0
9036 0
9037 0
9038 4519
9039 0
9040 0
9041 9041
9042 0
9043 9043
9044 0
9045 0
9046 4523
9047 0
9048 0
9049 9049
9050 0
9051 0
9052 0
9053 0
9054 0
9055 1811
9056 0
9057 3019
9058 0
9059 9059
9060 0
9061 0
9062 0
9063 0
9064 0
9065 0
9066 0
9067 9067
9068 0
9069 0
9070 0
9071 0
9072 0
9073 0
9074 0
9075 0
9076 2269
9077 0
9078 0
9079 0
9080 0
9081 1009
9082 0
9083 0
9084 757
9085 0
9086 0
9087 0
9088 0
9089 0
9090 0
9091 9091
9092 2273
9093 0
9094 4547
9095 0
9096 0
9097 0
9098 4549
9099 0
9100 0
9101 0
9102 0
9103 9103
9104 0
9105 0
9106 0
9107 0
9108 0
9109 9109
9110 911
9111 3037
9112 0
9113 0
9114 0
9115 0
9116 0
9117 0
9118 0
9119 0
9120 0
9121 1303
9122 4561
9123 0
9124 2281
9125 0
9126 0
9127 9127
9128 0
9129 0
9130 0
9131 0
9132 0
9133 9133
9134 4567
9135 0
9136 0
9137 9137
9138 0
9139 0
9140 0
9141 0
9142 0
9143 0
9144 0
9145 0
9146 0
9147 3049
9148 0
9149 0
9150 0
9151 9151
9152 0
9153 0
9154 0
9155 1831
9156 0
9157 9157
9158 0
9159 0
9160 0
9161 9161
9162 0
9163 0
9164 0
9165 0
9166 4583
9167 0
9168 0
9169 0
9170 0
9171 0
9172 2293
9173 9173
9174 0
9175 0
9176 0
9177 0
9178 0
9179 0
9180 0
9181 9181
9182 4591
9183 3061
9184 0
9185 0
9186 1531
9187 9187
9188 2297
9189 0
9190 0
9191 0
9192 0
9193 0
9194 4597
9195 0
9196 0
9197 0
9198 0
9199 9199
9200 0
9201 3067
9202 0
9203 9203
9204 0
9205 0
9206 4603
9207 0
9208 0
9209 9209
9210 0
9211 0
9212 0
9213 0
9214 0
9215 0
9216 0
9217 0
9218 419
9219 0
9220 461
9221 9221
9222 0
9223 0
9224 1153
9225 0
9226 659
9227 9227
9228 769
9229 0
9230 0
9231 0
9232 577
9233 0
9234 0
9235 0
9236 2309
9237 3079
9238 0
9239 9239
9240 0
9241 9241
9242 4621
9243 0
9244 0
9245 0
9246 0
9247 0
9248 0
9249 0
9250 0
9251 0
9252 0
9253 0
9254 0
9255 0
9256 0
9257 9257
9258 1543
9259 0
9260 0
9261 0
9262 0
9263 0
9264 193
9265 0
9266 0
9267 0
9268 0
9269 0
9270 0
9271 0
9272 0
9273 0
9274 4637
9275 0
9276 0
9277 9277
9278 4639
9279 0
9280 0
9281 9281
9282 0
9283 9283
9284 0
9285 0
9286 4643
9287 0
9288 0
9289 0
9290 0
9291 0
9292 0
9293 9293
9294 1549
9295 0
9296 0
9297 0
9298 4649
9299 0
9300 0
9301 0
9302 4651
9303 0
9304 0
9305 1861
9306 0
9307 0
9308 0
9309 0
9310 0
9311 9311
9312 97
9313 0
9314 4657
9315 0
9316 137
9317 0
9318 0
9319 9319
9320 0
9321 0
9322 0
9323 9323
9324 0
9325 0
9326 4663
9327 3109
9328 0
9329 0
9330 0
9331 0
9332 2333
9333 0
9334 0
9335 0
9336 0
9337 9337
9338 0
9339 0
9340 0
9341 9341
9342 0
9343 9343
9344 0
9345 0
9346 4673
9347 0
9348 0
9349 9349
9350 0
9351 0
9352 0
9353 0
9354 0
9355 1871
9356 0
9357 0
9358 4679
9359 0
9360 0
9361 0
9362 0
9363 3121
9364 2341
9365 0
9366 0
9367 0
9368 0
9369 0
9370 0
9371 9371
9372 0
9373 0
9374 0
9375 0
9376 0
9377 9377
9378 0
9379 0
9380 0
9381 0
9382 4691
9383 0
9384 0
9385 0
9386 0
9387 0
9388 0
9389 0
9390 0
9391 9391
9392 0
9393 0
9394 0
9395 0
9396 0
9397 9397
9398 0
9399 0
9400 0
9401 0
9402 1567
9403 9403
9404 0
9405 0
9406 4703
9407 0
9408 0
9409 97
9410 941
9411 0
9412 0
9413 9413
9414 523
9415 0
9416 0
9417 0
9418 0
9419 9419
9420 0
9421 9421
9422 673
9423 0
9424 0
9425 0
9426 0
9427 0
9428 2357
9429 0
9430 0
9431 9431
9432 0
9433 9433
9434 0
9435 0
9436 337
9437 9437
9438 0
9439 9439
9440 0
9441 0
9442 4721
9443 0
9444 0
9445 0
9446 4723
9447 0
9448 0
9449 859
9450 0
9451 0
9452 0
9453 0
9454 0
9455 0
9456 0
9457 0
9458 4729
9459 0
9460 0
9461 9461
9462 0
9463 9463
9464 0
9465 631
9466 4733
9467 9467
9468 0
9469 0
9470 0
9471 0
9472 0
9473 9473
9474 1579
9475 0
9476 0
9477 0
9478 0
9479 9479
9480 0
9481 0
9482 0
9483 0
9484 0
9485 0
9486 0
9487 0
9488 593
9489 3163
9490 0
9491 9491
9492 0
9493 0
9494 0
9495 0
9496 0
9497 9497
9498 0
9499 0
9500 0
9501 0
9502 4751
9503 0
9504 0
9505 1901
9506 0
9507 3169
9508 2377
9509 0
9510 0
9511 9511
9512 0
9513 0
9514 0
9515 0
9516 0
9517 0
9518 4759
9519 0
9520 0
9521 9521
9522 0
9523 0
9524 2381
9525 0
9526 0
9527 0
9528 0
9529 0
9530 0
9531 0
9532 0
9533 9533
9534 0
9535 0
9536 0
9537 0
9538 0
9539 9539
9540 0
9541 0
9542 0
9543 3181
9544 1193
9545 0
9546 0
9547 9547
9548 0
9549 0
9550 0
9551 9551
9552 0
9553 0
9554 0
9555 0
9556 2389
9557 0
9558 0
9559 0
9560 0
9561 3187
9562 0
9563 0
9564 0
9565 0
9566 4783
9567 1063
9568 0
9569 0
9570 0
9571 0
9572 2393
9573 0
9574 4787
9575 0
9576 0
9577 0
9578 4789
9579 0
9580 0
9581 0
9582 1597
9583 0
9584 0
9585 0
9586 4793
9587 9587
9588 0
9589 0
9590 0
9591 139
9592 0
9593 0
9594 0
9595 0
9596 0
9597 0
9598 4799
9599 0
9600 0
9601 9601
9602 4801
9603 0
9604 0
9605 0
9606 0
9607 0
9608 1201
9609 0
9610 31
9611 1373
9612 0
9613 9613
9614 0
9615 0
9616 0
9617 0
9618 0
9619 9619
9620 0
9621 0
9622 0
9623 9623
9624 0
9625 0
9626 4813
9627 0
9628 0
9629 9629
9630 0
9631 9631
9632 0
9633 0
9634 4817
9635 0
9636 0
9637 0
9638 0
9639 0
9640 241
9641 311
9642 0
9643 9643
9644 0
9645 0
9646 0
9647 0
9648 0
9649 9649
9650 0
9651 3217
9652 0
9653 197
9654 1609
9655 1931
9656 0
9657 0
9658 0
9659 0
9660 0
9661 9661
9662 4831
9663 0
9664 0
9665 0
9666 0
9667 0
9668 2417
9669 0
9670 0
9671 0
9672 0
9673 0
9674 0
9675 0
9676 0
9677 9677
9678 0
9679 9679
9680 0
9681 0
9682 0
9683 0
9684 0
9685 0
9686 0
9687 3229
9688 0
9689 9689
9690 0
9691 881
9692 0
9693 0
9694 0
9695 0
9696 0
9697 9697
9698 0
9699 0
9700 0
9701 0
9702 0
9703 0
9704 0
9705 0
9706 0
9707 0
9708 0
9709 0
9710 971
9711 0
9712 0
9713 0
9714 0
9715 0
9716 0
9717 0
9718 0
9719 9719
9720 0
9721 9721
9722 4861
9723 463
9724 0
9725 0
9726 1621
9727 0
9728 0
9729 0
9730 0
9731 0
9732 0
9733 9733
9734 0
9735 0
9736 1217
9737 0
9738 541
9739 9739
9740 0
9741 0
9742 4871
9743 9743
9744 0
9745 0
9746 0
9747 0
9748 2437
9749 9749
9750 0
9751 0
9752 0
9753 0
9754 4877
9755 1951
9756 0
9757 0
9758 0
9759 3253
9760 0
9761 0
9762 1627
9763 0
9764 2441
9765 0
9766 0
9767 9767
9768 0
9769 9769
9770 0
9771 0
9772 0
9773 0
9774 0
9775 0
9776 0
9777 3259
9778 4889
9779 0
9780 0
9781 9781
9782 0
9783 0
9784 0
9785 0
9786 0
9787 9787
9788 0
9789 0
9790 0
9791 9791
9792 0
9793 0
9794 0
9795 0
9796 0
9797 0
9798 0
9799 0
9800 0
9801 0
9802 0
9803 9803
9804 0
9805 0
9806 4903
9807 0
9808 0
9809 0
9810 0
9811 9811
9812 0
9813 3271
9814 701
9815 0
9816 409
9817 9817
9818 4909
9819 0
9820 0
9821 0
9822 0
9823 0
9824 0
9825 0
9826 17
9827 0
9828 0
9829 9829
9830 0
9831 0
9832 0
9833 9833
9834 0
9835 281
9836 0
9837 0
9838 4919
9839 9839
9840 0
9841 0
9842 0
9843 0
9844 0
9845 0
9846 0
9847 0
9848 0
9849 0
9850 0
9851 9851
9852 0
9853 0
9854 0
9855 0
9856 0
9857 9857
9858 0
9859 9859
9860 0
9861 0
9862 4931
9863 0
9864 0
9865 0
9866 4933
9867 0
9868 0
9869 0
9870 0
9871 9871
9872 0
9873 0
9874 4937
9875 0
9876 0
9877 0
9878 0
9879 0
9880 0
9881 0
9882 0
9883 9883
9884 0
9885 0
9886 4943
9887 9887
9888 0
9889 0
9890 0
9891 0
9892 2473
9893 0
9894 0
9895 0
9896 0
9897 0
9898 0
9899 0
9900 0
9901 9901
9902 4951
9903 3301
9904 0
9905 0
9906 0
9907 9907
9908 2477
9909 0
9910 991
9911 0
9912 0
9913 0
9914 4957
9915 661
9916 0
9917 0
9918 0
9919 0
9920 0
9921 3307
9922 0
9923 9923
9924 0
9925 0
9926 0
9927 0
9928 0
9929 9929
9930 331
9931 9931
9932 0
9933 0
9934 4967
9935 0
9936 0
9937 0
9938 4969
9939 3313
9940 0
9941 9941
9942 1657
9943 0
9944 0
9945 0
9946 4973
9947 0
9948 829
9949 9949
9950 0
9951 0
9952 0
9953 0
9954 0
9955 0
9956 0
9957 3319
9958 0
9959 0
9960 0
9961 0
9962 0
9963 0
9964 0
9965 0
9966 0
9967 9967
9968 0
9969 0
9970 0
9971 0
9972 0
9973 9973
9974 4987
9975 0
9976 0
9977 0
9978 1663
9979 0
9980 0
9981 0
9982 0
9983 0
9984 0
9985 0
9986 4993
9987 0
9988 0
9989 0
9990 0
9991 0
9992 1249
9993 3331
9994 0
9995 0
9996 0
9997 0
9998 4999
9999 0
10000 0
