0 0
1 0
2 1
3 0
4 0
5 0
6 0
7 0
8 1
9 1
10 1
11 3
12 0
13 0
14 0
15 4
16 0
17 0
18 0
19 1
20 0
21 3
22 1
23 0
24 0
25 1
26 2
27 1
28 1
29 0
30 2
31 1
32 0
33 0
34 1
35 0
36 0
37 0
38 0
39 0
40 1
41 0
42 1
43 0
44 0
45 1
46 1
47 1
48 0
49 0
50 1
51 0
52 0
53 0
54 0
55 2
56 0
57 1
58 2
59 2
60 0
61 0
62 2
63 0
64 1
65 1
66 6
67 0
68 0
69 0
70 5
71 0
72 0
73 0
74 2
75 3
76 0
77 0
78 2
79 1
80 2
81 0
82 0
83 0
84 2
85 0
86 1
87 0
88 0
89 0
90 0
91 0
92 0
93 0
94 3
95 0
96 11
97 1
98 3
99 0
100 2
101 1
102 0
103 1
104 0
105 0
106 4
107 0
108 2
109 7
110 1
111 0
112 2
113 2
114 0
115 0
116 3
117 2
118 0
119 0
120 3
121 0
122 4
123 0
124 2
125 3
126 2
127 0
128 3
129 1
130 3
131 4
132 0
133 3
134 0
135 2
136 4
137 3
138 0
139 0
140 0
141 3
142 3
143 0
144 0
145 0
146 0
147 1
148 0
149 6
150 0
151 1
152 0
153 2
154 8
155 0
156 0
157 0
158 1
159 0
160 1
161 0
162 0
163 1
164 0
165 0
166 0
167 1
168 0
169 0
170 1
171 8
172 0
173 0
174 1
175 1
176 1
177 0
178 0
179 5
180 3
181 0
182 0
183 0
184 1
185 0
186 0
187 2
188 0
189 0
190 0
191 2
192 0
193 0
194 0
195 0
196 0
197 1
198 1
199 0
200 2
201 0
202 0
203 0
204 0
205 2
206 3
207 1
208 0
209 0
210 0
211 0
212 0
213 1
214 0
215 0
216 0
217 1
218 0
219 0
220 0
221 0
222 0
223 0
224 1
225 0
226 0
227 1
228 1
229 0
230 7
231 3
232 0
233 0
234 0
235 0
236 3
237 0
238 0
239 0
240 0
241 1
242 0
243 3
244 0
245 1
246 1
247 1
248 3
249 0
250 0
251 0
252 0
253 4
254 0
255 3
256 1
257 0
258 2
259 0
260 1
261 0
262 5
263 0
264 1
265 2
266 0
267 1
268 3
269 0
270 0
271 1
272 0
273 0
274 1
275 0
276 0
277 0
278 5
279 0
280 2
281 0
282 1
283 0
284 0
285 0
286 0
287 0
288 1
289 0
290 1
291 2
292 3
293 0
294 0
295 4
296 0
297 3
298 6
299 0
300 1
301 0
302 0
303 3
304 0
305 3
306 0
307 1
308 0
309 0
310 2
311 0
312 0
313 0
314 1
315 1
316 0
317 2
318 1
319 1
320 0
321 0
322 3
323 2
324 0
325 0
326 0
327 4
328 1
329 1
330 0
331 0
332 0
333 0
334 3
335 0
336 2
337 2
338 0
339 4
340 3
341 1
342 2
343 0
344 2
345 0
346 0
347 1
348 1
349 0
350 3
351 2
352 2
353 2
354 0
355 0
356 1
357 0
358 2
359 2
360 0
361 0
362 0
363 0
364 3
365 2
366 0
367 0
368 0
369 0
370 1
371 1
372 1
373 0
374 2
375 1
376 0
377 0
378 0
379 1
380 2
381 0
382 0
383 4
384 2
385 0
386 3
387 1
388 1
389 0
390 0
391 1
392 0
393 1
394 0
395 0
396 0
397 3
398 0
399 0
400 1
401 0
402 0
403 0
404 2
405 1
406 0
407 0
408 1
409 2
410 1
411 1
412 4
413 3
414 1
415 3
416 2
417 0
418 0
419 5
420 0
421 0
422 1
423 0
424 1
425 0
426 0
427 1
428 0
429 0
430 1
431 1
432 0
433 0
434 0
435 6
436 0
437 0
438 0
439 1
440 0
441 10
442 0
443 0
444 2
445 2
446 0
447 1
448 1
449 4
450 6
451 0
452 1
453 0
454 0
455 1
456 1
457 0
458 2
459 0
460 0
461 0
462 0
463 0
464 0
465 4
466 0
467 0
468 0
469 3
470 0
471 3
472 0
473 1
474 0
475 0
476 1
477 0
478 9
479 0
480 0
481 2
482 0
483 1
484 0
485 2
486 0
487 3
488 1
489 0
490 0
491 0
492 2
493 0
494 3
495 0
496 1
497 0
498 0
499 0
500 0
501 2
502 0
503 2
504 0
505 1
506 2
507 0
508 0
509 1
510 2
511 1
512 1
513 1
514 0
515 3
516 0
517 4
518 6
519 0
520 4
521 1
522 0
523 1
524 1
525 0
526 1
527 1
528 0
529 2
530 1
531 2
532 2
533 2
534 0
535 0
536 0
537 0
538 1
539 1
540 0
541 1
542 0
543 0
544 2
545 1
546 0
547 0
548 2
549 2
550 3
551 4
552 1
553 1
554 3
555 0
556 1
557 7
558 0
559 0
560 0
561 5
562 1
563 1
564 1
565 0
566 0
567 0
568 0
569 2
570 2
571 1
572 0
573 0
574 0
575 0
576 0
577 1
578 0
579 2
580 4
581 4
582 0
583 0
584 0
585 0
586 0
587 0
588 1
589 1
590 1
591 2
592 0
593 0
594 0
595 0
596 1
597 2
598 0
599 4
600 1
601 0
602 4
603 0
604 2
605 3
606 3
607 2
608 0
609 3
610 0
611 0
612 0
613 0
614 0
615 6
616 1
617 0
618 1
619 0
620 0
621 0
622 0
623 2
624 0
625 0
626 0
627 0
628 3
629 0
630 0
631 3
632 4
633 1
634 0
635 0
636 0
637 1
638 1
639 2
640 0
641 1
642 0
643 1
644 1
645 2
646 1
647 0
648 4
649 2
650 0
651 2
652 0
653 0
654 1
655 0
656 0
657 2
658 0
659 1
660 0
661 0
662 3
663 2
664 0
665 0
666 0
667 0
668 0
669 4
670 1
671 2
672 0
673 0
674 2
675 7
676 3
677 4
678 0
679 2
680 1
681 0
682 5
683 0
684 2
685 0
686 0
687 1
688 2
689 0
690 0
691 0
692 3
693 0
694 1
695 0
696 0
697 1
698 5
699 3
700 0
701 1
702 1
703 6
704 0
705 1
706 1
707 1
708 0
709 0
710 1
711 1
712 0
713 1
714 0
715 1
716 0
717 0
718 2
719 0
720 0
721 1
722 0
723 0
724 0
725 0
726 0
727 2
728 0
729 0
730 0
731 0
732 0
733 2
734 1
735 0
736 0
737 0
738 2
739 0
740 0
741 0
742 0
743 1
744 3
745 3
746 0
747 0
748 1
749 0
750 0
751 6
752 2
753 0
754 1
755 0
756 0
757 0
758 1
759 0
760 3
761 3
762 0
763 0
764 6
765 6
766 1
767 5
768 0
769 0
770 1
771 1
772 1
773 2
774 1
775 2
776 4
777 2
778 0
779 0
780 1
781 1
782 1
783 0
784 1
785 2
786 0
787 1
788 0
789 2
790 3
791 0
792 0
793 1
794 1
795 1
796 0
797 1
798 1
799 1
800 0
801 0
802 0
803 1
804 0
805 0
806 4
807 0
808 0
809 0
810 1
811 1
812 0
813 3
814 0
815 4
816 0
817 0
818 0
819 1
820 1
821 0
822 2
823 0
824 1
825 0
826 0
827 3
828 1
829 0
830 0
831 0
832 1
833 1
834 0
835 0
836 1
837 0
838 4
839 1
840 3
841 0
842 0
843 1
844 1
845 2
846 0
847 1
848 2
849 3
850 0
851 0
852 0
853 0
854 0
855 6
856 0
857 0
858 3
859 3
860 0
861 0
862 0
863 0
864 0
865 1
866 0
867 3
868 0
869 0
870 0
871 2
872 0
873 2
874 3
875 0
876 0
877 2
878 0
879 5
880 3
881 3
882 0
883 0
884 0
885 1
886 0
887 0
888 1
889 0
890 0
891 0
892 0
893 0
894 0
895 1
896 1
897 0
898 0
899 2
900 1
901 0
902 0
903 0
904 4
905 2
906 0
907 3
908 2
909 0
910 0
911 0
912 0
913 0
914 0
915 0
916 0
917 2
918 0
919 1
920 8
921 2
922 1
923 2
924 0
925 3
926 0
927 4
928 1
929 1
930 0
931 0
932 1
933 0
934 2
935 0
936 2
937 0
938 2
939 0
940 0
941 2
942 1
943 0
944 0
945 0
946 0
947 3
948 2
949 1
950 1
951 0
952 1
953 1
954 0
955 0
956 0
957 0
958 1
959 1
960 0
961 0
962 0
963 1
964 1
965 1
966 1
967 0
968 1
969 1
970 0
971 0
972 0
973 1
974 1
975 1
976 8
977 0
978 1
979 0
980 1
981 0
982 6
983 2
984 1
985 3
986 11
987 2
988 0
989 2
990 0
991 0
992 1
993 0
994 1
995 2
996 0
997 0
998 0
999 1
1000 0
1001 2
1002 0
1003 0
1004 1
1005 2
1006 1
1007 1
1008 0
1009 1
1010 1
1011 0
1012 1
1013 2
1014 2
1015 0
1016 1
1017 1
1018 0
1019 2
1020 0
1021 1
1022 1
1023 0
1024 0
1025 1
1026 1
1027 1
1028 1
1029 0
1030 2
1031 0
1032 0
1033 0
1034 0
1035 1
1036 1
1037 0
1038 1
1039 1
1040 0
1041 1
1042 0
1043 1
1044 2
1045 0
1046 0
1047 1
1048 2
1049 1
1050 1
1051 2
1052 1
1053 0
1054 0
1055 1
1056 0
1057 0
1058 3
1059 0
1060 1
1061 0
1062 0
1063 0
1064 0
1065 2
1066 0
1067 0
1068 0
1069 2
1070 0
1071 4
1072 0
1073 2
1074 1
1075 0
1076 0
1077 0
1078 1
1079 0
1080 1
1081 0
1082 1
1083 1
1084 0
1085 0
1086 0
1087 0
1088 0
1089 0
1090 3
1091 2
1092 0
1093 0
1094 7
1095 0
1096 0
1097 0
1098 0
1099 0
1100 0
1101 3
1102 1
1103 0
1104 1
1105 0
1106 1
1107 2
1108 0
1109 1
1110 0
1111 0
1112 0
1113 1
1114 2
1115 2
1116 0
1117 0
1118 0
1119 0
1120 1
1121 2
1122 2
1123 0
1124 2
1125 0
1126 2
1127 0
1128 0
1129 0
1130 0
1131 2
1132 1
1133 2
1134 1
1135 0
1136 0
1137 4
1138 0
1139 0
1140 1
1141 2
1142 0
1143 0
1144 0
1145 0
1146 2
1147 5
1148 1
1149 0
1150 1
1151 1
1152 0
1153 3
1154 0
1155 1
1156 0
1157 1
1158 1
1159 0
1160 0
1161 0
1162 2
1163 0
1164 1
1165 0
1166 4
1167 0
1168 0
1169 0
1170 1
1171 0
1172 0
1173 1
1174 4
1175 0
1176 2
1177 0
1178 1
1179 2
1180 0
1181 3
1182 2
1183 2
1184 0
1185 2
1186 0
1187 0
1188 0
1189 0
1190 0
1191 2
1192 0
1193 1
1194 1
1195 0
1196 0
1197 0
1198 1
1199 4
1200 0
1201 0
1202 0
1203 0
1204 0
1205 1
1206 1
1207 2
1208 0
1209 1
1210 0
1211 1
1212 0
1213 2
1214 1
1215 0
1216 8
1217 0
1218 2
1219 2
1220 0
1221 0
1222 3
1223 0
1224 0
1225 0
1226 1
1227 0
1228 0
1229 0
1230 2
1231 1
1232 2
1233 0
1234 1
1235 1
1236 2
1237 0
1238 5
1239 1
1240 1
1241 0
1242 1
1243 0
1244 1
1245 0
1246 1
1247 0
1248 0
1249 2
1250 2
1251 0
1252 2
1253 3
1254 0
1255 0
1256 0
1257 2
1258 2
1259 3
1260 0
1261 1
1262 0
1263 4
1264 1
1265 0
1266 2
1267 9
1268 3
1269 3
1270 2
1271 0
1272 0
1273 5
1274 1
1275 4
1276 1
1277 0
1278 1
1279 1
1280 0
1281 3
1282 2
1283 0
1284 1
1285 1
1286 0
1287 0
1288 0
1289 1
1290 1
1291 2
1292 1
1293 0
1294 0
1295 0
1296 0
1297 1
1298 4
1299 2
1300 3
1301 3
1302 0
1303 1
1304 0
1305 1
1306 0
1307 0
1308 0
1309 2
1310 0
1311 1
1312 1
1313 1
1314 0
1315 1
1316 0
1317 5
1318 1
1319 0
1320 2
1321 1
1322 3
1323 0
1324 1
1325 4
1326 3
1327 0
1328 1
1329 1
1330 0
1331 0
1332 0
1333 0
1334 1
1335 0
1336 0
1337 0
1338 0
1339 0
1340 0
1341 3
1342 0
1343 1
1344 1
1345 3
1346 2
1347 1
1348 0
1349 0
1350 0
1351 0
1352 2
1353 0
1354 3
1355 0
1356 0
1357 0
1358 0
1359 0
1360 1
1361 0
1362 5
1363 1
1364 5
1365 2
1366 0
1367 0
1368 0
1369 0
1370 0
1371 0
1372 0
1373 1
1374 1
1375 4
1376 1
1377 0
1378 5
1379 0
1380 2
1381 0
1382 1
1383 1
1384 0
1385 0
1386 0
1387 2
1388 0
1389 6
1390 1
1391 1
1392 0
1393 3
1394 1
1395 0
1396 1
1397 0
1398 6
1399 4
1400 0
1401 0
1402 2
1403 0
1404 4
1405 2
1406 0
1407 2
1408 2
1409 1
1410 0
1411 6
1412 2
1413 0
1414 0
1415 0
1416 1
1417 1
1418 0
1419 1
1420 0
1421 3
1422 0
1423 1
1424 2
1425 4
1426 0
1427 1
1428 1
1429 2
1430 0
1431 0
1432 0
1433 0
1434 1
1435 3
1436 0
1437 1
1438 1
1439 0
1440 2
1441 0
1442 2
1443 0
1444 0
1445 0
1446 0
1447 0
1448 1
1449 0
1450 5
1451 0
1452 3
1453 1
1454 0
1455 2
1456 0
1457 3
1458 2
1459 2
1460 1
1461 1
1462 0
1463 0
1464 0
1465 1
1466 1
1467 0
1468 3
1469 1
1470 2
1471 3
1472 0
1473 0
1474 0
1475 0
1476 1
1477 0
1478 5
1479 2
1480 0
1481 0
1482 0
1483 0
1484 0
1485 2
1486 2
1487 0
1488 0
1489 1
1490 3
1491 0
1492 1
1493 3
1494 1
1495 0
1496 3
1497 1
1498 0
1499 5
1500 0
1501 0
1502 1
1503 3
1504 0
1505 0
1506 2
1507 0
1508 0
1509 5
1510 0
1511 1
1512 1
1513 0
1514 0
1515 0
1516 1
1517 0
1518 0
1519 3
1520 1
1521 2
1522 1
1523 3
1524 1
1525 0
1526 1
1527 0
1528 3
1529 2
1530 0
1531 3
1532 1
1533 1
1534 1
1535 2
1536 0
1537 3
1538 0
1539 0
1540 0
1541 0
1542 0
1543 0
1544 0
1545 1
1546 0
1547 0
1548 5
1549 2
1550 0
1551 0
1552 2
1553 0
1554 4
1555 6
1556 0
1557 0
1558 0
1559 1
1560 1
1561 1
1562 0
1563 1
1564 4
1565 0
1566 0
1567 1
1568 3
1569 2
1570 1
1571 0
1572 0
1573 1
1574 0
1575 1
1576 0
1577 0
1578 0
1579 0
1580 1
1581 0
1582 1
1583 1
1584 0
1585 2
1586 0
1587 1
1588 1
1589 2
1590 5
1591 0
1592 1
1593 0
1594 2
1595 2
1596 3
1597 1
1598 0
1599 0
1600 0
1601 0
1602 0
1603 0
1604 1
1605 0
1606 3
1607 0
1608 0
1609 0
1610 0
1611 0
1612 1
1613 0
1614 0
1615 0
1616 2
1617 0
1618 0
1619 3
1620 1
1621 0
1622 0
1623 1
1624 0
1625 0
1626 1
1627 0
1628 1
1629 0
1630 1
1631 0
1632 0
1633 1
1634 1
1635 1
1636 1
1637 0
1638 5
1639 3
1640 2
1641 4
1642 0
1643 1
1644 0
1645 0
1646 0
1647 0
1648 3
1649 0
1650 1
1651 1
1652 1
1653 1
1654 2
1655 2
1656 1
1657 1
1658 0
1659 3
1660 0
1661 1
1662 3
1663 0
1664 0
1665 0
1666 1
1667 0
1668 5
1669 0
1670 3
1671 0
1672 0
1673 0
1674 0
1675 2
1676 0
1677 0
1678 2
1679 7
1680 2
1681 2
1682 1
1683 0
1684 4
1685 3
1686 0
1687 2
1688 4
1689 1
1690 0
1691 0
1692 0
1693 2
1694 2
1695 2
1696 1
1697 0
1698 3
1699 1
1700 0
1701 2
1702 1
1703 4
1704 0
1705 2
1706 1
1707 0
1708 0
1709 0
1710 0
1711 5
1712 1
1713 2
1714 0
1715 0
1716 2
1717 0
1718 0
1719 0
1720 0
1721 1
1722 0
1723 1
1724 0
1725 0
1726 2
1727 2
1728 2
1729 2
1730 3
1731 0
1732 0
1733 1
1734 1
1735 3
1736 0
1737 0
1738 0
1739 1
1740 1
1741 1
1742 0
1743 0
1744 2
1745 0
1746 2
1747 0
1748 0
1749 3
1750 0
1751 2
1752 5
1753 0
1754 2
1755 0
1756 2
1757 1
1758 0
1759 1
1760 1
1761 1
1762 1
1763 0
1764 0
1765 0
1766 0
1767 0
1768 0
1769 0
1770 2
1771 0
1772 1
1773 0
1774 1
1775 1
1776 1
1777 2
1778 1
1779 3
1780 2
1781 5
1782 1
1783 0
1784 0
1785 0
1786 0
1787 1
1788 1
1789 1
1790 0
1791 2
1792 0
1793 0
1794 1
1795 0
1796 3
1797 1
1798 3
1799 0
1800 0
1801 2
1802 0
1803 1
1804 0
1805 1
1806 3
1807 0
1808 0
1809 2
1810 4
1811 3
1812 3
1813 0
1814 0
1815 1
1816 1
1817 2
1818 1
1819 0
1820 2
1821 1
1822 0
1823 2
1824 1
1825 0
1826 0
1827 1
1828 0
1829 0
1830 0
1831 0
1832 0
1833 0
1834 0
1835 0
1836 0
1837 2
1838 5
1839 0
1840 1
1841 1
1842 0
1843 0
1844 0
1845 0
1846 0
1847 1
1848 2
1849 3
1850 2
1851 0
1852 1
1853 0
1854 0
1855 0
1856 0
1857 1
1858 0
1859 3
1860 0
1861 0
1862 0
1863 0
1864 0
1865 3
1866 1
1867 1
1868 0
1869 3
1870 1
1871 1
1872 0
1873 1
1874 3
1875 0
1876 1
1877 0
1878 1
1879 0
1880 0
1881 1
1882 0
1883 1
1884 1
1885 0
1886 0
1887 1
1888 4
1889 2
1890 0
1891 0
1892 10
1893 1
1894 0
1895 0
1896 6
1897 1
1898 0
1899 2
1900 2
1901 1
1902 1
1903 3
1904 1
1905 1
1906 1
1907 0
1908 3
1909 1
1910 0
1911 0
1912 0
1913 0
1914 2
1915 1
1916 2
1917 0
1918 1
1919 1
1920 0
1921 1
1922 0
1923 1
1924 2
1925 0
1926 1
1927 1
1928 0
1929 0
1930 2
1931 1
1932 3
1933 0
1934 3
1935 3
1936 0
1937 0
1938 0
1939 1
1940 0
1941 0
1942 0
1943 1
1944 2
1945 0
1946 1
1947 1
1948 0
1949 5
1950 0
1951 3
1952 4
1953 1
1954 3
1955 2
1956 0
1957 0
1958 1
1959 1
1960 0
1961 0
1962 0
1963 1
1964 1
1965 1
1966 3
1967 1
1968 0
1969 0
1970 0
1971 0
1972 3
1973 0
1974 1
1975 0
1976 2
1977 3
1978 1
1979 0
1980 0
1981 2
1982 1
1983 0
1984 2
1985 1
1986 0
1987 0
1988 0
1989 0
1990 0
1991 0
1992 1
1993 0
1994 0
1995 1
1996 1
1997 0
1998 0
1999 1
2000 1
2001 0
2002 2
2003 1
2004 0
2005 1
2006 0
2007 2
2008 0
2009 0
2010 1
2011 2
2012 0
2013 0
2014 1
2015 0
2016 0
2017 0
2018 2
2019 3
2020 2
2021 0
2022 2
2023 0
2024 3
2025 4
2026 0
2027 0
2028 1
2029 1
2030 0
2031 0
2032 1
2033 0
2034 0
2035 0
2036 0
2037 2
2038 8
2039 1
2040 0
2041 0
2042 0
2043 0
2044 0
2045 1
2046 0
2047 0
2048 0
2049 0
2050 1
2051 0
2052 1
2053 0
2054 0
2055 0
2056 2
2057 1
2058 1
2059 0
2060 1
2061 0
2062 2
2063 4
2064 1
2065 2
2066 0
2067 1
2068 0
2069 1
2070 7
2071 0
2072 2
2073 1
2074 1
2075 0
2076 0
2077 0
2078 2
2079 0
2080 1
2081 0
2082 1
2083 3
2084 0
2085 0
2086 1
2087 1
2088 0
2089 0
2090 0
2091 0
2092 0
2093 2
2094 1
2095 4
2096 1
2097 3
2098 3
2099 0
2100 0
2101 0
2102 1
2103 1
2104 0
2105 1
2106 2
2107 0
2108 1
2109 0
2110 2
2111 2
2112 1
2113 6
2114 3
2115 0
2116 1
2117 1
2118 0
2119 0
2120 0
2121 0
2122 0
2123 0
2124 6
2125 3
2126 0
2127 0
2128 4
2129 4
2130 0
2131 0
2132 3
2133 2
2134 3
2135 2
2136 0
2137 0
2138 3
2139 1
2140 0
2141 1
2142 0
2143 0
2144 0
2145 0
2146 0
2147 0
2148 2
2149 0
2150 1
2151 1
2152 0
2153 0
2154 0
2155 2
2156 1
2157 0
2158 0
2159 0
2160 3
2161 2
2162 0
2163 0
2164 0
2165 3
2166 2
2167 2
2168 1
2169 4
2170 5
2171 1
2172 0
2173 2
2174 0
2175 0
2176 1
2177 0
2178 8
2179 0
2180 0
2181 1
2182 2
2183 0
2184 1
2185 3
2186 0
2187 5
2188 0
2189 1
2190 0
2191 0
2192 3
2193 0
2194 1
2195 0
2196 0
2197 0
2198 0
2199 1
2200 2
2201 1
2202 1
2203 1
2204 0
2205 1
2206 1
2207 1
2208 0
2209 2
2210 3
2211 1
2212 0
2213 1
2214 2
2215 0
2216 2
2217 0
2218 0
2219 0
2220 1
2221 0
2222 1
2223 0
2224 0
2225 0
2226 0
2227 0
2228 0
2229 1
2230 0
2231 0
2232 0
2233 2
2234 0
2235 1
2236 0
2237 0
2238 1
2239 0
2240 1
2241 1
2242 2
2243 1
2244 0
2245 0
2246 2
2247 1
2248 0
2249 3
2250 0
2251 0
2252 3
2253 0
2254 1
2255 0
2256 0
2257 0
2258 0
2259 1
2260 0
2261 2
2262 1
2263 1
2264 0
2265 1
2266 1
2267 0
2268 1
2269 0
2270 0
2271 1
2272 8
2273 0
2274 2
2275 1
2276 0
2277 1
2278 0
2279 1
2280 0
2281 1
2282 2
2283 0
2284 2
2285 0
2286 6
2287 1
2288 1
2289 1
2290 0
2291 0
2292 0
2293 0
2294 1
2295 2
2296 0
2297 0
2298 1
2299 0
2300 5
2301 4
2302 0
2303 0
2304 4
2305 0
2306 0
2307 0
2308 0
2309 1
2310 0
2311 3
2312 0
2313 3
2314 7
2315 0
2316 1
2317 5
2318 0
2319 3
2320 2
2321 0
2322 0
2323 0
2324 0
2325 0
2326 1
2327 0
2328 2
2329 0
2330 0
2331 8
2332 0
2333 1
2334 5
2335 2
2336 0
2337 1
2338 0
2339 3
2340 4
2341 1
2342 0
2343 3
2344 0
2345 0
2346 2
2347 0
2348 1
2349 1
2350 0
2351 2
2352 1
2353 0
2354 0
2355 0
2356 3
2357 1
2358 2
2359 0
2360 0
2361 2
2362 0
2363 0
2364 0
2365 0
2366 0
2367 0
2368 0
2369 0
2370 0
2371 0
2372 2
2373 1
2374 2
2375 0
2376 1
2377 0
2378 0
2379 0
2380 1
2381 1
2382 5
2383 0
2384 0
2385 3
2386 3
2387 2
2388 2
2389 0
2390 0
2391 2
2392 2
2393 3
2394 1
2395 0
2396 0
2397 1
2398 0
2399 1
2400 6
2401 1
2402 3
2403 0
2404 2
2405 0
2406 3
2407 1
2408 5
2409 4
2410 0
2411 1
2412 0
2413 0
2414 2
2415 1
2416 0
2417 0
2418 0
2419 1
2420 2
2421 0
2422 1
2423 0
2424 2
2425 0
2426 0
2427 1
2428 0
2429 0
2430 3
2431 0
2432 0
2433 1
2434 0
2435 0
2436 0
2437 1
2438 1
2439 1
2440 1
2441 0
2442 0
2443 8
2444 0
2445 1
2446 1
2447 5
2448 0
2449 2
2450 1
2451 0
2452 0
2453 2
2454 3
2455 2
2456 2
2457 0
2458 1
2459 0
2460 0
2461 0
2462 1
2463 5
2464 0
2465 0
2466 0
2467 0
2468 1
2469 0
2470 1
2471 0
2472 0
2473 0
2474 3
2475 1
2476 2
2477 0
2478 0
2479 0
2480 0
2481 0
2482 1
2483 0
2484 0
2485 1
2486 0
2487 0
2488 0
2489 0
2490 3
2491 0
2492 2
2493 0
2494 1
2495 0
2496 2
2497 4
2498 2
2499 5
2500 2
2501 2
2502 0
2503 0
2504 0
2505 0
2506 2
2507 1
2508 0
2509 0
2510 0
2511 0
2512 1
2513 0
2514 1
2515 1
2516 0
2517 0
2518 0
2519 0
2520 0
2521 1
2522 2
2523 0
2524 0
2525 0
2526 0
2527 1
2528 0
2529 1
2530 1
2531 0
2532 0
2533 1
2534 2
2535 0
2536 3
2537 0
2538 0
2539 1
2540 1
2541 2
2542 0
2543 1
2544 0
2545 1
2546 1
2547 4
2548 0
2549 4
2550 2
2551 5
2552 1
2553 0
2554 1
2555 0
2556 0
2557 0
2558 0
2559 0
2560 0
2561 1
2562 1
2563 0
2564 9
2565 0
2566 0
2567 0
2568 0
2569 3
2570 0
2571 0
2572 0
2573 2
2574 1
2575 6
2576 1
2577 2
2578 3
2579 2
2580 1
2581 1
2582 1
2583 1
2584 1
2585 0
2586 0
2587 0
2588 0
2589 2
2590 1
2591 3
2592 2
2593 1
2594 7
2595 1
2596 3
2597 0
2598 1
2599 0
2600 1
2601 1
2602 4
2603 0
2604 1
2605 2
2606 3
2607 1
2608 1
2609 1
2610 1
2611 1
2612 3
2613 9
2614 2
2615 0
2616 1
2617 1
2618 6
2619 0
2620 0
2621 0
2622 0
2623 0
2624 0
2625 0
2626 0
2627 0
2628 0
2629 0
2630 0
2631 0
2632 0
2633 0
2634 0
2635 0
2636 1
2637 1
2638 0
2639 1
2640 1
2641 2
2642 0
2643 0
2644 0
2645 1
2646 1
2647 0
2648 0
2649 3
2650 0
2651 0
2652 1
2653 4
2654 0
2655 3
2656 0
2657 1
2658 2
2659 0
2660 0
2661 0
2662 0
2663 1
2664 4
2665 3
2666 0
2667 3
2668 0
2669 5
2670 0
2671 0
2672 0
2673 0
2674 2
2675 2
2676 1
2677 1
2678 0
2679 2
2680 4
2681 2
2682 2
2683 1
2684 0
2685 0
2686 0
2687 2
2688 1
2689 2
2690 2
2691 0
2692 0
2693 0
2694 0
2695 5
2696 1
2697 2
2698 1
2699 1
2700 1
2701 1
2702 1
2703 0
2704 0
2705 0
2706 3
2707 1
2708 3
2709 0
2710 0
2711 0
2712 0
2713 0
2714 0
2715 3
2716 0
2717 0
2718 2
2719 1
2720 1
2721 2
2722 2
2723 0
2724 1
2725 2
2726 0
2727 0
2728 0
2729 3
2730 1
2731 1
2732 0
2733 2
2734 2
2735 0
2736 0
2737 0
2738 0
2739 1
2740 1
2741 1
2742 2
2743 0
2744 1
2745 1
2746 2
2747 0
2748 3
2749 1
2750 0
2751 0
2752 1
2753 3
2754 0
2755 0
2756 3
2757 0
2758 0
2759 0
2760 0
2761 0
2762 0
2763 0
2764 2
2765 1
2766 0
2767 2
2768 0
2769 0
2770 2
2771 2
2772 0
2773 4
2774 0
2775 0
2776 3
2777 0
2778 2
2779 2
2780 1
2781 7
2782 0
2783 0
2784 0
2785 0
2786 1
2787 0
2788 5
2789 2
2790 0
2791 0
2792 0
2793 1
2794 0
2795 0
2796 4
2797 0
2798 3
2799 1
2800 2
2801 1
2802 3
2803 0
2804 0
2805 0
2806 0
2807 1
2808 0
2809 0
2810 0
2811 2
2812 0
2813 1
2814 3
2815 1
2816 6
2817 0
2818 1
2819 0
2820 0
2821 1
2822 0
2823 0
2824 1
2825 1
2826 1
2827 0
2828 0
2829 4
2830 1
2831 2
2832 3
2833 0
2834 0
2835 1
2836 1
2837 4
2838 2
2839 2
2840 0
2841 1
2842 0
2843 4
2844 2
2845 1
2846 2
2847 1
2848 2
2849 0
2850 4
2851 0
2852 1
2853 0
2854 0
2855 0
2856 0
2857 0
2858 0
2859 0
2860 1
2861 0
2862 0
2863 1
2864 0
2865 3
2866 0
2867 2
2868 3
2869 3
2870 9
2871 0
2872 0
2873 7
2874 1
2875 0
2876 0
2877 2
2878 0
2879 1
2880 0
2881 1
2882 0
2883 0
2884 0
2885 1
2886 1
2887 2
2888 0
2889 0
2890 6
2891 4
2892 0
2893 1
2894 1
2895 2
2896 3
2897 0
2898 0
2899 2
2900 2
2901 1
2902 0
2903 4
2904 0
2905 0
2906 0
2907 1
2908 1
2909 0
2910 0
2911 2
2912 0
2913 0
2914 0
2915 0
2916 0
2917 0
2918 0
2919 0
2920 1
2921 0
2922 0
2923 4
2924 1
2925 0
2926 5
2927 2
2928 0
2929 0
2930 0
2931 0
2932 0
2933 0
2934 1
2935 4
2936 0
2937 0
2938 1
2939 0
2940 1
2941 0
2942 2
2943 0
2944 0
2945 0
2946 1
2947 2
2948 0
2949 0
2950 0
2951 0
2952 1
2953 0
2954 5
2955 1
2956 0
2957 0
2958 5
2959 0
2960 0
2961 0
2962 0
2963 0
2964 0
2965 0
2966 1
2967 0
2968 0
2969 1
2970 0
2971 2
2972 0
2973 0
2974 0
2975 1
2976 4
2977 1
2978 1
2979 1
2980 5
2981 0
2982 1
2983 0
2984 0
2985 1
2986 0
2987 1
2988 0
2989 6
2990 3
2991 3
2992 2
2993 0
2994 2
2995 0
2996 0
2997 0
2998 0
2999 2
3000 3
3001 5
3002 1
3003 0
3004 0
3005 0
3006 0
3007 0
3008 1
3009 3
3010 2
3011 1
3012 2
3013 1
3014 1
3015 5
3016 1
3017 0
3018 2
3019 2
3020 1
3021 0
3022 0
3023 0
3024 4
3025 0
3026 0
3027 0
3028 1
3029 0
3030 3
3031 4
3032 6
3033 1
3034 3
3035 1
3036 0
3037 1
3038 1
3039 0
3040 2
3041 0
3042 0
3043 2
3044 2
3045 4
3046 0
3047 0
3048 0
3049 1
3050 2
3051 1
3052 0
3053 0
3054 0
3055 0
3056 0
3057 2
3058 5
3059 0
3060 1
3061 0
3062 1
3063 0
3064 3
3065 1
3066 0
3067 1
3068 3
3069 0
3070 2
3071 0
3072 0
3073 1
3074 0
3075 0
3076 3
3077 0
3078 2
3079 5
3080 0
3081 0
3082 0
3083 0
3084 1
3085 2
3086 0
3087 0
3088 1
3089 0
3090 0
3091 0
3092 1
3093 2
3094 3
3095 1
3096 0
3097 0
3098 0
3099 1
3100 0
3101 0
3102 1
3103 0
3104 4
3105 0
3106 1
3107 0
3108 3
3109 0
3110 2
3111 0
3112 1
3113 6
3114 0
3115 0
3116 2
3117 5
3118 5
3119 1
3120 0
3121 5
3122 0
3123 3
3124 0
3125 0
3126 1
3127 2
3128 0
3129 2
3130 4
3131 0
3132 0
3133 7
3134 0
3135 1
3136 1
3137 2
3138 0
3139 1
3140 1
3141 0
3142 1
3143 0
3144 0
3145 4
3146 0
3147 1
3148 0
3149 1
3150 0
3151 2
3152 2
3153 5
3154 0
3155 0
3156 3
3157 2
3158 0
3159 1
3160 4
3161 0
3162 2
3163 0
3164 0
3165 0
3166 0
3167 1
3168 0
3169 0
3170 0
3171 3
3172 0
3173 0
3174 0
3175 1
3176 1
3177 0
3178 0
3179 0
3180 0
3181 1
3182 0
3183 0
3184 0
3185 2
3186 4
3187 0
3188 1
3189 0
3190 2
3191 1
3192 1
3193 0
3194 0
3195 0
3196 0
3197 0
3198 0
3199 0
3200 2
3201 2
3202 6
3203 1
3204 1
3205 0
3206 2
3207 4
3208 2
3209 0
3210 2
3211 0
3212 0
3213 1
3214 1
3215 0
3216 1
3217 0
3218 0
3219 0
3220 0
3221 2
3222 3
3223 2
3224 0
3225 0
3226 0
3227 1
3228 2
3229 0
3230 0
3231 0
3232 0
3233 0
3234 3
3235 2
3236 0
3237 0
3238 2
3239 0
3240 0
3241 2
3242 0
3243 1
3244 0
3245 0
3246 1
3247 0
3248 1
3249 0
3250 4
3251 1
3252 0
3253 3
3254 0
3255 2
3256 0
3257 0
3258 0
3259 1
3260 0
3261 1
3262 2
3263 0
3264 1
3265 2
3266 2
3267 1
3268 1
3269 0
3270 1
3271 1
3272 0
3273 1
3274 1
3275 1
3276 1
3277 0
3278 2
3279 3
3280 1
3281 0
3282 1
3283 2
3284 0
3285 3
3286 0
3287 0
3288 1
3289 0
3290 1
3291 1
3292 3
3293 0
3294 0
3295 0
3296 1
3297 0
3298 0
3299 2
3300 3
3301 0
3302 0
3303 0
3304 1
3305 0
3306 0
3307 0
3308 4
3309 2
3310 0
3311 4
3312 2
3313 0
3314 1
3315 0
3316 1
3317 1
3318 2
3319 0
3320 2
3321 0
3322 0
3323 1
3324 3
3325 2
3326 3
3327 0
3328 0
3329 0
3330 4
3331 0
3332 0
3333 0
3334 0
3335 0
3336 1
3337 0
3338 1
3339 0
3340 1
3341 1
3342 0
3343 2
3344 0
3345 0
3346 1
3347 1
3348 1
3349 0
3350 3
3351 6
3352 0
3353 1
3354 1
3355 2
3356 3
3357 0
3358 0
3359 0
3360 0
3361 0
3362 1
3363 0
3364 1
3365 2
3366 0
3367 1
3368 0
3369 1
3370 3
3371 0
3372 1
3373 1
3374 1
3375 1
3376 0
3377 1
3378 1
3379 0
3380 0
3381 1
3382 1
3383 3
3384 0
3385 1
3386 1
3387 0
3388 0
3389 1
3390 0
3391 0
3392 0
3393 1
3394 0
3395 0
3396 3
3397 3
3398 0
3399 0
3400 1
3401 2
3402 0
3403 1
3404 1
3405 0
3406 0
3407 0
3408 0
3409 3
3410 5
3411 0
3412 0
3413 1
3414 0
3415 1
3416 1
3417 4
3418 1
3419 2
3420 1
3421 5
3422 1
3423 3
3424 9
3425 3
3426 0
3427 5
3428 2
3429 1
3430 6
3431 1
3432 1
3433 1
3434 1
3435 0
3436 1
3437 0
3438 0
3439 1
3440 1
3441 0
3442 0
3443 1
3444 0
3445 1
3446 0
3447 0
3448 1
3449 0
3450 4
3451 0
3452 0
3453 0
3454 6
3455 0
3456 0
3457 1
3458 2
3459 1
3460 0
3461 0
3462 0
3463 0
3464 0
3465 0
3466 0
3467 0
3468 3
3469 0
3470 0
3471 0
3472 0
3473 1
3474 0
3475 1
3476 0
3477 1
3478 0
3479 1
3480 0
3481 2
3482 0
3483 0
3484 1
3485 6
3486 0
3487 0
3488 2
3489 2
3490 1
3491 0
3492 0
3493 0
3494 3
3495 0
3496 1
3497 0
3498 7
3499 0
3500 1
3501 0
3502 0
3503 2
3504 0
3505 0
3506 0
3507 0
3508 3
3509 6
3510 1
3511 0
3512 0
3513 0
3514 0
3515 3
3516 0
3517 0
3518 0
3519 0
3520 5
3521 0
3522 0
3523 4
3524 0
3525 0
3526 0
3527 0
3528 0
3529 0
3530 5
3531 0
3532 0
3533 0
3534 3
3535 2
3536 0
3537 0
3538 0
3539 0
3540 0
3541 2
3542 0
3543 0
3544 2
3545 0
3546 0
3547 0
3548 7
3549 1
3550 2
3551 0
3552 4
3553 0
3554 1
3555 2
3556 1
3557 1
3558 1
3559 0
3560 0
3561 5
3562 6
3563 0
3564 1
3565 0
3566 1
3567 1
3568 0
3569 2
3570 3
3571 2
3572 1
3573 0
3574 1
3575 0
3576 2
3577 2
3578 0
3579 3
3580 0
3581 0
3582 0
3583 0
3584 4
3585 0
3586 0
3587 0
3588 0
3589 2
3590 0
3591 0
3592 0
3593 0
3594 0
3595 7
3596 0
3597 2
3598 0
3599 2
3600 0
3601 7
3602 2
3603 1
3604 0
3605 0
3606 0
3607 0
3608 0
3609 1
3610 4
3611 0
3612 2
3613 0
3614 2
3615 2
3616 0
3617 0
3618 2
3619 0
3620 1
3621 0
3622 0
3623 0
3624 0
3625 0
3626 0
3627 2
3628 0
3629 7
3630 0
3631 0
3632 0
3633 5
3634 1
3635 0
3636 1
3637 0
3638 1
3639 0
3640 0
3641 0
3642 0
3643 0
3644 0
3645 0
3646 2
3647 0
3648 0
3649 1
3650 0
3651 1
3652 6
3653 0
3654 0
3655 0
3656 0
3657 0
3658 2
3659 0
3660 0
3661 1
3662 0
3663 0
3664 0
3665 0
3666 0
3667 0
3668 0
3669 0
3670 3
3671 0
3672 1
3673 0
3674 0
3675 2
3676 0
3677 1
3678 0
3679 1
3680 1
3681 3
3682 0
3683 3
3684 1
3685 0
3686 1
3687 4
3688 0
3689 0
3690 0
3691 1
3692 0
3693 12
3694 0
3695 0
3696 0
3697 1
3698 1
3699 0
3700 1
3701 0
3702 1
3703 1
3704 0
3705 1
3706 0
3707 0
3708 0
3709 3
3710 0
3711 1
3712 0
3713 1
3714 0
3715 2
3716 1
3717 1
3718 2
3719 3
3720 1
3721 0
3722 0
3723 1
3724 0
3725 1
3726 0
3727 1
3728 2
3729 0
3730 0
3731 3
3732 1
3733 1
3734 1
3735 1
3736 1
3737 0
3738 0
3739 0
3740 0
3741 3
3742 0
3743 2
3744 2
3745 2
3746 2
3747 0
3748 1
3749 0
3750 0
3751 1
3752 2
3753 0
3754 0
3755 1
3756 0
3757 0
3758 0
3759 3
3760 0
3761 0
3762 4
3763 1
3764 0
3765 2
3766 0
3767 0
3768 3
3769 1
3770 0
3771 0
3772 0
3773 0
3774 0
3775 0
3776 0
3777 1
3778 0
3779 0
3780 0
3781 2
3782 0
3783 0
3784 1
3785 1
3786 6
3787 0
3788 0
3789 1
3790 0
3791 0
3792 0
3793 0
3794 4
3795 0
3796 0
3797 5
3798 1
3799 2
3800 0
3801 0
3802 0
3803 1
3804 1
3805 1
3806 1
3807 0
3808 0
3809 2
3810 0
3811 0
3812 3
3813 8
3814 1
3815 0
3816 1
3817 1
3818 1
3819 0
3820 9
3821 2
3822 1
3823 0
3824 0
3825 1
3826 0
3827 0
3828 0
3829 0
3830 0
3831 0
3832 0
3833 4
3834 0
3835 0
3836 0
3837 0
3838 1
3839 0
3840 0
3841 1
3842 3
3843 0
3844 0
3845 3
3846 1
3847 1
3848 0
3849 1
3850 3
3851 2
3852 1
3853 1
3854 0
3855 1
3856 2
3857 0
3858 0
3859 1
3860 0
3861 2
3862 2
3863 2
3864 0
3865 0
3866 0
3867 0
3868 0
3869 0
3870 1
3871 0
3872 1
3873 3
3874 0
3875 1
3876 0
3877 3
3878 0
3879 2
3880 2
3881 0
3882 1
3883 0
3884 0
3885 0
3886 0
3887 0
3888 0
3889 0
3890 0
3891 0
3892 4
3893 1
3894 0
3895 0
3896 0
3897 0
3898 1
3899 0
3900 0
3901 0
3902 0
3903 0
3904 0
3905 0
3906 1
3907 0
3908 0
3909 0
3910 5
3911 7
3912 0
3913 0
3914 0
3915 2
3916 3
3917 0
3918 2
3919 2
3920 1
3921 0
3922 2
3923 1
3924 1
3925 0
3926 1
3927 1
3928 2
3929 0
3930 2
3931 5
3932 0
3933 1
3934 1
3935 2
3936 1
3937 1
3938 0
3939 0
3940 0
3941 0
3942 0
3943 1
3944 0
3945 1
3946 0
3947 2
3948 0
3949 0
3950 0
3951 0
3952 1
3953 0
3954 0
3955 0
3956 0
3957 0
3958 1
3959 2
3960 2
3961 0
3962 0
3963 5
3964 0
3965 0
3966 1
3967 0
3968 2
3969 2
3970 0
3971 0
3972 2
3973 0
3974 0
3975 1
3976 0
3977 1
3978 1
3979 0
3980 2
3981 0
3982 2
3983 2
3984 2
3985 2
3986 0
3987 0
3988 0
3989 2
3990 2
3991 3
3992 0
3993 1
3994 6
3995 0
3996 0
3997 0
3998 1
3999 0
4000 0
4001 1
4002 0
4003 0
4004 1
4005 2
4006 0
4007 4
4008 3
4009 3
4010 0
4011 4
4012 2
4013 0
4014 0
4015 1
4016 0
4017 0
4018 0
4019 3
4020 0
4021 0
4022 0
4023 4
4024 4
4025 2
4026 0
4027 1
4028 0
4029 8
4030 0
4031 1
4032 1
4033 0
4034 0
4035 4
4036 2
4037 0
4038 2
4039 1
4040 1
4041 0
4042 0
4043 3
4044 0
4045 3
4046 1
4047 2
4048 2
4049 2
4050 0
4051 0
4052 2
4053 1
4054 0
4055 0
4056 0
4057 2
4058 1
4059 7
4060 1
4061 6
4062 0
4063 0
4064 3
4065 0
4066 0
4067 0
4068 1
4069 0
4070 1
4071 1
4072 2
4073 2
4074 0
4075 1
4076 0
4077 1
4078 1
4079 1
4080 5
4081 2
4082 1
4083 0
4084 0
4085 1
4086 3
4087 4
4088 0
4089 0
4090 1
4091 0
4092 11
4093 2
4094 1
4095 0
4096 0
4097 0
4098 0
4099 0
4100 0
4101 1
4102 0
4103 0
4104 0
4105 2
4106 0
4107 0
4108 0
4109 2
4110 2
4111 0
4112 1
4113 1
4114 1
4115 0
4116 4
4117 0
4118 0
4119 0
4120 0
4121 0
4122 1
4123 1
4124 0
4125 0
4126 0
4127 1
4128 4
4129 0
4130 3
4131 1
4132 1
4133 1
4134 1
4135 2
4136 1
4137 0
4138 0
4139 1
4140 2
4141 0
4142 3
4143 0
4144 1
4145 0
4146 1
4147 4
4148 1
4149 1
4150 4
4151 1
4152 0
4153 0
4154 0
4155 0
4156 0
4157 2
4158 0
4159 1
4160 0
4161 2
4162 0
4163 0
4164 0
4165 2
4166 0
4167 0
4168 3
4169 1
4170 1
4171 7
4172 0
4173 2
4174 0
4175 1
4176 2
4177 1
4178 0
4179 5
4180 5
4181 0
4182 2
4183 2
4184 3
4185 0
4186 1
4187 2
4188 4
4189 3
4190 0
4191 0
4192 0
4193 0
4194 0
4195 3
4196 0
4197 4
4198 0
4199 1
4200 0
4201 0
4202 6
4203 4
4204 0
4205 5
4206 4
4207 1
4208 3
4209 0
4210 0
4211 2
4212 0
4213 4
4214 2
4215 0
4216 0
4217 1
4218 0
4219 1
4220 3
4221 2
4222 0
4223 1
4224 9
4225 0
4226 3
4227 2
4228 0
4229 3
4230 0
4231 0
4232 3
4233 0
4234 1
4235 0
4236 0
4237 0
4238 0
4239 0
4240 1
4241 0
4242 1
4243 3
4244 3
4245 1
4246 0
4247 2
4248 1
4249 1
4250 2
4251 0
4252 4
4253 1
4254 2
4255 2
4256 3
4257 2
4258 0
4259 1
4260 0
4261 0
4262 0
4263 2
4264 7
4265 0
4266 0
4267 0
4268 1
4269 1
4270 0
4271 2
4272 1
4273 1
4274 7
4275 3
4276 0
4277 2
4278 2
4279 1
4280 1
4281 0
4282 0
4283 0
4284 5
4285 2
4286 2
4287 0
4288 2
4289 3
4290 0
4291 0
4292 1
4293 1
4294 0
4295 3
4296 2
4297 3
4298 3
4299 1
4300 1
4301 0
4302 0
4303 1
4304 0
4305 0
4306 0
4307 0
4308 1
4309 1
4310 0
4311 0
4312 0
4313 0
4314 0
4315 1
4316 0
4317 1
4318 3
4319 1
4320 1
4321 1
4322 2
4323 3
4324 2
4325 0
4326 1
4327 2
4328 0
4329 0
4330 1
4331 0
4332 1
4333 2
4334 2
4335 0
4336 1
4337 0
4338 0
4339 2
4340 0
4341 0
4342 0
4343 1
4344 3
4345 1
4346 1
4347 0
4348 0
4349 2
4350 0
4351 3
4352 1
4353 0
4354 1
4355 1
4356 2
4357 0
4358 0
4359 1
4360 4
4361 1
4362 2
4363 0
4364 0
4365 0
4366 0
4367 2
4368 0
4369 0
4370 0
4371 0
4372 0
4373 0
4374 1
4375 0
4376 0
4377 0
4378 0
4379 1
4380 0
4381 0
4382 2
4383 0
4384 1
4385 2
4386 3
4387 0
4388 4
4389 1
4390 4
4391 0
4392 0
4393 0
4394 0
4395 0
4396 1
4397 1
4398 0
4399 2
4400 1
4401 1
4402 1
4403 1
4404 2
4405 0
4406 2
4407 2
4408 0
4409 2
4410 0
4411 0
4412 0
4413 0
4414 1
4415 1
4416 0
4417 0
4418 1
4419 2
4420 2
4421 0
4422 0
4423 0
4424 5
4425 0
4426 1
4427 2
4428 0
4429 0
4430 0
4431 2
4432 1
4433 0
4434 2
4435 0
4436 0
4437 1
4438 0
4439 5
4440 2
4441 3
4442 0
4443 0
4444 3
4445 1
4446 1
4447 0
4448 0
4449 3
4450 0
4451 1
4452 1
4453 1
4454 0
4455 0
4456 0
4457 1
4458 4
4459 0
4460 0
4461 0
4462 1
4463 0
4464 1
4465 4
4466 0
4467 1
4468 0
4469 0
4470 1
4471 0
4472 0
4473 0
4474 2
4475 4
4476 0
4477 0
4478 0
4479 0
4480 1
4481 3
4482 1
4483 2
4484 0
4485 2
4486 1
4487 0
4488 0
4489 0
4490 0
4491 4
4492 5
4493 2
4494 1
4495 0
4496 0
4497 0
4498 1
4499 1
4500 1
4501 7
4502 0
4503 0
4504 0
4505 0
4506 0
4507 1
4508 0
4509 0
4510 0
4511 2
4512 1
4513 2
4514 0
4515 0
4516 0
4517 3
4518 0
4519 0
4520 0
4521 1
4522 0
4523 0
4524 1
4525 0
4526 0
4527 0
4528 0
4529 2
4530 0
4531 0
4532 0
4533 0
4534 0
4535 2
4536 1
4537 0
4538 2
4539 1
4540 1
4541 0
4542 0
4543 0
4544 2
4545 0
4546 1
4547 3
4548 1
4549 0
4550 2
4551 0
4552 0
4553 2
4554 0
4555 0
4556 0
4557 2
4558 0
4559 1
4560 0
4561 1
4562 4
4563 3
4564 2
4565 0
4566 1
4567 3
4568 7
4569 4
4570 1
4571 0
4572 0
4573 1
4574 1
4575 0
4576 1
4577 2
4578 0
4579 4
4580 1
4581 2
4582 1
4583 4
4584 1
4585 1
4586 0
4587 1
4588 1
4589 1
4590 0
4591 3
4592 3
4593 1
4594 0
4595 0
4596 2
4597 0
4598 0
4599 0
4600 0
4601 2
4602 0
4603 1
4604 1
4605 0
4606 0
4607 3
4608 1
4609 0
4610 0
4611 0
4612 0
4613 0
4614 2
4615 0
4616 5
4617 1
4618 0
4619 4
4620 0
4621 1
4622 1
4623 2
4624 3
4625 1
4626 0
4627 0
4628 5
4629 0
4630 0
4631 1
4632 0
4633 1
4634 1
4635 0
4636 0
4637 0
4638 0
4639 2
4640 0
4641 1
4642 0
4643 3
4644 1
4645 1
4646 0
4647 1
4648 1
4649 0
4650 1
4651 1
4652 1
4653 0
4654 1
4655 1
4656 0
4657 1
4658 0
4659 1
4660 5
4661 1
4662 0
4663 3
4664 0
4665 0
4666 0
4667 3
4668 1
4669 0
4670 1
4671 0
4672 2
4673 0
4674 0
4675 1
4676 4
4677 0
4678 2
4679 1
4680 2
4681 0
4682 0
4683 0
4684 0
4685 0
4686 1
4687 0
4688 0
4689 0
4690 6
4691 1
4692 1
4693 0
4694 2
4695 1
4696 2
4697 0
4698 0
4699 1
4700 2
4701 3
4702 0
4703 3
4704 2
4705 0
4706 0
4707 2
4708 0
4709 1
4710 0
4711 0
4712 5
4713 3
4714 0
4715 1
4716 0
4717 0
4718 1
4719 0
4720 2
4721 1
4722 1
4723 1
4724 3
4725 0
4726 2
4727 0
4728 0
4729 1
4730 0
4731 0
4732 1
4733 0
4734 0
4735 9
4736 0
4737 3
4738 1
4739 1
4740 2
4741 1
4742 1
4743 0
4744 0
4745 0
4746 2
4747 0
4748 0
4749 2
4750 1
4751 0
4752 2
4753 1
4754 2
4755 1
4756 1
4757 0
4758 0
4759 1
4760 0
4761 0
4762 2
4763 0
4764 0
4765 0
4766 1
4767 0
4768 5
4769 1
4770 0
4771 0
4772 0
4773 1
4774 0
4775 2
4776 2
4777 0
4778 0
4779 1
4780 0
4781 3
4782 1
4783 1
4784 0
4785 0
4786 3
4787 3
4788 0
4789 0
4790 0
4791 1
4792 0
4793 1
4794 0
4795 0
4796 1
4797 0
4798 0
4799 0
4800 0
4801 2
4802 0
4803 4
4804 0
4805 0
4806 3
4807 0
4808 0
4809 0
4810 0
4811 1
4812 1
4813 0
4814 0
4815 0
4816 0
4817 3
4818 0
4819 0
4820 0
4821 0
4822 0
4823 0
4824 0
4825 1
4826 0
4827 2
4828 1
4829 0
4830 0
4831 3
4832 0
4833 0
4834 0
4835 1
4836 1
4837 1
4838 0
4839 3
4840 0
4841 0
4842 0
4843 0
4844 1
4845 0
4846 1
4847 3
4848 0
4849 1
4850 2
4851 0
4852 0
4853 0
4854 1
4855 0
4856 1
4857 2
4858 1
4859 0
4860 0
4861 0
4862 0
4863 4
4864 0
4865 1
4866 3
4867 0
4868 0
4869 0
4870 1
4871 0
4872 1
4873 4
4874 0
4875 2
4876 0
4877 0
4878 7
4879 2
4880 3
4881 0
4882 2
4883 1
4884 0
4885 2
4886 0
4887 0
4888 0
4889 7
4890 1
4891 3
4892 1
4893 1
4894 0
4895 0
4896 1
4897 1
4898 0
4899 1
4900 3
4901 0
4902 0
4903 0
4904 5
4905 1
4906 0
4907 1
4908 2
4909 0
4910 0
4911 1
4912 3
4913 1
4914 1
4915 0
4916 0
4917 1
4918 0
4919 1
4920 4
4921 0
4922 0
4923 0
4924 0
4925 0
4926 0
4927 0
4928 0
4929 0
4930 1
4931 1
4932 0
4933 0
4934 1
4935 1
4936 2
4937 0
4938 5
4939 1
4940 1
4941 0
4942 3
4943 1
4944 0
4945 0
4946 1
4947 0
4948 0
4949 4
4950 0
4951 3
4952 1
4953 0
4954 1
4955 0
4956 0
4957 0
4958 4
4959 0
4960 1
4961 0
4962 0
4963 1
4964 0
4965 0
4966 1
4967 0
4968 1
4969 1
4970 4
4971 0
4972 0
4973 3
4974 0
4975 1
4976 0
4977 0
4978 2
4979 0
4980 0
4981 0
4982 0
4983 0
4984 3
4985 0
4986 1
4987 0
4988 0
4989 10
4990 1
4991 9
4992 0
4993 1
4994 0
4995 0
4996 0
4997 0
4998 0
4999 0
5000 0
5001 4
5002 0
5003 0
5004 0
5005 0
5006 0
5007 0
5008 1
5009 1
5010 0
5011 0
5012 5
5013 0
5014 2
5015 1
5016 0
5017 4
5018 8
5019 2
5020 0
5021 2
5022 1
5023 1
5024 0
5025 0
5026 0
5027 0
5028 0
5029 0
5030 0
5031 0
5032 3
5033 2
5034 1
5035 0
5036 4
5037 0
5038 4
5039 2
5040 1
5041 3
5042 6
5043 1
5044 0
5045 3
5046 2
5047 1
5048 2
5049 0
5050 1
5051 1
5052 0
5053 0
5054 2
5055 6
5056 0
5057 0
5058 0
5059 0
5060 4
5061 1
5062 1
5063 0
5064 1
5065 1
5066 1
5067 6
5068 2
5069 0
5070 0
5071 0
5072 3
5073 1
5074 2
5075 0
5076 2
5077 1
5078 1
5079 1
5080 3
5081 0
5082 0
5083 0
5084 0
5085 3
5086 0
5087 2
5088 0
5089 3
5090 1
5091 1
5092 1
5093 0
5094 0
5095 1
5096 2
5097 0
5098 2
5099 1
5100 0
5101 3
5102 0
5103 1
5104 0
5105 0
5106 0
5107 0
5108 0
5109 3
5110 1
5111 2
5112 7
5113 2
5114 2
5115 1
5116 0
5117 1
5118 0
5119 0
5120 2
5121 3
5122 0
5123 2
5124 0
5125 2
5126 0
5127 0
5128 0
5129 0
5130 1
5131 1
5132 1
5133 1
5134 1
5135 1
5136 7
5137 2
5138 0
5139 0
5140 4
5141 2
5142 1
5143 3
5144 0
5145 1
5146 5
5147 1
5148 1
5149 0
5150 0
5151 1
5152 0
5153 3
5154 2
5155 0
5156 0
5157 0
5158 3
5159 0
5160 2
5161 0
5162 1
5163 0
5164 0
5165 1
5166 0
5167 3
5168 1
5169 1
5170 1
5171 1
5172 6
5173 0
5174 2
5175 0
5176 0
5177 2
5178 0
5179 0
5180 1
5181 0
5182 0
5183 1
5184 0
5185 0
5186 0
5187 0
5188 2
5189 4
5190 0
5191 1
5192 3
5193 1
5194 1
5195 0
5196 0
5197 2
5198 1
5199 0
5200 0
5201 0
5202 0
5203 1
5204 0
5205 1
5206 5
5207 1
5208 0
5209 0
5210 1
5211 1
5212 0
5213 2
5214 1
5215 0
5216 0
5217 0
5218 0
5219 0
5220 1
5221 3
5222 3
5223 6
5224 0
5225 1
5226 1
5227 1
5228 2
5229 1
5230 1
5231 2
5232 1
5233 0
5234 6
5235 1
5236 8
5237 2
5238 1
5239 2
5240 2
5241 0
5242 0
5243 6
5244 0
5245 0
5246 1
5247 1
5248 0
5249 0
5250 0
5251 4
5252 0
5253 0
5254 0
5255 1
5256 0
5257 0
5258 2
5259 2
5260 5
5261 0
5262 2
5263 1
5264 0
5265 1
5266 0
5267 0
5268 1
5269 2
5270 2
5271 0
5272 4
5273 0
5274 0
5275 1
5276 0
5277 1
5278 0
5279 6
5280 1
5281 1
5282 0
5283 0
5284 1
5285 0
5286 1
5287 0
5288 0
5289 0
5290 0
5291 3
5292 1
5293 1
5294 3
5295 0
5296 0
5297 2
5298 2
5299 0
5300 0
5301 0
5302 1
5303 0
5304 2
5305 0
5306 0
5307 1
5308 0
5309 3
5310 0
5311 1
5312 0
5313 0
5314 0
5315 0
5316 0
5317 2
5318 1
5319 0
5320 0
5321 1
5322 0
5323 2
5324 2
5325 0
5326 1
5327 1
5328 0
5329 2
5330 0
5331 3
5332 2
5333 0
5334 0
5335 0
5336 0
5337 0
5338 1
5339 2
5340 0
5341 4
5342 2
5343 0
5344 0
5345 0
5346 0
5347 0
5348 3
5349 3
5350 0
5351 0
5352 2
5353 0
5354 1
5355 0
5356 0
5357 0
5358 2
5359 2
5360 0
5361 0
5362 0
5363 0
5364 2
5365 0
5366 0
5367 2
5368 0
5369 0
5370 1
5371 0
5372 0
5373 0
5374 0
5375 0
5376 0
5377 0
5378 2
5379 2
5380 0
5381 4
5382 2
5383 2
5384 0
5385 0
5386 0
5387 1
5388 0
5389 0
5390 0
5391 3
5392 3
5393 3
5394 0
5395 0
5396 0
5397 1
5398 6
5399 1
5400 0
5401 0
5402 1
5403 2
5404 1
5405 1
5406 0
5407 1
5408 0
5409 0
5410 0
5411 1
5412 0
5413 3
5414 8
5415 0
5416 4
5417 0
5418 4
5419 0
5420 0
5421 0
5422 0
5423 0
5424 0
5425 1
5426 3
5427 0
5428 4
5429 2
5430 0
5431 0
5432 0
5433 0
5434 0
5435 1
5436 0
5437 0
5438 0
5439 1
5440 2
5441 1
5442 1
5443 0
5444 2
5445 1
5446 0
5447 0
5448 0
5449 1
5450 2
5451 0
5452 1
5453 0
5454 0
5455 0
5456 0
5457 1
5458 0
5459 1
5460 1
5461 1
5462 0
5463 0
5464 1
5465 1
5466 0
5467 0
5468 3
5469 3
5470 2
5471 1
5472 0
5473 3
5474 2
5475 4
5476 0
5477 3
5478 0
5479 0
5480 0
5481 1
5482 1
5483 0
5484 1
5485 0
5486 0
5487 1
5488 0
5489 0
5490 3
5491 1
5492 5
5493 1
5494 2
5495 0
5496 3
5497 2
5498 1
5499 0
5500 0
5501 4
5502 0
5503 1
5504 0
5505 0
5506 0
5507 7
5508 0
5509 0
5510 2
5511 1
5512 3
5513 0
5514 1
5515 3
5516 0
5517 0
5518 1
5519 0
5520 0
5521 0
5522 1
5523 2
5524 0
5525 0
5526 1
5527 0
5528 1
5529 1
5530 2
5531 0
5532 2
5533 4
5534 3
5535 0
5536 1
5537 1
5538 1
5539 3
5540 0
5541 0
5542 0
5543 0
5544 0
5545 1
5546 0
5547 1
5548 2
5549 0
5550 1
5551 0
5552 0
5553 2
5554 0
5555 4
5556 1
5557 2
5558 0
5559 0
5560 1
5561 2
5562 0
5563 6
5564 3
5565 0
5566 1
5567 0
5568 1
5569 0
5570 2
5571 2
5572 2
5573 0
5574 4
5575 1
5576 0
5577 0
5578 0
5579 0
5580 5
5581 3
5582 2
5583 2
5584 0
5585 1
5586 1
5587 3
5588 3
5589 1
5590 0
5591 0
5592 0
5593 1
5594 0
5595 1
5596 0
5597 1
5598 1
5599 3
5600 1
5601 0
5602 4
5603 2
5604 0
5605 2
5606 2
5607 1
5608 0
5609 1
5610 1
5611 1
5612 0
5613 1
5614 2
5615 0
5616 4
5617 0
5618 1
5619 1
5620 0
5621 2
5622 2
5623 1
5624 8
5625 0
5626 5
5627 3
5628 4
5629 0
5630 0
5631 1
5632 1
5633 0
5634 0
5635 2
5636 0
5637 0
5638 1
5639 0
5640 5
5641 1
5642 1
5643 0
5644 0
5645 0
5646 3
5647 0
5648 0
5649 1
5650 0
5651 0
5652 4
5653 4
5654 0
5655 0
5656 3
5657 0
5658 0
5659 0
5660 1
5661 2
5662 0
5663 0
5664 1
5665 3
5666 3
5667 3
5668 0
5669 0
5670 3
5671 1
5672 4
5673 3
5674 0
5675 7
5676 2
5677 2
5678 0
5679 0
5680 0
5681 6
5682 1
5683 1
5684 0
5685 0
5686 0
5687 2
5688 0
5689 0
5690 2
5691 1
5692 5
5693 0
5694 1
5695 2
5696 0
5697 0
5698 1
5699 0
5700 1
5701 2
5702 1
5703 2
5704 1
5705 0
5706 1
5707 0
5708 0
5709 1
5710 0
5711 0
5712 1
5713 0
5714 3
5715 2
5716 4
5717 0
5718 1
5719 0
5720 0
5721 0
5722 5
5723 0
5724 1
5725 0
5726 0
5727 0
5728 1
5729 0
5730 0
5731 2
5732 1
5733 3
5734 0
5735 1
5736 1
5737 0
5738 0
5739 0
5740 3
5741 6
5742 0
5743 2
5744 0
5745 1
5746 0
5747 0
5748 1
5749 1
5750 2
5751 3
5752 0
5753 0
5754 5
5755 0
5756 0
5757 1
5758 0
5759 2
5760 4
5761 1
5762 0
5763 1
5764 0
5765 1
5766 0
5767 0
5768 0
5769 0
5770 3
5771 0
5772 1
5773 1
5774 0
5775 4
5776 3
5777 2
5778 0
5779 3
5780 0
5781 1
5782 0
5783 2
5784 1
5785 1
5786 0
5787 1
5788 1
5789 1
5790 0
5791 2
5792 0
5793 1
5794 0
5795 0
5796 3
5797 4
5798 1
5799 1
5800 3
5801 0
5802 1
5803 0
5804 0
5805 1
5806 0
5807 0
5808 2
5809 1
5810 1
5811 0
5812 1
5813 0
5814 0
5815 5
5816 1
5817 3
5818 0
5819 0
5820 1
5821 0
5822 2
5823 0
5824 0
5825 0
5826 1
5827 4
5828 0
5829 0
5830 1
5831 2
5832 1
5833 2
5834 2
5835 0
5836 0
5837 1
5838 1
5839 1
5840 0
5841 1
5842 2
5843 0
5844 4
5845 0
5846 0
5847 0
5848 0
5849 0
5850 2
5851 0
5852 1
5853 0
5854 1
5855 3
5856 0
5857 0
5858 2
5859 0
5860 0
5861 1
5862 3
5863 0
5864 1
5865 2
5866 0
5867 1
5868 1
5869 6
5870 0
5871 3
5872 0
5873 0
5874 1
5875 0
5876 1
5877 1
5878 0
5879 0
5880 4
5881 1
5882 3
5883 0
5884 1
5885 2
5886 2
5887 0
5888 0
5889 5
5890 3
5891 2
5892 0
5893 1
5894 0
5895 0
5896 0
5897 0
5898 0
5899 5
5900 0
5901 0
5902 5
5903 1
5904 1
5905 0
5906 2
5907 7
5908 1
5909 0
5910 0
5911 1
5912 4
5913 4
5914 0
5915 0
5916 0
5917 0
5918 1
5919 3
5920 1
5921 0
5922 0
5923 0
5924 1
5925 2
5926 0
5927 0
5928 1
5929 0
5930 4
5931 0
5932 0
5933 1
5934 1
5935 0
5936 3
5937 3
5938 0
5939 0
5940 0
5941 0
5942 4
5943 2
5944 1
5945 5
5946 3
5947 0
5948 0
5949 0
5950 0
5951 6
5952 0
5953 1
5954 0
5955 1
5956 0
5957 0
5958 2
5959 1
5960 4
5961 2
5962 0
5963 2
5964 1
5965 0
5966 0
5967 0
5968 2
5969 0
5970 1
5971 0
5972 0
5973 3
5974 1
5975 1
5976 0
5977 0
5978 2
5979 3
5980 0
5981 0
5982 3
5983 3
5984 1
5985 6
5986 0
5987 0
5988 0
5989 0
5990 0
5991 0
5992 0
5993 0
5994 1
5995 1
5996 3
5997 0
5998 2
5999 2
6000 0
6001 1
6002 0
6003 0
6004 5
6005 3
6006 0
6007 3
6008 1
6009 2
6010 0
6011 1
6012 0
6013 0
6014 0
6015 1
6016 0
6017 0
6018 0
6019 0
6020 1
6021 0
6022 5
6023 0
6024 1
6025 0
6026 1
6027 5
6028 0
6029 0
6030 0
6031 0
6032 0
6033 1
6034 2
6035 0
6036 0
6037 1
6038 1
6039 1
6040 5
6041 2
6042 0
6043 0
6044 0
6045 1
6046 1
6047 0
6048 2
6049 2
6050 1
6051 0
6052 1
6053 1
6054 2
6055 0
6056 0
6057 0
6058 0
6059 7
6060 0
6061 0
6062 6
6063 3
6064 0
6065 3
6066 2
6067 1
6068 0
6069 0
6070 0
6071 0
6072 0
6073 0
6074 2
6075 0
6076 3
6077 3
6078 0
6079 0
6080 1
6081 0
6082 2
6083 0
6084 1
6085 0
6086 3
6087 2
6088 0
6089 0
6090 1
6091 0
6092 0
6093 1
6094 1
6095 1
6096 1
6097 4
6098 1
6099 2
6100 4
6101 0
6102 0
6103 3
6104 0
6105 1
6106 0
6107 0
6108 1
6109 2
6110 0
6111 3
6112 0
6113 0
6114 0
6115 1
6116 4
6117 2
6118 0
6119 0
6120 0
6121 2
6122 0
6123 0
6124 1
6125 1
6126 0
6127 1
6128 1
6129 1
6130 8
6131 1
6132 1
6133 0
6134 0
6135 0
6136 0
6137 2
6138 1
6139 1
6140 1
6141 2
6142 1
6143 2
6144 2
6145 0
6146 0
6147 0
6148 2
6149 0
6150 0
6151 1
6152 7
6153 0
6154 1
6155 2
6156 0
6157 1
6158 1
6159 0
6160 0
6161 1
6162 0
6163 0
6164 0
6165 0
6166 0
6167 4
6168 0
6169 3
6170 0
6171 0
6172 2
6173 0
6174 0
6175 0
6176 0
6177 0
6178 1
6179 2
6180 0
6181 4
6182 0
6183 2
6184 0
6185 1
6186 1
6187 0
6188 1
6189 0
6190 0
6191 1
6192 0
6193 2
6194 0
6195 0
6196 0
6197 3
6198 2
6199 1
6200 0
6201 1
6202 0
6203 1
6204 0
6205 0
6206 1
6207 0
6208 0
6209 2
6210 0
6211 2
6212 2
6213 4
6214 1
6215 0
6216 2
6217 1
6218 0
6219 3
6220 0
6221 0
6222 2
6223 1
6224 0
6225 4
6226 2
6227 1
6228 1
6229 3
6230 5
6231 2
6232 0
6233 3
6234 0
6235 4
6236 0
6237 1
6238 1
6239 0
6240 5
6241 0
6242 3
6243 0
6244 0
6245 0
6246 1
6247 3
6248 0
6249 0
6250 1
6251 0
6252 0
6253 1
6254 1
6255 3
6256 1
6257 0
6258 0
6259 0
6260 7
6261 0
6262 4
6263 5
6264 0
6265 1
6266 0
6267 0
6268 1
6269 2
6270 0
6271 2
6272 0
6273 3
6274 0
6275 5
6276 0
6277 0
6278 0
6279 0
6280 0
6281 0
6282 0
6283 2
6284 1
6285 0
6286 0
6287 0
6288 0
6289 5
6290 3
6291 0
6292 0
6293 0
6294 0
6295 6
6296 0
6297 1
6298 0
6299 0
6300 1
6301 1
6302 0
6303 2
6304 3
6305 1
6306 0
6307 0
6308 1
6309 3
6310 1
6311 0
6312 0
6313 2
6314 8
6315 1
6316 4
6317 0
6318 0
6319 0
6320 4
6321 2
6322 0
6323 0
6324 0
6325 2
6326 1
6327 4
6328 0
6329 1
6330 0
6331 1
6332 1
6333 3
6334 1
6335 0
6336 0
6337 0
6338 1
6339 1
6340 0
6341 1
6342 2
6343 4
6344 2
6345 0
6346 0
6347 2
6348 0
6349 2
6350 0
6351 2
6352 0
6353 0
6354 1
6355 1
6356 0
6357 1
6358 1
6359 0
6360 0
6361 0
6362 0
6363 0
6364 1
6365 2
6366 0
6367 0
6368 0
6369 3
6370 0
6371 0
6372 0
6373 0
6374 3
6375 4
6376 0
6377 0
6378 1
6379 2
6380 0
6381 0
6382 0
6383 0
6384 4
6385 0
6386 0
6387 0
6388 1
6389 1
6390 4
6391 0
6392 2
6393 2
6394 0
6395 0
6396 0
6397 0
6398 1
6399 0
6400 3
6401 3
6402 1
6403 0
6404 0
6405 6
6406 0
6407 3
6408 1
6409 2
6410 1
6411 1
6412 4
6413 0
6414 1
6415 0
6416 3
6417 1
6418 1
6419 2
6420 0
6421 0
6422 2
6423 0
6424 1
6425 0
6426 0
6427 2
6428 3
6429 1
6430 0
6431 4
6432 1
6433 0
6434 1
6435 0
6436 0
6437 1
6438 0
6439 0
6440 1
6441 0
6442 1
6443 1
6444 0
6445 0
6446 1
6447 0
6448 0
6449 2
6450 0
6451 1
6452 1
6453 0
6454 2
6455 4
6456 1
6457 0
6458 1
6459 1
6460 2
6461 0
6462 3
6463 2
6464 0
6465 0
6466 2
6467 0
6468 3
6469 2
6470 0
6471 3
6472 1
6473 0
6474 1
6475 1
6476 1
6477 2
6478 1
6479 1
6480 0
6481 1
6482 0
6483 0
6484 2
6485 4
6486 1
6487 3
6488 6
6489 0
6490 7
6491 0
6492 1
6493 2
6494 4
6495 2
6496 0
6497 1
6498 0
6499 1
6500 1
6501 0
6502 3
6503 1
6504 0
6505 0
6506 2
6507 0
6508 2
6509 0
6510 2
6511 1
6512 0
6513 3
6514 1
6515 2
6516 0
6517 2
6518 0
6519 0
6520 0
6521 3
6522 1
6523 1
6524 0
6525 0
6526 1
6527 0
6528 2
6529 4
6530 2
6531 0
6532 0
6533 1
6534 0
6535 0
6536 0
6537 0
6538 1
6539 4
6540 1
6541 1
6542 3
6543 0
6544 0
6545 1
6546 1
6547 0
6548 1
6549 1
6550 0
6551 0
6552 0
6553 0
6554 1
6555 0
6556 1
6557 0
6558 3
6559 5
6560 0
6561 0
6562 1
6563 2
6564 0
6565 0
6566 0
6567 2
6568 0
6569 0
6570 0
6571 1
6572 2
6573 1
6574 1
6575 3
6576 0
6577 0
6578 0
6579 0
6580 1
6581 0
6582 0
6583 4
6584 0
6585 0
6586 4
6587 0
6588 1
6589 2
6590 2
6591 0
6592 0
6593 0
6594 0
6595 2
6596 0
6597 0
6598 3
6599 1
6600 1
6601 1
6602 2
6603 0
6604 1
6605 1
6606 0
6607 0
6608 0
6609 0
6610 1
6611 6
6612 3
6613 6
6614 2
6615 0
6616 0
6617 2
6618 0
6619 2
6620 0
6621 1
6622 2
6623 0
6624 1
6625 1
6626 1
6627 0
6628 0
6629 0
6630 2
6631 0
6632 1
6633 4
6634 0
6635 2
6636 3
6637 3
6638 2
6639 2
6640 1
6641 0
6642 1
6643 0
6644 2
6645 1
6646 0
6647 0
6648 2
6649 1
6650 1
6651 2
6652 2
6653 0
6654 1
6655 0
6656 1
6657 0
6658 4
6659 0
6660 1
6661 5
6662 1
6663 0
6664 2
6665 0
6666 0
6667 7
6668 0
6669 7
6670 1
6671 2
6672 0
6673 1
6674 1
6675 1
6676 0
6677 1
6678 0
6679 1
6680 1
6681 1
6682 2
6683 2
6684 0
6685 2
6686 0
6687 0
6688 2
6689 0
6690 0
6691 0
6692 2
6693 2
6694 1
6695 1
6696 2
6697 0
6698 1
6699 0
6700 1
6701 5
6702 0
6703 1
6704 1
6705 1
6706 3
6707 0
6708 5
6709 0
6710 0
6711 1
6712 0
6713 0
6714 0
6715 0
6716 2
6717 0
6718 1
6719 1
6720 4
6721 4
6722 1
6723 1
6724 1
6725 0
6726 1
6727 1
6728 0
6729 4
6730 0
6731 0
6732 0
6733 0
6734 2
6735 0
6736 1
6737 2
6738 1
6739 1
6740 6
6741 2
6742 2
6743 1
6744 0
6745 1
6746 1
6747 0
6748 1
6749 0
6750 4
6751 0
6752 1
6753 0
6754 1
6755 1
6756 1
6757 1
6758 1
6759 0
6760 0
6761 0
6762 1
6763 1
6764 1
6765 0
6766 0
6767 1
6768 2
6769 4
6770 4
6771 2
6772 0
6773 2
6774 2
6775 0
6776 3
6777 0
6778 0
6779 0
6780 0
6781 1
6782 0
6783 0
6784 0
6785 1
6786 3
6787 2
6788 0
6789 0
6790 0
6791 0
6792 2
6793 0
6794 1
6795 0
6796 0
6797 2
6798 0
6799 0
6800 2
6801 1
6802 5
6803 1
6804 0
6805 0
6806 0
6807 0
6808 1
6809 3
6810 5
6811 0
6812 0
6813 2
6814 3
6815 3
6816 2
6817 2
6818 0
6819 0
6820 4
6821 0
6822 0
6823 1
6824 0
6825 1
6826 0
6827 1
6828 1
6829 0
6830 1
6831 1
6832 2
6833 2
6834 4
6835 2
6836 2
6837 0
6838 0
6839 0
6840 0
6841 1
6842 1
6843 0
6844 0
6845 0
6846 0
6847 1
6848 1
6849 0
6850 2
6851 2
6852 0
6853 0
6854 1
6855 1
6856 1
6857 3
6858 0
6859 0
6860 1
6861 0
6862 0
6863 2
6864 0
6865 0
6866 0
6867 5
6868 0
6869 1
6870 1
6871 0
6872 0
6873 1
6874 0
6875 1
6876 2
6877 0
6878 2
6879 0
6880 0
6881 3
6882 0
6883 1
6884 0
6885 1
6886 2
6887 0
6888 1
6889 0
6890 2
6891 1
6892 1
6893 1
6894 0
6895 0
6896 2
6897 1
6898 0
6899 2
6900 0
6901 5
6902 0
6903 1
6904 0
6905 0
6906 0
6907 1
6908 1
6909 0
6910 0
6911 2
6912 1
6913 0
6914 5
6915 0
6916 1
6917 1
6918 1
6919 0
6920 0
6921 0
6922 0
6923 1
6924 0
6925 5
6926 0
6927 0
6928 0
6929 1
6930 0
6931 0
6932 0
6933 1
6934 0
6935 0
6936 1
6937 0
6938 7
6939 4
6940 2
6941 3
6942 0
6943 0
6944 1
6945 2
6946 2
6947 0
6948 5
6949 0
6950 0
6951 1
6952 1
6953 1
6954 0
6955 0
6956 1
6957 2
6958 0
6959 0
6960 0
6961 7
6962 0
6963 1
6964 4
6965 2
6966 0
6967 1
6968 0
6969 1
6970 0
6971 1
6972 2
6973 0
6974 0
6975 0
6976 0
6977 0
6978 0
6979 0
6980 1
6981 2
6982 0
6983 1
6984 2
6985 0
6986 0
6987 0
6988 0
6989 2
6990 3
6991 2
6992 2
6993 0
6994 1
6995 0
6996 0
6997 0
6998 1
6999 3
7000 0
7001 0
7002 0
7003 0
7004 0
7005 0
7006 0
7007 2
7008 1
7009 3
7010 4
7011 1
7012 1
7013 0
7014 0
7015 3
7016 0
7017 1
7018 1
7019 0
7020 1
7021 0
7022 1
7023 0
7024 0
7025 1
7026 0
7027 1
7028 0
7029 0
7030 1
7031 4
7032 1
7033 2
7034 1
7035 0
7036 4
7037 2
7038 0
7039 0
7040 0
7041 1
7042 0
7043 1
7044 2
7045 0
7046 1
7047 1
7048 0
7049 1
7050 0
7051 1
7052 2
7053 1
7054 1
7055 6
7056 3
7057 2
7058 1
7059 0
7060 3
7061 1
7062 2
7063 1
7064 2
7065 4
7066 2
7067 2
7068 0
7069 0
7070 0
7071 0
7072 1
7073 0
7074 0
7075 2
7076 1
7077 0
7078 0
7079 0
7080 1
7081 0
7082 0
7083 2
7084 0
7085 0
7086 4
7087 0
7088 1
7089 2
7090 1
7091 1
7092 0
7093 1
7094 3
7095 0
7096 0
7097 0
7098 1
7099 3
7100 2
7101 3
7102 1
7103 3
7104 0
7105 1
7106 0
7107 0
7108 0
7109 1
7110 0
7111 0
7112 1
7113 1
7114 1
7115 1
7116 0
7117 4
7118 0
7119 0
7120 3
7121 2
7122 3
7123 0
7124 0
7125 0
7126 0
7127 1
7128 2
7129 0
7130 1
7131 4
7132 0
7133 0
7134 1
7135 2
7136 0
7137 0
7138 4
7139 0
7140 0
7141 0
7142 3
7143 1
7144 0
7145 0
7146 0
7147 2
7148 0
7149 0
7150 1
7151 0
7152 0
7153 0
7154 0
7155 1
7156 0
7157 0
7158 1
7159 1
7160 0
7161 4
7162 0
7163 0
7164 0
7165 0
7166 0
7167 2
7168 2
7169 1
7170 0
7171 2
7172 2
7173 1
7174 5
7175 2
7176 6
7177 0
7178 2
7179 0
7180 1
7181 0
7182 2
7183 0
7184 0
7185 0
7186 0
7187 0
7188 1
7189 0
7190 0
7191 5
7192 0
7193 0
7194 0
7195 1
7196 0
7197 1
7198 2
7199 0
7200 1
7201 0
7202 4
7203 1
7204 0
7205 0
7206 0
7207 0
7208 2
7209 0
7210 0
7211 2
7212 4
7213 1
7214 0
7215 1
7216 1
7217 3
7218 6
7219 1
7220 0
7221 5
7222 3
7223 0
7224 0
7225 1
7226 0
7227 0
7228 3
7229 1
7230 0
7231 3
7232 3
7233 0
7234 0
7235 0
7236 5
7237 0
7238 0
7239 0
7240 0
7241 2
7242 0
7243 0
7244 0
7245 1
7246 0
7247 0
7248 3
7249 1
7250 0
7251 0
7252 2
7253 2
7254 1
7255 1
7256 0
7257 1
7258 2
7259 0
7260 2
7261 4
7262 5
7263 0
7264 1
7265 3
7266 2
7267 2
7268 0
7269 0
7270 0
7271 0
7272 0
7273 2
7274 0
7275 0
7276 0
7277 0
7278 2
7279 2
7280 1
7281 0
7282 1
7283 2
7284 0
7285 0
7286 0
7287 3
7288 0
7289 0
7290 0
7291 5
7292 2
7293 4
7294 1
7295 1
7296 1
7297 0
7298 4
7299 4
7300 2
7301 0
7302 0
7303 1
7304 1
7305 3
7306 0
7307 0
7308 10
7309 1
7310 2
7311 0
7312 0
7313 0
7314 1
7315 1
7316 1
7317 0
7318 0
7319 0
7320 0
7321 1
7322 0
7323 2
7324 6
7325 2
7326 0
7327 1
7328 0
7329 5
7330 0
7331 1
7332 0
7333 0
7334 0
7335 0
7336 0
7337 3
7338 1
7339 1
7340 2
7341 0
7342 1
7343 0
7344 1
7345 1
7346 0
7347 1
7348 4
7349 0
7350 1
7351 0
7352 2
7353 0
7354 3
7355 1
7356 0
7357 0
7358 2
7359 2
7360 3
7361 0
7362 1
7363 5
7364 0
7365 0
7366 0
7367 0
7368 0
7369 2
7370 0
7371 3
7372 2
7373 1
7374 0
7375 6
7376 0
7377 2
7378 2
7379 1
7380 1
7381 0
7382 0
7383 0
7384 1
7385 0
7386 0
7387 3
7388 1
7389 0
7390 0
7391 2
7392 1
7393 1
7394 0
7395 0
7396 2
7397 1
7398 0
7399 0
7400 0
7401 0
7402 0
7403 1
7404 1
7405 0
7406 0
7407 1
7408 0
7409 1
7410 0
7411 0
7412 0
7413 0
7414 1
7415 0
7416 3
7417 0
7418 2
7419 0
7420 0
7421 0
7422 1
7423 0
7424 1
7425 0
7426 0
7427 0
7428 0
7429 2
7430 1
7431 0
7432 0
7433 0
7434 0
7435 5
7436 0
7437 0
7438 0
7439 0
7440 0
7441 1
7442 1
7443 0
7444 2
7445 3
7446 0
7447 0
7448 0
7449 0
7450 2
7451 2
7452 0
7453 0
7454 0
7455 0
7456 2
7457 0
7458 0
7459 1
7460 1
7461 2
7462 0
7463 1
7464 1
7465 1
7466 3
7467 0
7468 3
7469 0
7470 0
7471 0
7472 1
7473 1
7474 2
7475 0
7476 3
7477 0
7478 0
7479 3
7480 2
7481 0
7482 0
7483 3
7484 2
7485 1
7486 0
7487 2
7488 0
7489 0
7490 1
7491 4
7492 0
7493 4
7494 0
7495 2
7496 0
7497 1
7498 2
7499 2
7500 0
7501 2
7502 0
7503 0
7504 1
7505 1
7506 0
7507 1
7508 0
7509 1
7510 3
7511 0
7512 0
7513 4
7514 1
7515 0
7516 2
7517 1
7518 3
7519 0
7520 0
7521 1
7522 0
7523 1
7524 1
7525 2
7526 5
7527 5
7528 0
7529 0
7530 0
7531 1
7532 1
7533 1
7534 0
7535 0
7536 1
7537 0
7538 5
7539 5
7540 0
7541 1
7542 1
7543 0
7544 3
7545 1
7546 1
7547 0
7548 0
7549 0
7550 2
7551 2
7552 0
7553 0
7554 0
7555 0
7556 1
7557 0
7558 0
7559 0
7560 1
7561 0
7562 3
7563 0
7564 2
7565 0
7566 0
7567 2
7568 2
7569 4
7570 3
7571 0
7572 0
7573 5
7574 0
7575 2
7576 3
7577 0
7578 2
7579 2
7580 1
7581 0
7582 0
7583 0
7584 1
7585 0
7586 1
7587 2
7588 1
7589 0
7590 0
7591 2
7592 0
7593 0
7594 1
7595 0
7596 2
7597 0
7598 9
7599 0
7600 0
7601 1
7602 4
7603 1
7604 1
7605 1
7606 0
7607 0
7608 4
7609 0
7610 0
7611 3
7612 1
7613 1
7614 0
7615 0
7616 0
7617 1
7618 0
7619 1
7620 0
7621 1
7622 0
7623 0
7624 1
7625 0
7626 0
7627 1
7628 0
7629 1
7630 0
7631 2
7632 0
7633 1
7634 0
7635 0
7636 2
7637 4
7638 1
7639 0
7640 1
7641 1
7642 1
7643 3
7644 0
7645 0
7646 0
7647 1
7648 2
7649 1
7650 6
7651 0
7652 9
7653 0
7654 0
7655 0
7656 0
7657 0
7658 0
7659 0
7660 0
7661 1
7662 2
7663 0
7664 2
7665 0
7666 3
7667 7
7668 4
7669 0
7670 0
7671 1
7672 1
7673 0
7674 0
7675 0
7676 0
7677 3
7678 1
7679 0
7680 0
7681 1
7682 2
7683 2
7684 4
7685 0
7686 1
7687 1
7688 0
7689 0
7690 1
7691 0
7692 0
7693 0
7694 1
7695 1
7696 2
7697 3
7698 3
7699 0
7700 0
7701 0
7702 0
7703 1
7704 0
7705 1
7706 0
7707 0
7708 0
7709 0
7710 0
7711 0
7712 3
7713 1
7714 1
7715 1
7716 4
7717 2
7718 1
7719 3
7720 3
7721 2
7722 0
7723 0
7724 0
7725 0
7726 0
7727 0
7728 1
7729 0
7730 0
7731 3
7732 1
7733 1
7734 0
7735 4
7736 0
7737 4
7738 1
7739 5
7740 1
7741 2
7742 2
7743 0
7744 2
7745 0
7746 1
7747 1
7748 2
7749 0
7750 1
7751 2
7752 0
7753 0
7754 3
7755 0
7756 1
7757 0
7758 0
7759 2
7760 0
7761 0
7762 0
7763 0
7764 0
7765 3
7766 1
7767 2
7768 5
7769 0
7770 0
7771 1
7772 2
7773 0
7774 1
7775 3
7776 0
7777 1
7778 1
7779 0
7780 0
7781 0
7782 0
7783 0
7784 1
7785 0
7786 2
7787 1
7788 0
7789 0
7790 2
7791 0
7792 1
7793 0
7794 1
7795 0
7796 2
7797 0
7798 1
7799 0
7800 0
7801 1
7802 3
7803 0
7804 0
7805 4
7806 2
7807 0
7808 0
7809 0
7810 0
7811 0
7812 0
7813 1
7814 0
7815 1
7816 0
7817 1
7818 0
7819 1
7820 0
7821 0
7822 1
7823 0
7824 1
7825 0
7826 2
7827 0
7828 0
7829 0
7830 5
7831 1
7832 0
7833 0
7834 0
7835 1
7836 1
7837 1
7838 1
7839 1
7840 2
7841 1
7842 0
7843 0
7844 2
7845 0
7846 0
7847 0
7848 0
7849 0
7850 0
7851 0
7852 4
7853 1
7854 1
7855 0
7856 1
7857 2
7858 0
7859 2
7860 2
7861 2
7862 1
7863 1
7864 0
7865 1
7866 0
7867 0
7868 0
7869 0
7870 0
7871 0
7872 0
7873 2
7874 1
7875 0
7876 1
7877 3
7878 0
7879 3
7880 2
7881 0
7882 0
7883 4
7884 1
7885 2
7886 0
7887 0
7888 0
7889 1
7890 0
7891 0
7892 0
7893 2
7894 0
7895 0
7896 0
7897 0
7898 1
7899 0
7900 3
7901 0
7902 0
7903 0
7904 0
7905 0
7906 0
7907 0
7908 2
7909 0
7910 1
7911 2
7912 0
7913 0
7914 0
7915 0
7916 0
7917 1
7918 0
7919 1
7920 0
7921 0
7922 0
7923 1
7924 0
7925 1
7926 0
7927 0
7928 0
7929 0
7930 0
7931 0
7932 1
7933 1
7934 2
7935 1
7936 5
7937 0
7938 0
7939 0
7940 0
7941 0
7942 0
7943 0
7944 1
7945 3
7946 0
7947 1
7948 1
7949 0
7950 0
7951 1
7952 1
7953 0
7954 2
7955 4
7956 0
7957 0
7958 1
7959 0
7960 1
7961 3
7962 2
7963 0
7964 4
7965 1
7966 2
7967 0
7968 5
7969 0
7970 0
7971 0
7972 0
7973 0
7974 1
7975 1
7976 0
7977 1
7978 0
7979 0
7980 3
7981 1
7982 1
7983 0
7984 1
7985 3
7986 0
7987 1
7988 1
7989 1
7990 3
7991 1
7992 3
7993 1
7994 0
7995 0
7996 0
7997 2
7998 0
7999 3
8000 2
8001 2
8002 2
8003 0
8004 0
8005 0
8006 0
8007 3
8008 3
8009 0
8010 0
8011 1
8012 1
8013 7
8014 1
8015 1
8016 1
8017 2
8018 0
8019 0
8020 0
8021 1
8022 2
8023 0
8024 1
8025 1
8026 4
8027 0
8028 0
8029 3
8030 0
8031 0
8032 2
8033 0
8034 0
8035 1
8036 0
8037 0
8038 0
8039 0
8040 0
8041 0
8042 0
8043 0
8044 0
8045 3
8046 0
8047 1
8048 1
8049 2
8050 0
8051 1
8052 4
8053 1
8054 1
8055 1
8056 0
8057 1
8058 0
8059 0
8060 0
8061 0
8062 2
8063 0
8064 1
8065 2
8066 2
8067 0
8068 2
8069 0
8070 5
8071 0
8072 0
8073 4
8074 0
8075 1
8076 2
8077 4
8078 5
8079 1
8080 0
8081 0
8082 1
8083 0
8084 0
8085 0
8086 0
8087 1
8088 0
8089 1
8090 1
8091 0
8092 3
8093 0
8094 0
8095 0
8096 1
8097 0
8098 0
8099 3
8100 0
8101 0
8102 0
8103 2
8104 0
8105 0
8106 1
8107 0
8108 2
8109 3
8110 0
8111 0
8112 0
8113 0
8114 1
8115 1
8116 0
8117 0
8118 3
8119 1
8120 1
8121 0
8122 0
8123 5
8124 0
8125 0
8126 0
8127 1
8128 0
8129 0
8130 1
8131 0
8132 0
8133 4
8134 1
8135 1
8136 0
8137 0
8138 2
8139 1
8140 3
8141 0
8142 1
8143 1
8144 1
8145 0
8146 2
8147 0
8148 1
8149 1
8150 1
8151 0
8152 0
8153 0
8154 1
8155 0
8156 2
8157 0
8158 0
8159 3
8160 2
8161 1
8162 0
8163 0
8164 2
8165 0
8166 0
8167 1
8168 0
8169 1
8170 0
8171 1
8172 0
8173 3
8174 1
8175 0
8176 0
8177 1
8178 2
8179 0
8180 0
8181 1
8182 0
8183 0
8184 1
8185 2
8186 2
8187 2
8188 0
8189 0
8190 0
8191 3
8192 0
8193 0
8194 0
8195 3
8196 0
8197 0
8198 3
8199 1
8200 2
8201 0
8202 1
8203 3
8204 0
8205 0
8206 0
8207 3
8208 0
8209 0
8210 1
8211 1
8212 0
8213 2
8214 1
8215 0
8216 0
8217 3
8218 0
8219 0
8220 1
8221 0
8222 0
8223 1
8224 0
8225 2
8226 0
8227 0
8228 0
8229 0
8230 0
8231 0
8232 4
8233 0
8234 2
8235 3
8236 1
8237 1
8238 2
8239 0
8240 3
8241 0
8242 0
8243 0
8244 1
8245 0
8246 0
8247 1
8248 0
8249 4
8250 1
8251 0
8252 5
8253 1
8254 0
8255 1
8256 3
8257 2
8258 0
8259 0
8260 4
8261 0
8262 0
8263 3
8264 3
8265 0
8266 2
8267 2
8268 1
8269 2
8270 1
8271 1
8272 3
8273 1
8274 0
8275 1
8276 2
8277 0
8278 3
8279 1
8280 4
8281 0
8282 0
8283 0
8284 2
8285 0
8286 1
8287 0
8288 1
8289 6
8290 0
8291 1
8292 2
8293 0
8294 0
8295 2
8296 0
8297 0
8298 1
8299 0
8300 1
8301 0
8302 2
8303 0
8304 0
8305 1
8306 1
8307 0
8308 2
8309 0
8310 1
8311 0
8312 0
8313 0
8314 4
8315 0
8316 0
8317 1
8318 3
8319 0
8320 1
8321 0
8322 1
8323 0
8324 0
8325 0
8326 0
8327 0
8328 0
8329 3
8330 1
8331 4
8332 3
8333 5
8334 0
8335 0
8336 0
8337 0
8338 2
8339 0
8340 1
8341 3
8342 2
8343 0
8344 1
8345 0
8346 0
8347 0
8348 2
8349 0
8350 2
8351 5
8352 1
8353 0
8354 0
8355 0
8356 3
8357 1
8358 2
8359 0
8360 1
8361 3
8362 1
8363 1
8364 0
8365 2
8366 0
8367 0
8368 0
8369 2
8370 1
8371 9
8372 0
8373 0
8374 1
8375 3
8376 1
8377 0
8378 1
8379 0
8380 3
8381 2
8382 0
8383 4
8384 2
8385 0
8386 2
8387 1
8388 3
8389 1
8390 1
8391 0
8392 10
8393 0
8394 5
8395 1
8396 4
8397 1
8398 2
8399 0
8400 4
8401 1
8402 2
8403 3
8404 0
8405 4
8406 0
8407 3
8408 0
8409 0
8410 2
8411 1
8412 0
8413 0
8414 4
8415 0
8416 1
8417 1
8418 0
8419 2
8420 0
8421 0
8422 0
8423 0
8424 0
8425 0
8426 3
8427 2
8428 3
8429 2
8430 2
8431 3
8432 1
8433 0
8434 0
8435 1
8436 0
8437 0
8438 0
8439 2
8440 0
8441 0
8442 0
8443 0
8444 0
8445 0
8446 1
8447 2
8448 0
8449 0
8450 1
8451 0
8452 2
8453 2
8454 0
8455 0
8456 0
8457 1
8458 1
8459 2
8460 0
8461 0
8462 1
8463 1
8464 4
8465 2
8466 0
8467 1
8468 2
8469 0
8470 0
8471 0
8472 1
8473 1
8474 0
8475 0
8476 0
8477 0
8478 0
8479 0
8480 2
8481 0
8482 0
8483 2
8484 1
8485 0
8486 0
8487 1
8488 1
8489 2
8490 0
8491 0
8492 2
8493 0
8494 0
8495 1
8496 1
8497 0
8498 0
8499 4
8500 2
8501 1
8502 0
8503 2
8504 0
8505 1
8506 1
8507 0
8508 3
8509 1
8510 3
8511 0
8512 1
8513 0
8514 1
8515 0
8516 3
8517 0
8518 0
8519 1
8520 1
8521 0
8522 1
8523 0
8524 1
8525 0
8526 0
8527 0
8528 0
8529 1
8530 0
8531 6
8532 4
8533 3
8534 0
8535 0
8536 0
8537 6
8538 4
8539 1
8540 1
8541 2
8542 0
8543 0
8544 2
8545 0
8546 1
8547 0
8548 0
8549 4
8550 0
8551 0
8552 0
8553 2
8554 3
8555 0
8556 0
8557 1
8558 0
8559 3
8560 0
8561 0
8562 2
8563 0
8564 2
8565 1
8566 2
8567 0
8568 1
8569 0
8570 1
8571 3
8572 0
8573 2
8574 1
8575 1
8576 0
8577 1
8578 0
8579 0
8580 0
8581 3
8582 0
8583 4
8584 0
8585 0
8586 1
8587 5
8588 4
8589 1
8590 0
8591 1
8592 0
8593 0
8594 2
8595 0
8596 6
8597 2
8598 2
8599 1
8600 0
8601 2
8602 0
8603 0
8604 0
8605 1
8606 0
8607 0
8608 0
8609 0
8610 0
8611 0
8612 5
8613 3
8614 0
8615 0
8616 1
8617 1
8618 1
8619 0
8620 0
8621 0
8622 0
8623 0
8624 0
8625 0
8626 2
8627 0
8628 1
8629 1
8630 1
8631 0
8632 0
8633 2
8634 1
8635 0
8636 0
8637 1
8638 2
8639 0
8640 7
8641 2
8642 1
8643 6
8644 0
8645 2
8646 1
8647 0
8648 0
8649 1
8650 0
8651 0
8652 0
8653 0
8654 2
8655 1
8656 0
8657 0
8658 0
8659 1
8660 0
8661 3
8662 2
8663 0
8664 0
8665 0
8666 0
8667 1
8668 2
8669 5
8670 0
8671 0
8672 0
8673 0
8674 0
8675 1
8676 0
8677 0
8678 2
8679 0
8680 1
8681 0
8682 0
8683 1
8684 0
8685 2
8686 0
8687 3
8688 2
8689 1
8690 0
8691 1
8692 0
8693 1
8694 0
8695 0
8696 2
8697 3
8698 3
8699 3
8700 2
8701 0
8702 1
8703 0
8704 0
8705 1
8706 0
8707 1
8708 2
8709 2
8710 0
8711 3
8712 0
8713 0
8714 5
8715 0
8716 1
8717 1
8718 0
8719 0
8720 0
8721 0
8722 1
8723 1
8724 0
8725 4
8726 0
8727 0
8728 0
8729 7
8730 4
8731 1
8732 0
8733 1
8734 2
8735 3
8736 1
8737 1
8738 1
8739 1
8740 0
8741 1
8742 3
8743 1
8744 0
8745 0
8746 0
8747 0
8748 2
8749 0
8750 0
8751 0
8752 2
8753 0
8754 0
8755 1
8756 0
8757 1
8758 0
8759 0
8760 0
8761 0
8762 1
8763 1
8764 1
8765 0
8766 3
8767 1
8768 0
8769 1
8770 0
8771 0
8772 0
8773 3
8774 3
8775 1
8776 0
8777 1
8778 0
8779 0
8780 1
8781 0
8782 0
8783 2
8784 1
8785 0
8786 1
8787 0
8788 1
8789 0
8790 0
8791 2
8792 2
8793 0
8794 0
8795 0
8796 2
8797 1
8798 3
8799 0
8800 0
8801 4
8802 2
8803 0
8804 2
8805 0
8806 2
8807 2
8808 0
8809 2
8810 1
8811 0
8812 0
8813 0
8814 0
8815 0
8816 0
8817 0
8818 1
8819 0
8820 0
8821 1
8822 2
8823 0
8824 0
8825 0
8826 4
8827 0
8828 3
8829 1
8830 0
8831 1
8832 0
8833 0
8834 0
8835 1
8836 0
8837 3
8838 1
8839 1
8840 1
8841 0
8842 3
8843 0
8844 3
8845 1
8846 1
8847 1
8848 0
8849 1
8850 0
8851 0
8852 0
8853 2
8854 0
8855 1
8856 4
8857 0
8858 2
8859 0
8860 4
8861 5
8862 2
8863 2
8864 1
8865 1
8866 0
8867 1
8868 1
8869 2
8870 1
8871 0
8872 1
8873 2
8874 0
8875 0
8876 5
8877 0
8878 0
8879 0
8880 1
8881 1
8882 2
8883 0
8884 0
8885 1
8886 0
8887 0
8888 0
8889 3
8890 0
8891 0
8892 1
8893 1
8894 0
8895 4
8896 0
8897 0
8898 1
8899 0
8900 1
8901 1
8902 4
8903 0
8904 0
8905 0
8906 0
8907 0
8908 1
8909 0
8910 1
8911 0
8912 0
8913 0
8914 1
8915 0
8916 0
8917 0
8918 0
8919 1
8920 1
8921 0
8922 0
8923 1
8924 2
8925 0
8926 0
8927 1
8928 1
8929 0
8930 0
8931 3
8932 1
8933 1
8934 4
8935 1
8936 1
8937 3
8938 0
8939 2
8940 0
8941 3
8942 1
8943 0
8944 1
8945 0
8946 0
8947 0
8948 0
8949 2
8950 0
8951 0
8952 2
8953 1
8954 0
8955 0
8956 0
8957 5
8958 2
8959 2
8960 1
8961 0
8962 0
8963 0
8964 1
8965 1
8966 1
8967 0
8968 1
8969 0
8970 1
8971 0
8972 1
8973 4
8974 0
8975 1
8976 0
8977 0
8978 2
8979 0
8980 0
8981 2
8982 0
8983 2
8984 1
8985 1
8986 0
8987 1
8988 0
8989 0
8990 2
8991 2
8992 0
8993 0
8994 1
8995 0
8996 5
8997 0
8998 1
8999 0
9000 0
9001 1
9002 0
9003 0
9004 0
9005 0
9006 0
9007 1
9008 0
9009 0
9010 0
9011 3
9012 0
9013 0
9014 0
9015 0
9016 0
9017 2
9018 0
9019 0
9020 0
9021 0
9022 0
9023 1
9024 1
9025 1
9026 0
9027 1
9028 0
9029 0
9030 0
9031 0
9032 0
9033 0
9034 2
9035 3
9036 3
9037 0
9038 0
9039 0
9040 1
9041 2
9042 0
9043 0
9044 0
9045 0
9046 2
9047 2
9048 0
9049 4
9050 1
9051 2
9052 0
9053 2
9054 0
9055 0
9056 1
9057 1
9058 0
9059 2
9060 0
9061 0
9062 4
9063 2
9064 0
9065 0
9066 3
9067 3
9068 1
9069 1
9070 1
9071 1
9072 0
9073 0
9074 2
9075 1
9076 3
9077 0
9078 1
9079 8
9080 1
9081 0
9082 1
9083 0
9084 0
9085 1
9086 0
9087 0
9088 0
9089 0
9090 1
9091 5
9092 3
9093 1
9094 0
9095 1
9096 1
9097 2
9098 0
9099 2
9100 0
9101 1
9102 0
9103 1
9104 0
9105 2
9106 0
9107 0
9108 2
9109 2
9110 0
9111 2
9112 2
9113 1
9114 0
9115 2
9116 0
9117 1
9118 0
9119 0
9120 4
9121 2
9122 2
9123 0
9124 0
9125 0
9126 0
9127 0
9128 2
9129 2
9130 0
9131 0
9132 6
9133 4
9134 4
9135 4
9136 3
9137 2
9138 3
9139 4
9140 2
9141 0
9142 0
9143 3
9144 0
9145 1
9146 0
9147 3
9148 1
9149 0
9150 3
9151 0
9152 0
9153 0
9154 2
9155 0
9156 1
9157 0
9158 0
9159 0
9160 0
9161 0
9162 3
9163 0
9164 0
9165 3
9166 0
9167 1
9168 3
9169 0
9170 3
9171 7
9172 0
9173 0
9174 0
9175 0
9176 0
9177 0
9178 6
9179 0
9180 2
9181 0
9182 1
9183 2
9184 0
9185 0
9186 1
9187 4
9188 0
9189 0
9190 1
9191 2
9192 0
9193 0
9194 0
9195 0
9196 0
9197 2
9198 0
9199 1
9200 0
9201 2
9202 1
9203 0
9204 1
9205 0
9206 2
9207 2
9208 0
9209 5
9210 1
9211 0
9212 4
9213 1
9214 1
9215 0
9216 1
9217 2
9218 2
9219 6
9220 2
9221 2
9222 1
9223 1
9224 0
9225 1
9226 0
9227 1
9228 1
9229 0
9230 0
9231 1
9232 1
9233 0
9234 1
9235 2
9236 0
9237 0
9238 7
9239 0
9240 1
9241 0
9242 0
9243 1
9244 2
9245 2
9246 1
9247 0
9248 0
9249 1
9250 1
9251 0
9252 0
9253 1
9254 2
9255 0
9256 0
9257 0
9258 0
9259 1
9260 0
9261 0
9262 4
9263 1
9264 0
9265 1
9266 1
9267 0
9268 5
9269 1
9270 5
9271 1
9272 0
9273 3
9274 0
9275 1
9276 0
9277 1
9278 0
9279 0
9280 1
9281 2
9282 7
9283 0
9284 0
9285 0
9286 0
9287 0
9288 0
9289 0
9290 2
9291 1
9292 0
9293 0
9294 0
9295 0
9296 2
9297 1
9298 0
9299 0
9300 0
9301 0
9302 0
9303 2
9304 0
9305 0
9306 1
9307 0
9308 0
9309 2
9310 3
9311 0
9312 0
9313 0
9314 0
9315 0
9316 0
9317 5
9318 0
9319 1
9320 0
9321 1
9322 0
9323 1
9324 1
9325 1
9326 0
9327 0
9328 0
9329 0
9330 0
9331 0
9332 0
9333 0
9334 0
9335 0
9336 1
9337 0
9338 0
9339 1
9340 0
9341 0
9342 0
9343 1
9344 0
9345 2
9346 1
9347 1
9348 2
9349 1
9350 0
9351 2
9352 6
9353 1
9354 0
9355 2
9356 5
9357 0
9358 0
9359 1
9360 0
9361 0
9362 2
9363 1
9364 1
9365 2
9366 0
9367 0
9368 0
9369 1
9370 0
9371 0
9372 2
9373 2
9374 0
9375 1
9376 0
9377 1
9378 3
9379 3
9380 0
9381 0
9382 2
9383 0
9384 1
9385 6
9386 2
9387 0
9388 0
9389 0
9390 0
9391 0
9392 0
9393 3
9394 1
9395 0
9396 1
9397 0
9398 0
9399 0
9400 0
9401 1
9402 0
9403 0
9404 1
9405 0
9406 1
9407 0
9408 0
9409 1
9410 2
9411 1
9412 2
9413 1
9414 0
9415 1
9416 0
9417 0
9418 0
9419 0
9420 0
9421 0
9422 2
9423 0
9424 3
9425 3
9426 3
9427 2
9428 1
9429 3
9430 3
9431 2
9432 2
9433 0
9434 0
9435 2
9436 0
9437 0
9438 2
9439 1
9440 0
9441 1
9442 1
9443 0
9444 2
9445 0
9446 0
9447 1
9448 2
9449 0
9450 1
9451 1
9452 1
9453 1
9454 0
9455 0
9456 0
9457 0
9458 3
9459 2
9460 4
9461 1
9462 0
9463 2
9464 1
9465 1
9466 0
9467 1
9468 2
9469 1
9470 1
9471 2
9472 0
9473 1
9474 1
9475 0
9476 2
9477 0
9478 1
9479 1
9480 0
9481 0
9482 0
9483 0
9484 0
9485 1
9486 3
9487 1
9488 2
9489 0
9490 2
9491 1
9492 0
9493 0
9494 0
9495 0
9496 0
9497 0
9498 5
9499 0
9500 3
9501 2
9502 0
9503 2
9504 4
9505 3
9506 0
9507 1
9508 0
9509 0
9510 5
9511 1
9512 0
9513 2
9514 2
9515 1
9516 0
9517 3
9518 0
9519 0
9520 0
9521 0
9522 0
9523 0
9524 1
9525 3
9526 2
9527 1
9528 3
9529 3
9530 0
9531 0
9532 4
9533 2
9534 2
9535 0
9536 0
9537 0
9538 4
9539 0
9540 0
9541 0
9542 0
9543 1
9544 1
9545 3
9546 0
9547 1
9548 0
9549 0
9550 1
9551 1
9552 1
9553 0
9554 0
9555 0
9556 4
9557 1
9558 7
9559 0
9560 1
9561 0
9562 2
9563 0
9564 1
9565 0
9566 0
9567 3
9568 1
9569 6
9570 2
9571 0
9572 1
9573 1
9574 0
9575 1
9576 0
9577 0
9578 1
9579 5
9580 2
9581 2
9582 3
9583 1
9584 0
9585 0
9586 0
9587 0
9588 0
9589 1
9590 0
9591 0
9592 0
9593 0
9594 0
9595 0
9596 0
9597 0
9598 4
9599 2
9600 1
9601 2
9602 0
9603 0
9604 0
9605 1
9606 1
9607 0
9608 0
9609 1
9610 0
9611 1
9612 1
9613 5
9614 2
9615 1
9616 0
9617 0
9618 0
9619 2
9620 1
9621 4
9622 6
9623 2
9624 0
9625 0
9626 0
9627 0
9628 2
9629 1
9630 0
9631 0
9632 0
9633 2
9634 0
9635 1
9636 0
9637 0
9638 0
9639 0
9640 0
9641 0
9642 0
9643 1
9644 0
9645 0
9646 5
9647 0
9648 2
9649 0
9650 0
9651 0
9652 2
9653 0
9654 0
9655 0
9656 2
9657 0
9658 1
9659 2
9660 0
9661 1
9662 0
9663 1
9664 1
9665 1
9666 0
9667 0
9668 5
9669 0
9670 1
9671 0
9672 1
9673 1
9674 0
9675 1
9676 0
9677 0
9678 0
9679 0
9680 0
9681 2
9682 0
9683 3
9684 1
9685 1
9686 2
9687 2
9688 0
9689 1
9690 0
9691 4
9692 0
9693 0
9694 1
9695 1
9696 0
9697 3
9698 1
9699 3
9700 0
9701 0
9702 1
9703 0
9704 1
9705 0
9706 1
9707 1
9708 1
9709 1
9710 0
9711 0
9712 0
9713 1
9714 4
9715 2
9716 0
9717 1
9718 0
9719 1
9720 0
9721 4
9722 3
9723 3
9724 3
9725 0
9726 3
9727 0
9728 0
9729 4
9730 0
9731 1
9732 2
9733 1
9734 4
9735 0
9736 4
9737 4
9738 1
9739 4
9740 1
9741 4
9742 0
9743 0
9744 1
9745 0
9746 3
9747 0
9748 1
9749 0
9750 0
9751 2
9752 0
9753 1
9754 3
9755 0
9756 0
9757 2
9758 0
9759 1
9760 0
9761 3
9762 2
9763 0
9764 0
9765 1
9766 0
9767 0
9768 0
9769 2
9770 0
9771 1
9772 0
9773 1
9774 3
9775 1
9776 0
9777 0
9778 0
9779 0
9780 0
9781 1
9782 2
9783 1
9784 0
9785 0
9786 0
9787 1
9788 2
9789 0
9790 3
9791 0
9792 0
9793 0
9794 0
9795 0
9796 1
9797 0
9798 0
9799 0
9800 0
9801 0
9802 1
9803 1
9804 1
9805 2
9806 1
9807 0
9808 0
9809 0
9810 0
9811 0
9812 0
9813 7
9814 0
9815 2
9816 1
9817 0
9818 0
9819 2
9820 0
9821 2
9822 1
9823 3
9824 0
9825 1
9826 3
9827 4
9828 1
9829 0
9830 1
9831 2
9832 0
9833 0
9834 0
9835 0
9836 0
9837 0
9838 2
9839 0
9840 0
9841 0
9842 2
9843 0
9844 1
9845 0
9846 0
9847 2
9848 2
9849 1
9850 0
9851 2
9852 0
9853 0
9854 0
9855 3
9856 0
9857 0
9858 1
9859 0
9860 4
9861 0
9862 2
9863 2
9864 1
9865 0
9866 0
9867 3
9868 0
9869 0
9870 0
9871 0
9872 0
9873 0
9874 1
9875 1
9876 0
9877 3
9878 0
9879 0
9880 0
9881 1
9882 0
9883 0
9884 3
9885 1
9886 3
9887 0
9888 3
9889 0
9890 6
9891 4
9892 2
9893 1
9894 0
9895 2
9896 0
9897 1
9898 4
9899 3
9900 0
9901 0
9902 0
9903 1
9904 0
9905 2
9906 0
9907 0
9908 0
9909 0
9910 1
9911 6
9912 0
9913 0
9914 0
9915 1
9916 2
9917 0
9918 0
9919 1
9920 3
9921 2
9922 0
9923 2
9924 1
9925 0
9926 2
9927 0
9928 0
9929 0
9930 1
9931 1
9932 1
9933 0
9934 0
9935 3
9936 1
9937 1
9938 0
9939 2
9940 1
9941 1
9942 0
9943 0
9944 0
9945 0
9946 2
9947 0
9948 1
9949 0
9950 0
9951 1
9952 0
9953 0
9954 3
9955 0
9956 4
9957 2
9958 5
9959 0
9960 0
9961 0
9962 1
9963 0
9964 0
9965 1
9966 2
9967 0
9968 6
9969 1
9970 2
9971 2
9972 0
9973 2
9974 1
9975 1
9976 0
9977 1
9978 1
9979 0
9980 2
9981 1
9982 0
9983 0
9984 0
9985 0
9986 0
9987 1
9988 1
9989 6
9990 2
9991 4
9992 1
9993 2
9994 2
9995 0
9996 1
9997 1
9998 0
9999 3
10000 3
