1 2
2 1
3 2
4 1
5 1
6 4
7 1
8 1
9 6
10 1
11 1
12 8
13 1
14 1
15 10
16 1
17 1
18 12
19 1
20 1
21 14
22 1
23 1
24 16
25 1
26 1
27 18
28 1
29 1
30 20
31 1
32 1
33 22
34 1
35 1
36 24
37 1
38 1
39 26
40 1
41 1
42 28
43 1
44 1
45 30
46 1
47 1
48 32
49 1
50 1
51 34
52 1
53 1
54 36
55 1
56 1
57 38
58 1
59 1
60 40
61 1
62 1
63 42
64 1
65 1
66 44
67 1
68 1
69 46
70 1
71 1
72 48
73 1
74 1
75 50
76 1
77 1
78 52
79 1
80 1
81 54
82 1
83 1
84 56
85 1
86 1
87 58
88 1
89 1
90 60
91 1
92 1
93 62
94 1
95 1
96 64
97 1
98 1
99 66
100 1
101 1
102 68
103 1
104 1
105 70
106 1
107 1
108 72
109 1
110 1
111 74
112 1
113 1
114 76
115 1
116 1
117 78
118 1
119 1
120 80
121 1
122 1
123 82
124 1
125 1
126 84
127 1
128 1
129 86
130 1
131 1
132 88
133 1
134 1
135 90
136 1
137 1
138 92
139 1
140 1
141 94
142 1
143 1
144 96
145 1
146 1
147 98
148 1
149 1
150 100
151 1
152 1
153 102
154 1
155 1
156 104
157 1
158 1
159 106
160 1
161 1
162 108
163 1
164 1
165 110
166 1
167 1
168 112
169 1
170 1
171 114
172 1
173 1
174 116
175 1
176 1
177 118
178 1
179 1
180 120
181 1
182 1
183 122
184 1
185 1
186 124
187 1
188 1
189 126
190 1
191 1
192 128
193 1
194 1
195 130
196 1
197 1
198 132
199 1
200 1
201 134
202 1
203 1
204 136
205 1
206 1
207 138
208 1
209 1
210 140
211 1
212 1
213 142
214 1
215 1
216 144
217 1
218 1
219 146
220 1
221 1
222 148
223 1
224 1
225 150
226 1
227 1
228 152
229 1
230 1
231 154
232 1
233 1
234 156
235 1
236 1
237 158
238 1
239 1
240 160
241 1
242 1
243 162
244 1
245 1
246 164
247 1
248 1
249 166
250 1
251 1
252 168
253 1
254 1
255 170
256 1
257 1
258 172
259 1
260 1
261 174
262 1
263 1
264 176
265 1
266 1
267 178
268 1
269 1
270 180
271 1
272 1
273 182
274 1
275 1
276 184
277 1
278 1
279 186
280 1
281 1
282 188
283 1
284 1
285 190
286 1
287 1
288 192
289 1
290 1
291 194
292 1
293 1
294 196
295 1
296 1
297 198
298 1
299 1
300 200
301 1
302 1
303 202
304 1
305 1
306 204
307 1
308 1
309 206
310 1
311 1
312 208
313 1
314 1
315 210
316 1
317 1
318 212
319 1
320 1
321 214
322 1
323 1
324 216
325 1
326 1
327 218
328 1
329 1
330 220
331 1
332 1
333 222
334 1
335 1
336 224
337 1
338 1
339 226
340 1
341 1
342 228
343 1
344 1
345 230
346 1
347 1
348 232
349 1
350 1
351 234
352 1
353 1
354 236
355 1
356 1
357 238
358 1
359 1
360 240
361 1
362 1
363 242
364 1
365 1
366 244
367 1
368 1
369 246
370 1
371 1
372 248
373 1
374 1
375 250
376 1
377 1
378 252
379 1
380 1
381 254
382 1
383 1
384 256
385 1
386 1
387 258
388 1
389 1
390 260
391 1
392 1
393 262
394 1
395 1
396 264
397 1
398 1
399 266
400 1
401 1
402 268
403 1
404 1
405 270
406 1
407 1
408 272
409 1
410 1
411 274
412 1
413 1
414 276
415 1
416 1
417 278
418 1
419 1
420 280
421 1
422 1
423 282
424 1
425 1
426 284
427 1
428 1
429 286
430 1
431 1
432 288
433 1
434 1
435 290
436 1
437 1
438 292
439 1
440 1
441 294
442 1
443 1
444 296
445 1
446 1
447 298
448 1
449 1
450 300
451 1
452 1
453 302
454 1
455 1
456 304
457 1
458 1
459 306
460 1
461 1
462 308
463 1
464 1
465 310
466 1
467 1
468 312
469 1
470 1
471 314
472 1
473 1
474 316
475 1
476 1
477 318
478 1
479 1
480 320
481 1
482 1
483 322
484 1
485 1
486 324
487 1
488 1
489 326
490 1
491 1
492 328
493 1
494 1
495 330
496 1
497 1
498 332
499 1
500 1
501 334
502 1
503 1
504 336
505 1
506 1
507 338
508 1
509 1
510 340
511 1
512 1
513 342
514 1
515 1
516 344
517 1
518 1
519 346
520 1
521 1
522 348
523 1
524 1
525 350
526 1
527 1
528 352
529 1
530 1
531 354
532 1
533 1
534 356
535 1
536 1
537 358
538 1
539 1
540 360
541 1
542 1
543 362
544 1
545 1
546 364
547 1
548 1
549 366
550 1
551 1
552 368
553 1
554 1
555 370
556 1
557 1
558 372
559 1
560 1
561 374
562 1
563 1
564 376
565 1
566 1
567 378
568 1
569 1
570 380
571 1
572 1
573 382
574 1
575 1
576 384
577 1
578 1
579 386
580 1
581 1
582 388
583 1
584 1
585 390
586 1
587 1
588 392
589 1
590 1
591 394
592 1
593 1
594 396
595 1
596 1
597 398
598 1
599 1
600 400
601 1
602 1
603 402
604 1
605 1
606 404
607 1
608 1
609 406
610 1
611 1
612 408
613 1
614 1
615 410
616 1
617 1
618 412
619 1
620 1
621 414
622 1
623 1
624 416
625 1
626 1
627 418
628 1
629 1
630 420
631 1
632 1
633 422
634 1
635 1
636 424
637 1
638 1
639 426
640 1
641 1
642 428
643 1
644 1
645 430
646 1
647 1
648 432
649 1
650 1
651 434
652 1
653 1
654 436
655 1
656 1
657 438
658 1
659 1
660 440
661 1
662 1
663 442
664 1
665 1
666 444
667 1
668 1
669 446
670 1
671 1
672 448
673 1
674 1
675 450
676 1
677 1
678 452
679 1
680 1
681 454
682 1
683 1
684 456
685 1
686 1
687 458
688 1
689 1
690 460
691 1
692 1
693 462
694 1
695 1
696 464
697 1
698 1
699 466
700 1
701 1
702 468
703 1
704 1
705 470
706 1
707 1
708 472
709 1
710 1
711 474
712 1
713 1
714 476
715 1
716 1
717 478
718 1
719 1
720 480
721 1
722 1
723 482
724 1
725 1
726 484
727 1
728 1
729 486
730 1
731 1
732 488
733 1
734 1
735 490
736 1
737 1
738 492
739 1
740 1
741 494
742 1
743 1
744 496
745 1
746 1
747 498
748 1
749 1
750 500
751 1
752 1
753 502
754 1
755 1
756 504
757 1
758 1
759 506
760 1
761 1
762 508
763 1
764 1
765 510
766 1
767 1
768 512
769 1
770 1
771 514
772 1
773 1
774 516
775 1
776 1
777 518
778 1
779 1
780 520
781 1
782 1
783 522
784 1
785 1
786 524
787 1
788 1
789 526
790 1
791 1
792 528
793 1
794 1
795 530
796 1
797 1
798 532
799 1
800 1
801 534
802 1
803 1
804 536
805 1
806 1
807 538
808 1
809 1
810 540
811 1
812 1
813 542
814 1
815 1
816 544
817 1
818 1
819 546
820 1
821 1
822 548
823 1
824 1
825 550
826 1
827 1
828 552
829 1
830 1
831 554
832 1
833 1
834 556
835 1
836 1
837 558
838 1
839 1
840 560
841 1
842 1
843 562
844 1
845 1
846 564
847 1
848 1
849 566
850 1
851 1
852 568
853 1
854 1
855 570
856 1
857 1
858 572
859 1
860 1
861 574
862 1
863 1
864 576
865 1
866 1
867 578
868 1
869 1
870 580
871 1
872 1
873 582
874 1
875 1
876 584
877 1
878 1
879 586
880 1
881 1
882 588
883 1
884 1
885 590
886 1
887 1
888 592
889 1
890 1
891 594
892 1
893 1
894 596
895 1
896 1
897 598
898 1
899 1
900 600
901 1
902 1
903 602
904 1
905 1
906 604
907 1
908 1
909 606
910 1
911 1
912 608
913 1
914 1
915 610
916 1
917 1
918 612
919 1
920 1
921 614
922 1
923 1
924 616
925 1
926 1
927 618
928 1
929 1
930 620
931 1
932 1
933 622
934 1
935 1
936 624
937 1
938 1
939 626
940 1
941 1
942 628
943 1
944 1
945 630
946 1
947 1
948 632
949 1
950 1
951 634
952 1
953 1
954 636
955 1
956 1
957 638
958 1
959 1
960 640
961 1
962 1
963 642
964 1
965 1
966 644
967 1
968 1
969 646
970 1
971 1
972 648
973 1
974 1
975 650
976 1
977 1
978 652
979 1
980 1
981 654
982 1
983 1
984 656
985 1
986 1
987 658
988 1
989 1
990 660
991 1
992 1
993 662
994 1
995 1
996 664
997 1
998 1
999 666
1000 1
1001 1
1002 668
1003 1
1004 1
1005 670
1006 1
1007 1
1008 672
1009 1
1010 1
1011 674
1012 1
1013 1
1014 676
1015 1
1016 1
1017 678
1018 1
1019 1
1020 680
1021 1
1022 1
1023 682
1024 1
1025 1
1026 684
1027 1
1028 1
1029 686
1030 1
1031 1
1032 688
1033 1
1034 1
1035 690
1036 1
1037 1
1038 692
1039 1
1040 1
1041 694
1042 1
1043 1
1044 696
1045 1
1046 1
1047 698
1048 1
1049 1
1050 700
1051 1
1052 1
1053 702
1054 1
1055 1
1056 704
1057 1
1058 1
1059 706
1060 1
1061 1
1062 708
1063 1
1064 1
1065 710
1066 1
1067 1
1068 712
1069 1
1070 1
1071 714
1072 1
1073 1
1074 716
1075 1
1076 1
1077 718
1078 1
1079 1
1080 720
1081 1
1082 1
1083 722
1084 1
1085 1
1086 724
1087 1
1088 1
1089 726
1090 1
1091 1
1092 728
1093 1
1094 1
1095 730
1096 1
1097 1
1098 732
1099 1
1100 1
1101 734
1102 1
1103 1
1104 736
1105 1
1106 1
1107 738
1108 1
1109 1
1110 740
1111 1
1112 1
1113 742
1114 1
1115 1
1116 744
1117 1
1118 1
1119 746
1120 1
1121 1
1122 748
1123 1
1124 1
1125 750
1126 1
1127 1
1128 752
1129 1
1130 1
1131 754
1132 1
1133 1
1134 756
1135 1
1136 1
1137 758
1138 1
1139 1
1140 760
1141 1
1142 1
1143 762
1144 1
1145 1
1146 764
1147 1
1148 1
1149 766
1150 1
1151 1
1152 768
1153 1
1154 1
1155 770
1156 1
1157 1
1158 772
1159 1
1160 1
1161 774
1162 1
1163 1
1164 776
1165 1
1166 1
1167 778
1168 1
1169 1
1170 780
1171 1
1172 1
1173 782
1174 1
1175 1
1176 784
1177 1
1178 1
1179 786
1180 1
1181 1
1182 788
1183 1
1184 1
1185 790
1186 1
1187 1
1188 792
1189 1
1190 1
1191 794
1192 1
1193 1
1194 796
1195 1
1196 1
1197 798
1198 1
1199 1
1200 800
1201 1
1202 1
1203 802
1204 1
1205 1
1206 804
1207 1
1208 1
1209 806
1210 1
1211 1
1212 808
1213 1
1214 1
1215 810
1216 1
1217 1
1218 812
1219 1
1220 1
1221 814
1222 1
1223 1
1224 816
1225 1
1226 1
1227 818
1228 1
1229 1
1230 820
1231 1
1232 1
1233 822
1234 1
1235 1
1236 824
1237 1
1238 1
1239 826
1240 1
1241 1
1242 828
1243 1
1244 1
1245 830
1246 1
1247 1
1248 832
1249 1
1250 1
1251 834
1252 1
1253 1
1254 836
1255 1
1256 1
1257 838
1258 1
1259 1
1260 840
1261 1
1262 1
1263 842
1264 1
1265 1
1266 844
1267 1
1268 1
1269 846
1270 1
1271 1
1272 848
1273 1
1274 1
1275 850
1276 1
1277 1
1278 852
1279 1
1280 1
1281 854
1282 1
1283 1
1284 856
1285 1
1286 1
1287 858
1288 1
1289 1
1290 860
1291 1
1292 1
1293 862
1294 1
1295 1
1296 864
1297 1
1298 1
1299 866
1300 1
1301 1
1302 868
1303 1
1304 1
1305 870
1306 1
1307 1
1308 872
1309 1
1310 1
1311 874
1312 1
1313 1
1314 876
1315 1
1316 1
1317 878
1318 1
1319 1
1320 880
1321 1
1322 1
1323 882
1324 1
1325 1
1326 884
1327 1
1328 1
1329 886
1330 1
1331 1
1332 888
1333 1
1334 1
1335 890
1336 1
1337 1
1338 892
1339 1
1340 1
1341 894
1342 1
1343 1
1344 896
1345 1
1346 1
1347 898
1348 1
1349 1
1350 900
1351 1
1352 1
1353 902
1354 1
1355 1
1356 904
1357 1
1358 1
1359 906
1360 1
1361 1
1362 908
1363 1
1364 1
1365 910
1366 1
1367 1
1368 912
1369 1
1370 1
1371 914
1372 1
1373 1
1374 916
1375 1
1376 1
1377 918
1378 1
1379 1
1380 920
1381 1
1382 1
1383 922
1384 1
1385 1
1386 924
1387 1
1388 1
1389 926
1390 1
1391 1
1392 928
1393 1
1394 1
1395 930
1396 1
1397 1
1398 932
1399 1
1400 1
1401 934
1402 1
1403 1
1404 936
1405 1
1406 1
1407 938
1408 1
1409 1
1410 940
1411 1
1412 1
1413 942
1414 1
1415 1
1416 944
1417 1
1418 1
1419 946
1420 1
1421 1
1422 948
1423 1
1424 1
1425 950
1426 1
1427 1
1428 952
1429 1
1430 1
1431 954
1432 1
1433 1
1434 956
1435 1
1436 1
1437 958
1438 1
1439 1
1440 960
1441 1
1442 1
1443 962
1444 1
1445 1
1446 964
1447 1
1448 1
1449 966
1450 1
1451 1
1452 968
1453 1
1454 1
1455 970
1456 1
1457 1
1458 972
1459 1
1460 1
1461 974
1462 1
1463 1
1464 976
1465 1
1466 1
1467 978
1468 1
1469 1
1470 980
1471 1
1472 1
1473 982
1474 1
1475 1
1476 984
1477 1
1478 1
1479 986
1480 1
1481 1
1482 988
1483 1
1484 1
1485 990
1486 1
1487 1
1488 992
1489 1
1490 1
1491 994
1492 1
1493 1
1494 996
1495 1
1496 1
1497 998
1498 1
1499 1
1500 1000
1501 1
1502 1
1503 1002
1504 1
1505 1
1506 1004
1507 1
1508 1
1509 1006
1510 1
1511 1
1512 1008
1513 1
1514 1
1515 1010
1516 1
1517 1
1518 1012
1519 1
1520 1
1521 1014
1522 1
1523 1
1524 1016
1525 1
1526 1
1527 1018
1528 1
1529 1
1530 1020
1531 1
1532 1
1533 1022
1534 1
1535 1
1536 1024
1537 1
1538 1
1539 1026
1540 1
1541 1
1542 1028
1543 1
1544 1
1545 1030
1546 1
1547 1
1548 1032
1549 1
1550 1
1551 1034
1552 1
1553 1
1554 1036
1555 1
1556 1
1557 1038
1558 1
1559 1
1560 1040
1561 1
1562 1
1563 1042
1564 1
1565 1
1566 1044
1567 1
1568 1
1569 1046
1570 1
1571 1
1572 1048
1573 1
1574 1
1575 1050
1576 1
1577 1
1578 1052
1579 1
1580 1
1581 1054
1582 1
1583 1
1584 1056
1585 1
1586 1
1587 1058
1588 1
1589 1
1590 1060
1591 1
1592 1
1593 1062
1594 1
1595 1
1596 1064
1597 1
1598 1
1599 1066
1600 1
1601 1
1602 1068
1603 1
1604 1
1605 1070
1606 1
1607 1
1608 1072
1609 1
1610 1
1611 1074
1612 1
1613 1
1614 1076
1615 1
1616 1
1617 1078
1618 1
1619 1
1620 1080
1621 1
1622 1
1623 1082
1624 1
1625 1
1626 1084
1627 1
1628 1
1629 1086
1630 1
1631 1
1632 1088
1633 1
1634 1
1635 1090
1636 1
1637 1
1638 1092
1639 1
1640 1
1641 1094
1642 1
1643 1
1644 1096
1645 1
1646 1
1647 1098
1648 1
1649 1
1650 1100
1651 1
1652 1
1653 1102
1654 1
1655 1
1656 1104
1657 1
1658 1
1659 1106
1660 1
1661 1
1662 1108
1663 1
1664 1
1665 1110
1666 1
1667 1
1668 1112
1669 1
1670 1
1671 1114
1672 1
1673 1
1674 1116
1675 1
1676 1
1677 1118
1678 1
1679 1
1680 1120
1681 1
1682 1
1683 1122
1684 1
1685 1
1686 1124
1687 1
1688 1
1689 1126
1690 1
1691 1
1692 1128
1693 1
1694 1
1695 1130
1696 1
1697 1
1698 1132
1699 1
1700 1
1701 1134
1702 1
1703 1
1704 1136
1705 1
1706 1
1707 1138
1708 1
1709 1
1710 1140
1711 1
1712 1
1713 1142
1714 1
1715 1
1716 1144
1717 1
1718 1
1719 1146
1720 1
1721 1
1722 1148
1723 1
1724 1
1725 1150
1726 1
1727 1
1728 1152
1729 1
1730 1
1731 1154
1732 1
1733 1
1734 1156
1735 1
1736 1
1737 1158
1738 1
1739 1
1740 1160
1741 1
1742 1
1743 1162
1744 1
1745 1
1746 1164
1747 1
1748 1
1749 1166
1750 1
1751 1
1752 1168
1753 1
1754 1
1755 1170
1756 1
1757 1
1758 1172
1759 1
1760 1
1761 1174
1762 1
1763 1
1764 1176
1765 1
1766 1
1767 1178
1768 1
1769 1
1770 1180
1771 1
1772 1
1773 1182
1774 1
1775 1
1776 1184
1777 1
1778 1
1779 1186
1780 1
1781 1
1782 1188
1783 1
1784 1
1785 1190
1786 1
1787 1
1788 1192
1789 1
1790 1
1791 1194
1792 1
1793 1
1794 1196
1795 1
1796 1
1797 1198
1798 1
1799 1
1800 1200
1801 1
1802 1
1803 1202
1804 1
1805 1
1806 1204
1807 1
1808 1
1809 1206
1810 1
1811 1
1812 1208
1813 1
1814 1
1815 1210
1816 1
1817 1
1818 1212
1819 1
1820 1
1821 1214
1822 1
1823 1
1824 1216
1825 1
1826 1
1827 1218
1828 1
1829 1
1830 1220
1831 1
1832 1
1833 1222
1834 1
1835 1
1836 1224
1837 1
1838 1
1839 1226
1840 1
1841 1
1842 1228
1843 1
1844 1
1845 1230
1846 1
1847 1
1848 1232
1849 1
1850 1
1851 1234
1852 1
1853 1
1854 1236
1855 1
1856 1
1857 1238
1858 1
1859 1
1860 1240
1861 1
1862 1
1863 1242
1864 1
1865 1
1866 1244
1867 1
1868 1
1869 1246
1870 1
1871 1
1872 1248
1873 1
1874 1
1875 1250
1876 1
1877 1
1878 1252
1879 1
1880 1
1881 1254
1882 1
1883 1
1884 1256
1885 1
1886 1
1887 1258
1888 1
1889 1
1890 1260
1891 1
1892 1
1893 1262
1894 1
1895 1
1896 1264
1897 1
1898 1
1899 1266
1900 1
1901 1
1902 1268
1903 1
1904 1
1905 1270
1906 1
1907 1
1908 1272
1909 1
1910 1
1911 1274
1912 1
1913 1
1914 1276
1915 1
1916 1
1917 1278
1918 1
1919 1
1920 1280
1921 1
1922 1
1923 1282
1924 1
1925 1
1926 1284
1927 1
1928 1
1929 1286
1930 1
1931 1
1932 1288
1933 1
1934 1
1935 1290
1936 1
1937 1
1938 1292
1939 1
1940 1
1941 1294
1942 1
1943 1
1944 1296
1945 1
1946 1
1947 1298
1948 1
1949 1
1950 1300
1951 1
1952 1
1953 1302
1954 1
1955 1
1956 1304
1957 1
1958 1
1959 1306
1960 1
1961 1
1962 1308
1963 1
1964 1
1965 1310
1966 1
1967 1
1968 1312
1969 1
1970 1
1971 1314
1972 1
1973 1
1974 1316
1975 1
1976 1
1977 1318
1978 1
1979 1
1980 1320
1981 1
1982 1
1983 1322
1984 1
1985 1
1986 1324
1987 1
1988 1
1989 1326
1990 1
1991 1
1992 1328
1993 1
1994 1
1995 1330
1996 1
1997 1
1998 1332
1999 1
2000 1
2001 1334
2002 1
2003 1
2004 1336
2005 1
2006 1
2007 1338
2008 1
2009 1
2010 1340
2011 1
2012 1
2013 1342
2014 1
2015 1
2016 1344
2017 1
2018 1
2019 1346
2020 1
2021 1
2022 1348
2023 1
2024 1
2025 1350
2026 1
2027 1
2028 1352
2029 1
2030 1
2031 1354
2032 1
2033 1
2034 1356
2035 1
2036 1
2037 1358
2038 1
2039 1
2040 1360
2041 1
2042 1
2043 1362
2044 1
2045 1
2046 1364
2047 1
2048 1
2049 1366
2050 1
2051 1
2052 1368
2053 1
2054 1
2055 1370
2056 1
2057 1
2058 1372
2059 1
2060 1
2061 1374
2062 1
2063 1
2064 1376
2065 1
2066 1
2067 1378
2068 1
2069 1
2070 1380
2071 1
2072 1
2073 1382
2074 1
2075 1
2076 1384
2077 1
2078 1
2079 1386
2080 1
2081 1
2082 1388
2083 1
2084 1
2085 1390
2086 1
2087 1
2088 1392
2089 1
2090 1
2091 1394
2092 1
2093 1
2094 1396
2095 1
2096 1
2097 1398
2098 1
2099 1
2100 1400
2101 1
2102 1
2103 1402
2104 1
2105 1
2106 1404
2107 1
2108 1
2109 1406
2110 1
2111 1
2112 1408
2113 1
2114 1
2115 1410
2116 1
2117 1
2118 1412
2119 1
2120 1
2121 1414
2122 1
2123 1
2124 1416
2125 1
2126 1
2127 1418
2128 1
2129 1
2130 1420
2131 1
2132 1
2133 1422
2134 1
2135 1
2136 1424
2137 1
2138 1
2139 1426
2140 1
2141 1
2142 1428
2143 1
2144 1
2145 1430
2146 1
2147 1
2148 1432
2149 1
2150 1
2151 1434
2152 1
2153 1
2154 1436
2155 1
2156 1
2157 1438
2158 1
2159 1
2160 1440
2161 1
2162 1
2163 1442
2164 1
2165 1
2166 1444
2167 1
2168 1
2169 1446
2170 1
2171 1
2172 1448
2173 1
2174 1
2175 1450
2176 1
2177 1
2178 1452
2179 1
2180 1
2181 1454
2182 1
2183 1
2184 1456
2185 1
2186 1
2187 1458
2188 1
2189 1
2190 1460
2191 1
2192 1
2193 1462
2194 1
2195 1
2196 1464
2197 1
2198 1
2199 1466
2200 1
2201 1
2202 1468
2203 1
2204 1
2205 1470
2206 1
2207 1
2208 1472
2209 1
2210 1
2211 1474
2212 1
2213 1
2214 1476
2215 1
2216 1
2217 1478
2218 1
2219 1
2220 1480
2221 1
2222 1
2223 1482
2224 1
2225 1
2226 1484
2227 1
2228 1
2229 1486
2230 1
2231 1
2232 1488
2233 1
2234 1
2235 1490
2236 1
2237 1
2238 1492
2239 1
2240 1
2241 1494
2242 1
2243 1
2244 1496
2245 1
2246 1
2247 1498
2248 1
2249 1
2250 1500
2251 1
2252 1
2253 1502
2254 1
2255 1
2256 1504
2257 1
2258 1
2259 1506
2260 1
2261 1
2262 1508
2263 1
2264 1
2265 1510
2266 1
2267 1
2268 1512
2269 1
2270 1
2271 1514
2272 1
2273 1
2274 1516
2275 1
2276 1
2277 1518
2278 1
2279 1
2280 1520
2281 1
2282 1
2283 1522
2284 1
2285 1
2286 1524
2287 1
2288 1
2289 1526
2290 1
2291 1
2292 1528
2293 1
2294 1
2295 1530
2296 1
2297 1
2298 1532
2299 1
2300 1
2301 1534
2302 1
2303 1
2304 1536
2305 1
2306 1
2307 1538
2308 1
2309 1
2310 1540
2311 1
2312 1
2313 1542
2314 1
2315 1
2316 1544
2317 1
2318 1
2319 1546
2320 1
2321 1
2322 1548
2323 1
2324 1
2325 1550
2326 1
2327 1
2328 1552
2329 1
2330 1
2331 1554
2332 1
2333 1
2334 1556
2335 1
2336 1
2337 1558
2338 1
2339 1
2340 1560
2341 1
2342 1
2343 1562
2344 1
2345 1
2346 1564
2347 1
2348 1
2349 1566
2350 1
2351 1
2352 1568
2353 1
2354 1
2355 1570
2356 1
2357 1
2358 1572
2359 1
2360 1
2361 1574
2362 1
2363 1
2364 1576
2365 1
2366 1
2367 1578
2368 1
2369 1
2370 1580
2371 1
2372 1
2373 1582
2374 1
2375 1
2376 1584
2377 1
2378 1
2379 1586
2380 1
2381 1
2382 1588
2383 1
2384 1
2385 1590
2386 1
2387 1
2388 1592
2389 1
2390 1
2391 1594
2392 1
2393 1
2394 1596
2395 1
2396 1
2397 1598
2398 1
2399 1
2400 1600
2401 1
2402 1
2403 1602
2404 1
2405 1
2406 1604
2407 1
2408 1
2409 1606
2410 1
2411 1
2412 1608
2413 1
2414 1
2415 1610
2416 1
2417 1
2418 1612
2419 1
2420 1
2421 1614
2422 1
2423 1
2424 1616
2425 1
2426 1
2427 1618
2428 1
2429 1
2430 1620
2431 1
2432 1
2433 1622
2434 1
2435 1
2436 1624
2437 1
2438 1
2439 1626
2440 1
2441 1
2442 1628
2443 1
2444 1
2445 1630
2446 1
2447 1
2448 1632
2449 1
2450 1
2451 1634
2452 1
2453 1
2454 1636
2455 1
2456 1
2457 1638
2458 1
2459 1
2460 1640
2461 1
2462 1
2463 1642
2464 1
2465 1
2466 1644
2467 1
2468 1
2469 1646
2470 1
2471 1
2472 1648
2473 1
2474 1
2475 1650
2476 1
2477 1
2478 1652
2479 1
2480 1
2481 1654
2482 1
2483 1
2484 1656
2485 1
2486 1
2487 1658
2488 1
2489 1
2490 1660
2491 1
2492 1
2493 1662
2494 1
2495 1
2496 1664
2497 1
2498 1
2499 1666
2500 1
2501 1
2502 1668
2503 1
2504 1
2505 1670
2506 1
2507 1
2508 1672
2509 1
2510 1
2511 1674
2512 1
2513 1
2514 1676
2515 1
2516 1
2517 1678
2518 1
2519 1
2520 1680
2521 1
2522 1
2523 1682
2524 1
2525 1
2526 1684
2527 1
2528 1
2529 1686
2530 1
2531 1
2532 1688
2533 1
2534 1
2535 1690
2536 1
2537 1
2538 1692
2539 1
2540 1
2541 1694
2542 1
2543 1
2544 1696
2545 1
2546 1
2547 1698
2548 1
2549 1
2550 1700
2551 1
2552 1
2553 1702
2554 1
2555 1
2556 1704
2557 1
2558 1
2559 1706
2560 1
2561 1
2562 1708
2563 1
2564 1
2565 1710
2566 1
2567 1
2568 1712
2569 1
2570 1
2571 1714
2572 1
2573 1
2574 1716
2575 1
2576 1
2577 1718
2578 1
2579 1
2580 1720
2581 1
2582 1
2583 1722
2584 1
2585 1
2586 1724
2587 1
2588 1
2589 1726
2590 1
2591 1
2592 1728
2593 1
2594 1
2595 1730
2596 1
2597 1
2598 1732
2599 1
2600 1
2601 1734
2602 1
2603 1
2604 1736
2605 1
2606 1
2607 1738
2608 1
2609 1
2610 1740
2611 1
2612 1
2613 1742
2614 1
2615 1
2616 1744
2617 1
2618 1
2619 1746
2620 1
2621 1
2622 1748
2623 1
2624 1
2625 1750
2626 1
2627 1
2628 1752
2629 1
2630 1
2631 1754
2632 1
2633 1
2634 1756
2635 1
2636 1
2637 1758
2638 1
2639 1
2640 1760
2641 1
2642 1
2643 1762
2644 1
2645 1
2646 1764
2647 1
2648 1
2649 1766
2650 1
2651 1
2652 1768
2653 1
2654 1
2655 1770
2656 1
2657 1
2658 1772
2659 1
2660 1
2661 1774
2662 1
2663 1
2664 1776
2665 1
2666 1
2667 1778
2668 1
2669 1
2670 1780
2671 1
2672 1
2673 1782
2674 1
2675 1
2676 1784
2677 1
2678 1
2679 1786
2680 1
2681 1
2682 1788
2683 1
2684 1
2685 1790
2686 1
2687 1
2688 1792
2689 1
2690 1
2691 1794
2692 1
2693 1
2694 1796
2695 1
2696 1
2697 1798
2698 1
2699 1
2700 1800
2701 1
2702 1
2703 1802
2704 1
2705 1
2706 1804
2707 1
2708 1
2709 1806
2710 1
2711 1
2712 1808
2713 1
2714 1
2715 1810
2716 1
2717 1
2718 1812
2719 1
2720 1
2721 1814
2722 1
2723 1
2724 1816
2725 1
2726 1
2727 1818
2728 1
2729 1
2730 1820
2731 1
2732 1
2733 1822
2734 1
2735 1
2736 1824
2737 1
2738 1
2739 1826
2740 1
2741 1
2742 1828
2743 1
2744 1
2745 1830
2746 1
2747 1
2748 1832
2749 1
2750 1
2751 1834
2752 1
2753 1
2754 1836
2755 1
2756 1
2757 1838
2758 1
2759 1
2760 1840
2761 1
2762 1
2763 1842
2764 1
2765 1
2766 1844
2767 1
2768 1
2769 1846
2770 1
2771 1
2772 1848
2773 1
2774 1
2775 1850
2776 1
2777 1
2778 1852
2779 1
2780 1
2781 1854
2782 1
2783 1
2784 1856
2785 1
2786 1
2787 1858
2788 1
2789 1
2790 1860
2791 1
2792 1
2793 1862
2794 1
2795 1
2796 1864
2797 1
2798 1
2799 1866
2800 1
2801 1
2802 1868
2803 1
2804 1
2805 1870
2806 1
2807 1
2808 1872
2809 1
2810 1
2811 1874
2812 1
2813 1
2814 1876
2815 1
2816 1
2817 1878
2818 1
2819 1
2820 1880
2821 1
2822 1
2823 1882
2824 1
2825 1
2826 1884
2827 1
2828 1
2829 1886
2830 1
2831 1
2832 1888
2833 1
2834 1
2835 1890
2836 1
2837 1
2838 1892
2839 1
2840 1
2841 1894
2842 1
2843 1
2844 1896
2845 1
2846 1
2847 1898
2848 1
2849 1
2850 1900
2851 1
2852 1
2853 1902
2854 1
2855 1
2856 1904
2857 1
2858 1
2859 1906
2860 1
2861 1
2862 1908
2863 1
2864 1
2865 1910
2866 1
2867 1
2868 1912
2869 1
2870 1
2871 1914
2872 1
2873 1
2874 1916
2875 1
2876 1
2877 1918
2878 1
2879 1
2880 1920
2881 1
2882 1
2883 1922
2884 1
2885 1
2886 1924
2887 1
2888 1
2889 1926
2890 1
2891 1
2892 1928
2893 1
2894 1
2895 1930
2896 1
2897 1
2898 1932
2899 1
2900 1
2901 1934
2902 1
2903 1
2904 1936
2905 1
2906 1
2907 1938
2908 1
2909 1
2910 1940
2911 1
2912 1
2913 1942
2914 1
2915 1
2916 1944
2917 1
2918 1
2919 1946
2920 1
2921 1
2922 1948
2923 1
2924 1
2925 1950
2926 1
2927 1
2928 1952
2929 1
2930 1
2931 1954
2932 1
2933 1
2934 1956
2935 1
2936 1
2937 1958
2938 1
2939 1
2940 1960
2941 1
2942 1
2943 1962
2944 1
2945 1
2946 1964
2947 1
2948 1
2949 1966
2950 1
2951 1
2952 1968
2953 1
2954 1
2955 1970
2956 1
2957 1
2958 1972
2959 1
2960 1
2961 1974
2962 1
2963 1
2964 1976
2965 1
2966 1
2967 1978
2968 1
2969 1
2970 1980
2971 1
2972 1
2973 1982
2974 1
2975 1
2976 1984
2977 1
2978 1
2979 1986
2980 1
2981 1
2982 1988
2983 1
2984 1
2985 1990
2986 1
2987 1
2988 1992
2989 1
2990 1
2991 1994
2992 1
2993 1
2994 1996
2995 1
2996 1
2997 1998
2998 1
2999 1
3000 2000
3001 1
3002 1
3003 2002
3004 1
3005 1
3006 2004
3007 1
3008 1
3009 2006
3010 1
3011 1
3012 2008
3013 1
3014 1
3015 2010
3016 1
3017 1
3018 2012
3019 1
3020 1
3021 2014
3022 1
3023 1
3024 2016
3025 1
3026 1
3027 2018
3028 1
3029 1
3030 2020
3031 1
3032 1
3033 2022
3034 1
3035 1
3036 2024
3037 1
3038 1
3039 2026
3040 1
3041 1
3042 2028
3043 1
3044 1
3045 2030
3046 1
3047 1
3048 2032
3049 1
3050 1
3051 2034
3052 1
3053 1
3054 2036
3055 1
3056 1
3057 2038
3058 1
3059 1
3060 2040
3061 1
3062 1
3063 2042
3064 1
3065 1
3066 2044
3067 1
3068 1
3069 2046
3070 1
3071 1
3072 2048
3073 1
3074 1
3075 2050
3076 1
3077 1
3078 2052
3079 1
3080 1
3081 2054
3082 1
3083 1
3084 2056
3085 1
3086 1
3087 2058
3088 1
3089 1
3090 2060
3091 1
3092 1
3093 2062
3094 1
3095 1
3096 2064
3097 1
3098 1
3099 2066
3100 1
3101 1
3102 2068
3103 1
3104 1
3105 2070
3106 1
3107 1
3108 2072
3109 1
3110 1
3111 2074
3112 1
3113 1
3114 2076
3115 1
3116 1
3117 2078
3118 1
3119 1
3120 2080
3121 1
3122 1
3123 2082
3124 1
3125 1
3126 2084
3127 1
3128 1
3129 2086
3130 1
3131 1
3132 2088
3133 1
3134 1
3135 2090
3136 1
3137 1
3138 2092
3139 1
3140 1
3141 2094
3142 1
3143 1
3144 2096
3145 1
3146 1
3147 2098
3148 1
3149 1
3150 2100
3151 1
3152 1
3153 2102
3154 1
3155 1
3156 2104
3157 1
3158 1
3159 2106
3160 1
3161 1
3162 2108
3163 1
3164 1
3165 2110
3166 1
3167 1
3168 2112
3169 1
3170 1
3171 2114
3172 1
3173 1
3174 2116
3175 1
3176 1
3177 2118
3178 1
3179 1
3180 2120
3181 1
3182 1
3183 2122
3184 1
3185 1
3186 2124
3187 1
3188 1
3189 2126
3190 1
3191 1
3192 2128
3193 1
3194 1
3195 2130
3196 1
3197 1
3198 2132
3199 1
3200 1
3201 2134
3202 1
3203 1
3204 2136
3205 1
3206 1
3207 2138
3208 1
3209 1
3210 2140
3211 1
3212 1
3213 2142
3214 1
3215 1
3216 2144
3217 1
3218 1
3219 2146
3220 1
3221 1
3222 2148
3223 1
3224 1
3225 2150
3226 1
3227 1
3228 2152
3229 1
3230 1
3231 2154
3232 1
3233 1
3234 2156
3235 1
3236 1
3237 2158
3238 1
3239 1
3240 2160
3241 1
3242 1
3243 2162
3244 1
3245 1
3246 2164
3247 1
3248 1
3249 2166
3250 1
3251 1
3252 2168
3253 1
3254 1
3255 2170
3256 1
3257 1
3258 2172
3259 1
3260 1
3261 2174
3262 1
3263 1
3264 2176
3265 1
3266 1
3267 2178
3268 1
3269 1
3270 2180
3271 1
3272 1
3273 2182
3274 1
3275 1
3276 2184
3277 1
3278 1
3279 2186
3280 1
3281 1
3282 2188
3283 1
3284 1
3285 2190
3286 1
3287 1
3288 2192
3289 1
3290 1
3291 2194
3292 1
3293 1
3294 2196
3295 1
3296 1
3297 2198
3298 1
3299 1
3300 2200
3301 1
3302 1
3303 2202
3304 1
3305 1
3306 2204
3307 1
3308 1
3309 2206
3310 1
3311 1
3312 2208
3313 1
3314 1
3315 2210
3316 1
3317 1
3318 2212
3319 1
3320 1
3321 2214
3322 1
3323 1
3324 2216
3325 1
3326 1
3327 2218
3328 1
3329 1
3330 2220
3331 1
3332 1
3333 2222
3334 1
3335 1
3336 2224
3337 1
3338 1
3339 2226
3340 1
3341 1
3342 2228
3343 1
3344 1
3345 2230
3346 1
3347 1
3348 2232
3349 1
3350 1
3351 2234
3352 1
3353 1
3354 2236
3355 1
3356 1
3357 2238
3358 1
3359 1
3360 2240
3361 1
3362 1
3363 2242
3364 1
3365 1
3366 2244
3367 1
3368 1
3369 2246
3370 1
3371 1
3372 2248
3373 1
3374 1
3375 2250
3376 1
3377 1
3378 2252
3379 1
3380 1
3381 2254
3382 1
3383 1
3384 2256
3385 1
3386 1
3387 2258
3388 1
3389 1
3390 2260
3391 1
3392 1
3393 2262
3394 1
3395 1
3396 2264
3397 1
3398 1
3399 2266
3400 1
3401 1
3402 2268
3403 1
3404 1
3405 2270
3406 1
3407 1
3408 2272
3409 1
3410 1
3411 2274
3412 1
3413 1
3414 2276
3415 1
3416 1
3417 2278
3418 1
3419 1
3420 2280
3421 1
3422 1
3423 2282
3424 1
3425 1
3426 2284
3427 1
3428 1
3429 2286
3430 1
3431 1
3432 2288
3433 1
3434 1
3435 2290
3436 1
3437 1
3438 2292
3439 1
3440 1
3441 2294
3442 1
3443 1
3444 2296
3445 1
3446 1
3447 2298
3448 1
3449 1
3450 2300
3451 1
3452 1
3453 2302
3454 1
3455 1
3456 2304
3457 1
3458 1
3459 2306
3460 1
3461 1
3462 2308
3463 1
3464 1
3465 2310
3466 1
3467 1
3468 2312
3469 1
3470 1
3471 2314
3472 1
3473 1
3474 2316
3475 1
3476 1
3477 2318
3478 1
3479 1
3480 2320
3481 1
3482 1
3483 2322
3484 1
3485 1
3486 2324
3487 1
3488 1
3489 2326
3490 1
3491 1
3492 2328
3493 1
3494 1
3495 2330
3496 1
3497 1
3498 2332
3499 1
3500 1
3501 2334
3502 1
3503 1
3504 2336
3505 1
3506 1
3507 2338
3508 1
3509 1
3510 2340
3511 1
3512 1
3513 2342
3514 1
3515 1
3516 2344
3517 1
3518 1
3519 2346
3520 1
3521 1
3522 2348
3523 1
3524 1
3525 2350
3526 1
3527 1
3528 2352
3529 1
3530 1
3531 2354
3532 1
3533 1
3534 2356
3535 1
3536 1
3537 2358
3538 1
3539 1
3540 2360
3541 1
3542 1
3543 2362
3544 1
3545 1
3546 2364
3547 1
3548 1
3549 2366
3550 1
3551 1
3552 2368
3553 1
3554 1
3555 2370
3556 1
3557 1
3558 2372
3559 1
3560 1
3561 2374
3562 1
3563 1
3564 2376
3565 1
3566 1
3567 2378
3568 1
3569 1
3570 2380
3571 1
3572 1
3573 2382
3574 1
3575 1
3576 2384
3577 1
3578 1
3579 2386
3580 1
3581 1
3582 2388
3583 1
3584 1
3585 2390
3586 1
3587 1
3588 2392
3589 1
3590 1
3591 2394
3592 1
3593 1
3594 2396
3595 1
3596 1
3597 2398
3598 1
3599 1
3600 2400
3601 1
3602 1
3603 2402
3604 1
3605 1
3606 2404
3607 1
3608 1
3609 2406
3610 1
3611 1
3612 2408
3613 1
3614 1
3615 2410
3616 1
3617 1
3618 2412
3619 1
3620 1
3621 2414
3622 1
3623 1
3624 2416
3625 1
3626 1
3627 2418
3628 1
3629 1
3630 2420
3631 1
3632 1
3633 2422
3634 1
3635 1
3636 2424
3637 1
3638 1
3639 2426
3640 1
3641 1
3642 2428
3643 1
3644 1
3645 2430
3646 1
3647 1
3648 2432
3649 1
3650 1
3651 2434
3652 1
3653 1
3654 2436
3655 1
3656 1
3657 2438
3658 1
3659 1
3660 2440
3661 1
3662 1
3663 2442
3664 1
3665 1
3666 2444
3667 1
3668 1
3669 2446
3670 1
3671 1
3672 2448
3673 1
3674 1
3675 2450
3676 1
3677 1
3678 2452
3679 1
3680 1
3681 2454
3682 1
3683 1
3684 2456
3685 1
3686 1
3687 2458
3688 1
3689 1
3690 2460
3691 1
3692 1
3693 2462
3694 1
3695 1
3696 2464
3697 1
3698 1
3699 2466
3700 1
3701 1
3702 2468
3703 1
3704 1
3705 2470
3706 1
3707 1
3708 2472
3709 1
3710 1
3711 2474
3712 1
3713 1
3714 2476
3715 1
3716 1
3717 2478
3718 1
3719 1
3720 2480
3721 1
3722 1
3723 2482
3724 1
3725 1
3726 2484
3727 1
3728 1
3729 2486
3730 1
3731 1
3732 2488
3733 1
3734 1
3735 2490
3736 1
3737 1
3738 2492
3739 1
3740 1
3741 2494
3742 1
3743 1
3744 2496
3745 1
3746 1
3747 2498
3748 1
3749 1
3750 2500
3751 1
3752 1
3753 2502
3754 1
3755 1
3756 2504
3757 1
3758 1
3759 2506
3760 1
3761 1
3762 2508
3763 1
3764 1
3765 2510
3766 1
3767 1
3768 2512
3769 1
3770 1
3771 2514
3772 1
3773 1
3774 2516
3775 1
3776 1
3777 2518
3778 1
3779 1
3780 2520
3781 1
3782 1
3783 2522
3784 1
3785 1
3786 2524
3787 1
3788 1
3789 2526
3790 1
3791 1
3792 2528
3793 1
3794 1
3795 2530
3796 1
3797 1
3798 2532
3799 1
3800 1
3801 2534
3802 1
3803 1
3804 2536
3805 1
3806 1
3807 2538
3808 1
3809 1
3810 2540
3811 1
3812 1
3813 2542
3814 1
3815 1
3816 2544
3817 1
3818 1
3819 2546
3820 1
3821 1
3822 2548
3823 1
3824 1
3825 2550
3826 1
3827 1
3828 2552
3829 1
3830 1
3831 2554
3832 1
3833 1
3834 2556
3835 1
3836 1
3837 2558
3838 1
3839 1
3840 2560
3841 1
3842 1
3843 2562
3844 1
3845 1
3846 2564
3847 1
3848 1
3849 2566
3850 1
3851 1
3852 2568
3853 1
3854 1
3855 2570
3856 1
3857 1
3858 2572
3859 1
3860 1
3861 2574
3862 1
3863 1
3864 2576
3865 1
3866 1
3867 2578
3868 1
3869 1
3870 2580
3871 1
3872 1
3873 2582
3874 1
3875 1
3876 2584
3877 1
3878 1
3879 2586
3880 1
3881 1
3882 2588
3883 1
3884 1
3885 2590
3886 1
3887 1
3888 2592
3889 1
3890 1
3891 2594
3892 1
3893 1
3894 2596
3895 1
3896 1
3897 2598
3898 1
3899 1
3900 2600
3901 1
3902 1
3903 2602
3904 1
3905 1
3906 2604
3907 1
3908 1
3909 2606
3910 1
3911 1
3912 2608
3913 1
3914 1
3915 2610
3916 1
3917 1
3918 2612
3919 1
3920 1
3921 2614
3922 1
3923 1
3924 2616
3925 1
3926 1
3927 2618
3928 1
3929 1
3930 2620
3931 1
3932 1
3933 2622
3934 1
3935 1
3936 2624
3937 1
3938 1
3939 2626
3940 1
3941 1
3942 2628
3943 1
3944 1
3945 2630
3946 1
3947 1
3948 2632
3949 1
3950 1
3951 2634
3952 1
3953 1
3954 2636
3955 1
3956 1
3957 2638
3958 1
3959 1
3960 2640
3961 1
3962 1
3963 2642
3964 1
3965 1
3966 2644
3967 1
3968 1
3969 2646
3970 1
3971 1
3972 2648
3973 1
3974 1
3975 2650
3976 1
3977 1
3978 2652
3979 1
3980 1
3981 2654
3982 1
3983 1
3984 2656
3985 1
3986 1
3987 2658
3988 1
3989 1
3990 2660
3991 1
3992 1
3993 2662
3994 1
3995 1
3996 2664
3997 1
3998 1
3999 2666
4000 1
4001 1
4002 2668
4003 1
4004 1
4005 2670
4006 1
4007 1
4008 2672
4009 1
4010 1
4011 2674
4012 1
4013 1
4014 2676
4015 1
4016 1
4017 2678
4018 1
4019 1
4020 2680
4021 1
4022 1
4023 2682
4024 1
4025 1
4026 2684
4027 1
4028 1
4029 2686
4030 1
4031 1
4032 2688
4033 1
4034 1
4035 2690
4036 1
4037 1
4038 2692
4039 1
4040 1
4041 2694
4042 1
4043 1
4044 2696
4045 1
4046 1
4047 2698
4048 1
4049 1
4050 2700
4051 1
4052 1
4053 2702
4054 1
4055 1
4056 2704
4057 1
4058 1
4059 2706
4060 1
4061 1
4062 2708
4063 1
4064 1
4065 2710
4066 1
4067 1
4068 2712
4069 1
4070 1
4071 2714
4072 1
4073 1
4074 2716
4075 1
4076 1
4077 2718
4078 1
4079 1
4080 2720
4081 1
4082 1
4083 2722
4084 1
4085 1
4086 2724
4087 1
4088 1
4089 2726
4090 1
4091 1
4092 2728
4093 1
4094 1
4095 2730
4096 1
4097 1
4098 2732
4099 1
4100 1
4101 2734
4102 1
4103 1
4104 2736
4105 1
4106 1
4107 2738
4108 1
4109 1
4110 2740
4111 1
4112 1
4113 2742
4114 1
4115 1
4116 2744
4117 1
4118 1
4119 2746
4120 1
4121 1
4122 2748
4123 1
4124 1
4125 2750
4126 1
4127 1
4128 2752
4129 1
4130 1
4131 2754
4132 1
4133 1
4134 2756
4135 1
4136 1
4137 2758
4138 1
4139 1
4140 2760
4141 1
4142 1
4143 2762
4144 1
4145 1
4146 2764
4147 1
4148 1
4149 2766
4150 1
4151 1
4152 2768
4153 1
4154 1
4155 2770
4156 1
4157 1
4158 2772
4159 1
4160 1
4161 2774
4162 1
4163 1
4164 2776
4165 1
4166 1
4167 2778
4168 1
4169 1
4170 2780
4171 1
4172 1
4173 2782
4174 1
4175 1
4176 2784
4177 1
4178 1
4179 2786
4180 1
4181 1
4182 2788
4183 1
4184 1
4185 2790
4186 1
4187 1
4188 2792
4189 1
4190 1
4191 2794
4192 1
4193 1
4194 2796
4195 1
4196 1
4197 2798
4198 1
4199 1
4200 2800
4201 1
4202 1
4203 2802
4204 1
4205 1
4206 2804
4207 1
4208 1
4209 2806
4210 1
4211 1
4212 2808
4213 1
4214 1
4215 2810
4216 1
4217 1
4218 2812
4219 1
4220 1
4221 2814
4222 1
4223 1
4224 2816
4225 1
4226 1
4227 2818
4228 1
4229 1
4230 2820
4231 1
4232 1
4233 2822
4234 1
4235 1
4236 2824
4237 1
4238 1
4239 2826
4240 1
4241 1
4242 2828
4243 1
4244 1
4245 2830
4246 1
4247 1
4248 2832
4249 1
4250 1
4251 2834
4252 1
4253 1
4254 2836
4255 1
4256 1
4257 2838
4258 1
4259 1
4260 2840
4261 1
4262 1
4263 2842
4264 1
4265 1
4266 2844
4267 1
4268 1
4269 2846
4270 1
4271 1
4272 2848
4273 1
4274 1
4275 2850
4276 1
4277 1
4278 2852
4279 1
4280 1
4281 2854
4282 1
4283 1
4284 2856
4285 1
4286 1
4287 2858
4288 1
4289 1
4290 2860
4291 1
4292 1
4293 2862
4294 1
4295 1
4296 2864
4297 1
4298 1
4299 2866
4300 1
4301 1
4302 2868
4303 1
4304 1
4305 2870
4306 1
4307 1
4308 2872
4309 1
4310 1
4311 2874
4312 1
4313 1
4314 2876
4315 1
4316 1
4317 2878
4318 1
4319 1
4320 2880
4321 1
4322 1
4323 2882
4324 1
4325 1
4326 2884
4327 1
4328 1
4329 2886
4330 1
4331 1
4332 2888
4333 1
4334 1
4335 2890
4336 1
4337 1
4338 2892
4339 1
4340 1
4341 2894
4342 1
4343 1
4344 2896
4345 1
4346 1
4347 2898
4348 1
4349 1
4350 2900
4351 1
4352 1
4353 2902
4354 1
4355 1
4356 2904
4357 1
4358 1
4359 2906
4360 1
4361 1
4362 2908
4363 1
4364 1
4365 2910
4366 1
4367 1
4368 2912
4369 1
4370 1
4371 2914
4372 1
4373 1
4374 2916
4375 1
4376 1
4377 2918
4378 1
4379 1
4380 2920
4381 1
4382 1
4383 2922
4384 1
4385 1
4386 2924
4387 1
4388 1
4389 2926
4390 1
4391 1
4392 2928
4393 1
4394 1
4395 2930
4396 1
4397 1
4398 2932
4399 1
4400 1
4401 2934
4402 1
4403 1
4404 2936
4405 1
4406 1
4407 2938
4408 1
4409 1
4410 2940
4411 1
4412 1
4413 2942
4414 1
4415 1
4416 2944
4417 1
4418 1
4419 2946
4420 1
4421 1
4422 2948
4423 1
4424 1
4425 2950
4426 1
4427 1
4428 2952
4429 1
4430 1
4431 2954
4432 1
4433 1
4434 2956
4435 1
4436 1
4437 2958
4438 1
4439 1
4440 2960
4441 1
4442 1
4443 2962
4444 1
4445 1
4446 2964
4447 1
4448 1
4449 2966
4450 1
4451 1
4452 2968
4453 1
4454 1
4455 2970
4456 1
4457 1
4458 2972
4459 1
4460 1
4461 2974
4462 1
4463 1
4464 2976
4465 1
4466 1
4467 2978
4468 1
4469 1
4470 2980
4471 1
4472 1
4473 2982
4474 1
4475 1
4476 2984
4477 1
4478 1
4479 2986
4480 1
4481 1
4482 2988
4483 1
4484 1
4485 2990
4486 1
4487 1
4488 2992
4489 1
4490 1
4491 2994
4492 1
4493 1
4494 2996
4495 1
4496 1
4497 2998
4498 1
4499 1
4500 3000
4501 1
4502 1
4503 3002
4504 1
4505 1
4506 3004
4507 1
4508 1
4509 3006
4510 1
4511 1
4512 3008
4513 1
4514 1
4515 3010
4516 1
4517 1
4518 3012
4519 1
4520 1
4521 3014
4522 1
4523 1
4524 3016
4525 1
4526 1
4527 3018
4528 1
4529 1
4530 3020
4531 1
4532 1
4533 3022
4534 1
4535 1
4536 3024
4537 1
4538 1
4539 3026
4540 1
4541 1
4542 3028
4543 1
4544 1
4545 3030
4546 1
4547 1
4548 3032
4549 1
4550 1
4551 3034
4552 1
4553 1
4554 3036
4555 1
4556 1
4557 3038
4558 1
4559 1
4560 3040
4561 1
4562 1
4563 3042
4564 1
4565 1
4566 3044
4567 1
4568 1
4569 3046
4570 1
4571 1
4572 3048
4573 1
4574 1
4575 3050
4576 1
4577 1
4578 3052
4579 1
4580 1
4581 3054
4582 1
4583 1
4584 3056
4585 1
4586 1
4587 3058
4588 1
4589 1
4590 3060
4591 1
4592 1
4593 3062
4594 1
4595 1
4596 3064
4597 1
4598 1
4599 3066
4600 1
4601 1
4602 3068
4603 1
4604 1
4605 3070
4606 1
4607 1
4608 3072
4609 1
4610 1
4611 3074
4612 1
4613 1
4614 3076
4615 1
4616 1
4617 3078
4618 1
4619 1
4620 3080
4621 1
4622 1
4623 3082
4624 1
4625 1
4626 3084
4627 1
4628 1
4629 3086
4630 1
4631 1
4632 3088
4633 1
4634 1
4635 3090
4636 1
4637 1
4638 3092
4639 1
4640 1
4641 3094
4642 1
4643 1
4644 3096
4645 1
4646 1
4647 3098
4648 1
4649 1
4650 3100
4651 1
4652 1
4653 3102
4654 1
4655 1
4656 3104
4657 1
4658 1
4659 3106
4660 1
4661 1
4662 3108
4663 1
4664 1
4665 3110
4666 1
4667 1
4668 3112
4669 1
4670 1
4671 3114
4672 1
4673 1
4674 3116
4675 1
4676 1
4677 3118
4678 1
4679 1
4680 3120
4681 1
4682 1
4683 3122
4684 1
4685 1
4686 3124
4687 1
4688 1
4689 3126
4690 1
4691 1
4692 3128
4693 1
4694 1
4695 3130
4696 1
4697 1
4698 3132
4699 1
4700 1
4701 3134
4702 1
4703 1
4704 3136
4705 1
4706 1
4707 3138
4708 1
4709 1
4710 3140
4711 1
4712 1
4713 3142
4714 1
4715 1
4716 3144
4717 1
4718 1
4719 3146
4720 1
4721 1
4722 3148
4723 1
4724 1
4725 3150
4726 1
4727 1
4728 3152
4729 1
4730 1
4731 3154
4732 1
4733 1
4734 3156
4735 1
4736 1
4737 3158
4738 1
4739 1
4740 3160
4741 1
4742 1
4743 3162
4744 1
4745 1
4746 3164
4747 1
4748 1
4749 3166
4750 1
4751 1
4752 3168
4753 1
4754 1
4755 3170
4756 1
4757 1
4758 3172
4759 1
4760 1
4761 3174
4762 1
4763 1
4764 3176
4765 1
4766 1
4767 3178
4768 1
4769 1
4770 3180
4771 1
4772 1
4773 3182
4774 1
4775 1
4776 3184
4777 1
4778 1
4779 3186
4780 1
4781 1
4782 3188
4783 1
4784 1
4785 3190
4786 1
4787 1
4788 3192
4789 1
4790 1
4791 3194
4792 1
4793 1
4794 3196
4795 1
4796 1
4797 3198
4798 1
4799 1
4800 3200
4801 1
4802 1
4803 3202
4804 1
4805 1
4806 3204
4807 1
4808 1
4809 3206
4810 1
4811 1
4812 3208
4813 1
4814 1
4815 3210
4816 1
4817 1
4818 3212
4819 1
4820 1
4821 3214
4822 1
4823 1
4824 3216
4825 1
4826 1
4827 3218
4828 1
4829 1
4830 3220
4831 1
4832 1
4833 3222
4834 1
4835 1
4836 3224
4837 1
4838 1
4839 3226
4840 1
4841 1
4842 3228
4843 1
4844 1
4845 3230
4846 1
4847 1
4848 3232
4849 1
4850 1
4851 3234
4852 1
4853 1
4854 3236
4855 1
4856 1
4857 3238
4858 1
4859 1
4860 3240
4861 1
4862 1
4863 3242
4864 1
4865 1
4866 3244
4867 1
4868 1
4869 3246
4870 1
4871 1
4872 3248
4873 1
4874 1
4875 3250
4876 1
4877 1
4878 3252
4879 1
4880 1
4881 3254
4882 1
4883 1
4884 3256
4885 1
4886 1
4887 3258
4888 1
4889 1
4890 3260
4891 1
4892 1
4893 3262
4894 1
4895 1
4896 3264
4897 1
4898 1
4899 3266
4900 1
4901 1
4902 3268
4903 1
4904 1
4905 3270
4906 1
4907 1
4908 3272
4909 1
4910 1
4911 3274
4912 1
4913 1
4914 3276
4915 1
4916 1
4917 3278
4918 1
4919 1
4920 3280
4921 1
4922 1
4923 3282
4924 1
4925 1
4926 3284
4927 1
4928 1
4929 3286
4930 1
4931 1
4932 3288
4933 1
4934 1
4935 3290
4936 1
4937 1
4938 3292
4939 1
4940 1
4941 3294
4942 1
4943 1
4944 3296
4945 1
4946 1
4947 3298
4948 1
4949 1
4950 3300
4951 1
4952 1
4953 3302
4954 1
4955 1
4956 3304
4957 1
4958 1
4959 3306
4960 1
4961 1
4962 3308
4963 1
4964 1
4965 3310
4966 1
4967 1
4968 3312
4969 1
4970 1
4971 3314
4972 1
4973 1
4974 3316
4975 1
4976 1
4977 3318
4978 1
4979 1
4980 3320
4981 1
4982 1
4983 3322
4984 1
4985 1
4986 3324
4987 1
4988 1
4989 3326
4990 1
4991 1
4992 3328
4993 1
4994 1
4995 3330
4996 1
4997 1
4998 3332
4999 1
5000 1
5001 3334
5002 1
5003 1
5004 3336
5005 1
5006 1
5007 3338
5008 1
5009 1
5010 3340
5011 1
5012 1
5013 3342
5014 1
5015 1
5016 3344
5017 1
5018 1
5019 3346
5020 1
5021 1
5022 3348
5023 1
5024 1
5025 3350
5026 1
5027 1
5028 3352
5029 1
5030 1
5031 3354
5032 1
5033 1
5034 3356
5035 1
5036 1
5037 3358
5038 1
5039 1
5040 3360
5041 1
5042 1
5043 3362
5044 1
5045 1
5046 3364
5047 1
5048 1
5049 3366
5050 1
5051 1
5052 3368
5053 1
5054 1
5055 3370
5056 1
5057 1
5058 3372
5059 1
5060 1
5061 3374
5062 1
5063 1
5064 3376
5065 1
5066 1
5067 3378
5068 1
5069 1
5070 3380
5071 1
5072 1
5073 3382
5074 1
5075 1
5076 3384
5077 1
5078 1
5079 3386
5080 1
5081 1
5082 3388
5083 1
5084 1
5085 3390
5086 1
5087 1
5088 3392
5089 1
5090 1
5091 3394
5092 1
5093 1
5094 3396
5095 1
5096 1
5097 3398
5098 1
5099 1
5100 3400
5101 1
5102 1
5103 3402
5104 1
5105 1
5106 3404
5107 1
5108 1
5109 3406
5110 1
5111 1
5112 3408
5113 1
5114 1
5115 3410
5116 1
5117 1
5118 3412
5119 1
5120 1
5121 3414
5122 1
5123 1
5124 3416
5125 1
5126 1
5127 3418
5128 1
5129 1
5130 3420
5131 1
5132 1
5133 3422
5134 1
5135 1
5136 3424
5137 1
5138 1
5139 3426
5140 1
5141 1
5142 3428
5143 1
5144 1
5145 3430
5146 1
5147 1
5148 3432
5149 1
5150 1
5151 3434
5152 1
5153 1
5154 3436
5155 1
5156 1
5157 3438
5158 1
5159 1
5160 3440
5161 1
5162 1
5163 3442
5164 1
5165 1
5166 3444
5167 1
5168 1
5169 3446
5170 1
5171 1
5172 3448
5173 1
5174 1
5175 3450
5176 1
5177 1
5178 3452
5179 1
5180 1
5181 3454
5182 1
5183 1
5184 3456
5185 1
5186 1
5187 3458
5188 1
5189 1
5190 3460
5191 1
5192 1
5193 3462
5194 1
5195 1
5196 3464
5197 1
5198 1
5199 3466
5200 1
5201 1
5202 3468
5203 1
5204 1
5205 3470
5206 1
5207 1
5208 3472
5209 1
5210 1
5211 3474
5212 1
5213 1
5214 3476
5215 1
5216 1
5217 3478
5218 1
5219 1
5220 3480
5221 1
5222 1
5223 3482
5224 1
5225 1
5226 3484
5227 1
5228 1
5229 3486
5230 1
5231 1
5232 3488
5233 1
5234 1
5235 3490
5236 1
5237 1
5238 3492
5239 1
5240 1
5241 3494
5242 1
5243 1
5244 3496
5245 1
5246 1
5247 3498
5248 1
5249 1
5250 3500
5251 1
5252 1
5253 3502
5254 1
5255 1
5256 3504
5257 1
5258 1
5259 3506
5260 1
5261 1
5262 3508
5263 1
5264 1
5265 3510
5266 1
5267 1
5268 3512
5269 1
5270 1
5271 3514
5272 1
5273 1
5274 3516
5275 1
5276 1
5277 3518
5278 1
5279 1
5280 3520
5281 1
5282 1
5283 3522
5284 1
5285 1
5286 3524
5287 1
5288 1
5289 3526
5290 1
5291 1
5292 3528
5293 1
5294 1
5295 3530
5296 1
5297 1
5298 3532
5299 1
5300 1
5301 3534
5302 1
5303 1
5304 3536
5305 1
5306 1
5307 3538
5308 1
5309 1
5310 3540
5311 1
5312 1
5313 3542
5314 1
5315 1
5316 3544
5317 1
5318 1
5319 3546
5320 1
5321 1
5322 3548
5323 1
5324 1
5325 3550
5326 1
5327 1
5328 3552
5329 1
5330 1
5331 3554
5332 1
5333 1
5334 3556
5335 1
5336 1
5337 3558
5338 1
5339 1
5340 3560
5341 1
5342 1
5343 3562
5344 1
5345 1
5346 3564
5347 1
5348 1
5349 3566
5350 1
5351 1
5352 3568
5353 1
5354 1
5355 3570
5356 1
5357 1
5358 3572
5359 1
5360 1
5361 3574
5362 1
5363 1
5364 3576
5365 1
5366 1
5367 3578
5368 1
5369 1
5370 3580
5371 1
5372 1
5373 3582
5374 1
5375 1
5376 3584
5377 1
5378 1
5379 3586
5380 1
5381 1
5382 3588
5383 1
5384 1
5385 3590
5386 1
5387 1
5388 3592
5389 1
5390 1
5391 3594
5392 1
5393 1
5394 3596
5395 1
5396 1
5397 3598
5398 1
5399 1
5400 3600
5401 1
5402 1
5403 3602
5404 1
5405 1
5406 3604
5407 1
5408 1
5409 3606
5410 1
5411 1
5412 3608
5413 1
5414 1
5415 3610
5416 1
5417 1
5418 3612
5419 1
5420 1
5421 3614
5422 1
5423 1
5424 3616
5425 1
5426 1
5427 3618
5428 1
5429 1
5430 3620
5431 1
5432 1
5433 3622
5434 1
5435 1
5436 3624
5437 1
5438 1
5439 3626
5440 1
5441 1
5442 3628
5443 1
5444 1
5445 3630
5446 1
5447 1
5448 3632
5449 1
5450 1
5451 3634
5452 1
5453 1
5454 3636
5455 1
5456 1
5457 3638
5458 1
5459 1
5460 3640
5461 1
5462 1
5463 3642
5464 1
5465 1
5466 3644
5467 1
5468 1
5469 3646
5470 1
5471 1
5472 3648
5473 1
5474 1
5475 3650
5476 1
5477 1
5478 3652
5479 1
5480 1
5481 3654
5482 1
5483 1
5484 3656
5485 1
5486 1
5487 3658
5488 1
5489 1
5490 3660
5491 1
5492 1
5493 3662
5494 1
5495 1
5496 3664
5497 1
5498 1
5499 3666
5500 1
5501 1
5502 3668
5503 1
5504 1
5505 3670
5506 1
5507 1
5508 3672
5509 1
5510 1
5511 3674
5512 1
5513 1
5514 3676
5515 1
5516 1
5517 3678
5518 1
5519 1
5520 3680
5521 1
5522 1
5523 3682
5524 1
5525 1
5526 3684
5527 1
5528 1
5529 3686
5530 1
5531 1
5532 3688
5533 1
5534 1
5535 3690
5536 1
5537 1
5538 3692
5539 1
5540 1
5541 3694
5542 1
5543 1
5544 3696
5545 1
5546 1
5547 3698
5548 1
5549 1
5550 3700
5551 1
5552 1
5553 3702
5554 1
5555 1
5556 3704
5557 1
5558 1
5559 3706
5560 1
5561 1
5562 3708
5563 1
5564 1
5565 3710
5566 1
5567 1
5568 3712
5569 1
5570 1
5571 3714
5572 1
5573 1
5574 3716
5575 1
5576 1
5577 3718
5578 1
5579 1
5580 3720
5581 1
5582 1
5583 3722
5584 1
5585 1
5586 3724
5587 1
5588 1
5589 3726
5590 1
5591 1
5592 3728
5593 1
5594 1
5595 3730
5596 1
5597 1
5598 3732
5599 1
5600 1
5601 3734
5602 1
5603 1
5604 3736
5605 1
5606 1
5607 3738
5608 1
5609 1
5610 3740
5611 1
5612 1
5613 3742
5614 1
5615 1
5616 3744
5617 1
5618 1
5619 3746
5620 1
5621 1
5622 3748
5623 1
5624 1
5625 3750
5626 1
5627 1
5628 3752
5629 1
5630 1
5631 3754
5632 1
5633 1
5634 3756
5635 1
5636 1
5637 3758
5638 1
5639 1
5640 3760
5641 1
5642 1
5643 3762
5644 1
5645 1
5646 3764
5647 1
5648 1
5649 3766
5650 1
5651 1
5652 3768
5653 1
5654 1
5655 3770
5656 1
5657 1
5658 3772
5659 1
5660 1
5661 3774
5662 1
5663 1
5664 3776
5665 1
5666 1
5667 3778
5668 1
5669 1
5670 3780
5671 1
5672 1
5673 3782
5674 1
5675 1
5676 3784
5677 1
5678 1
5679 3786
5680 1
5681 1
5682 3788
5683 1
5684 1
5685 3790
5686 1
5687 1
5688 3792
5689 1
5690 1
5691 3794
5692 1
5693 1
5694 3796
5695 1
5696 1
5697 3798
5698 1
5699 1
5700 3800
5701 1
5702 1
5703 3802
5704 1
5705 1
5706 3804
5707 1
5708 1
5709 3806
5710 1
5711 1
5712 3808
5713 1
5714 1
5715 3810
5716 1
5717 1
5718 3812
5719 1
5720 1
5721 3814
5722 1
5723 1
5724 3816
5725 1
5726 1
5727 3818
5728 1
5729 1
5730 3820
5731 1
5732 1
5733 3822
5734 1
5735 1
5736 3824
5737 1
5738 1
5739 3826
5740 1
5741 1
5742 3828
5743 1
5744 1
5745 3830
5746 1
5747 1
5748 3832
5749 1
5750 1
5751 3834
5752 1
5753 1
5754 3836
5755 1
5756 1
5757 3838
5758 1
5759 1
5760 3840
5761 1
5762 1
5763 3842
5764 1
5765 1
5766 3844
5767 1
5768 1
5769 3846
5770 1
5771 1
5772 3848
5773 1
5774 1
5775 3850
5776 1
5777 1
5778 3852
5779 1
5780 1
5781 3854
5782 1
5783 1
5784 3856
5785 1
5786 1
5787 3858
5788 1
5789 1
5790 3860
5791 1
5792 1
5793 3862
5794 1
5795 1
5796 3864
5797 1
5798 1
5799 3866
5800 1
5801 1
5802 3868
5803 1
5804 1
5805 3870
5806 1
5807 1
5808 3872
5809 1
5810 1
5811 3874
5812 1
5813 1
5814 3876
5815 1
5816 1
5817 3878
5818 1
5819 1
5820 3880
5821 1
5822 1
5823 3882
5824 1
5825 1
5826 3884
5827 1
5828 1
5829 3886
5830 1
5831 1
5832 3888
5833 1
5834 1
5835 3890
5836 1
5837 1
5838 3892
5839 1
5840 1
5841 3894
5842 1
5843 1
5844 3896
5845 1
5846 1
5847 3898
5848 1
5849 1
5850 3900
5851 1
5852 1
5853 3902
5854 1
5855 1
5856 3904
5857 1
5858 1
5859 3906
5860 1
5861 1
5862 3908
5863 1
5864 1
5865 3910
5866 1
5867 1
5868 3912
5869 1
5870 1
5871 3914
5872 1
5873 1
5874 3916
5875 1
5876 1
5877 3918
5878 1
5879 1
5880 3920
5881 1
5882 1
5883 3922
5884 1
5885 1
5886 3924
5887 1
5888 1
5889 3926
5890 1
5891 1
5892 3928
5893 1
5894 1
5895 3930
5896 1
5897 1
5898 3932
5899 1
5900 1
5901 3934
5902 1
5903 1
5904 3936
5905 1
5906 1
5907 3938
5908 1
5909 1
5910 3940
5911 1
5912 1
5913 3942
5914 1
5915 1
5916 3944
5917 1
5918 1
5919 3946
5920 1
5921 1
5922 3948
5923 1
5924 1
5925 3950
5926 1
5927 1
5928 3952
5929 1
5930 1
5931 3954
5932 1
5933 1
5934 3956
5935 1
5936 1
5937 3958
5938 1
5939 1
5940 3960
5941 1
5942 1
5943 3962
5944 1
5945 1
5946 3964
5947 1
5948 1
5949 3966
5950 1
5951 1
5952 3968
5953 1
5954 1
5955 3970
5956 1
5957 1
5958 3972
5959 1
5960 1
5961 3974
5962 1
5963 1
5964 3976
5965 1
5966 1
5967 3978
5968 1
5969 1
5970 3980
5971 1
5972 1
5973 3982
5974 1
5975 1
5976 3984
5977 1
5978 1
5979 3986
5980 1
5981 1
5982 3988
5983 1
5984 1
5985 3990
5986 1
5987 1
5988 3992
5989 1
5990 1
5991 3994
5992 1
5993 1
5994 3996
5995 1
5996 1
5997 3998
5998 1
5999 1
6000 4000
6001 1
6002 1
6003 4002
6004 1
6005 1
6006 4004
6007 1
6008 1
6009 4006
6010 1
6011 1
6012 4008
6013 1
6014 1
6015 4010
6016 1
6017 1
6018 4012
6019 1
6020 1
6021 4014
6022 1
6023 1
6024 4016
6025 1
6026 1
6027 4018
6028 1
6029 1
6030 4020
6031 1
6032 1
6033 4022
6034 1
6035 1
6036 4024
6037 1
6038 1
6039 4026
6040 1
6041 1
6042 4028
6043 1
6044 1
6045 4030
6046 1
6047 1
6048 4032
6049 1
6050 1
6051 4034
6052 1
6053 1
6054 4036
6055 1
6056 1
6057 4038
6058 1
6059 1
6060 4040
6061 1
6062 1
6063 4042
6064 1
6065 1
6066 4044
6067 1
6068 1
6069 4046
6070 1
6071 1
6072 4048
6073 1
6074 1
6075 4050
6076 1
6077 1
6078 4052
6079 1
6080 1
6081 4054
6082 1
6083 1
6084 4056
6085 1
6086 1
6087 4058
6088 1
6089 1
6090 4060
6091 1
6092 1
6093 4062
6094 1
6095 1
6096 4064
6097 1
6098 1
6099 4066
6100 1
6101 1
6102 4068
6103 1
6104 1
6105 4070
6106 1
6107 1
6108 4072
6109 1
6110 1
6111 4074
6112 1
6113 1
6114 4076
6115 1
6116 1
6117 4078
6118 1
6119 1
6120 4080
6121 1
6122 1
6123 4082
6124 1
6125 1
6126 4084
6127 1
6128 1
6129 4086
6130 1
6131 1
6132 4088
6133 1
6134 1
6135 4090
6136 1
6137 1
6138 4092
6139 1
6140 1
6141 4094
6142 1
6143 1
6144 4096
6145 1
6146 1
6147 4098
6148 1
6149 1
6150 4100
6151 1
6152 1
6153 4102
6154 1
6155 1
6156 4104
6157 1
6158 1
6159 4106
6160 1
6161 1
6162 4108
6163 1
6164 1
6165 4110
6166 1
6167 1
6168 4112
6169 1
6170 1
6171 4114
6172 1
6173 1
6174 4116
6175 1
6176 1
6177 4118
6178 1
6179 1
6180 4120
6181 1
6182 1
6183 4122
6184 1
6185 1
6186 4124
6187 1
6188 1
6189 4126
6190 1
6191 1
6192 4128
6193 1
6194 1
6195 4130
6196 1
6197 1
6198 4132
6199 1
6200 1
6201 4134
6202 1
6203 1
6204 4136
6205 1
6206 1
6207 4138
6208 1
6209 1
6210 4140
6211 1
6212 1
6213 4142
6214 1
6215 1
6216 4144
6217 1
6218 1
6219 4146
6220 1
6221 1
6222 4148
6223 1
6224 1
6225 4150
6226 1
6227 1
6228 4152
6229 1
6230 1
6231 4154
6232 1
6233 1
6234 4156
6235 1
6236 1
6237 4158
6238 1
6239 1
6240 4160
6241 1
6242 1
6243 4162
6244 1
6245 1
6246 4164
6247 1
6248 1
6249 4166
6250 1
6251 1
6252 4168
6253 1
6254 1
6255 4170
6256 1
6257 1
6258 4172
6259 1
6260 1
6261 4174
6262 1
6263 1
6264 4176
6265 1
6266 1
6267 4178
6268 1
6269 1
6270 4180
6271 1
6272 1
6273 4182
6274 1
6275 1
6276 4184
6277 1
6278 1
6279 4186
6280 1
6281 1
6282 4188
6283 1
6284 1
6285 4190
6286 1
6287 1
6288 4192
6289 1
6290 1
6291 4194
6292 1
6293 1
6294 4196
6295 1
6296 1
6297 4198
6298 1
6299 1
6300 4200
6301 1
6302 1
6303 4202
6304 1
6305 1
6306 4204
6307 1
6308 1
6309 4206
6310 1
6311 1
6312 4208
6313 1
6314 1
6315 4210
6316 1
6317 1
6318 4212
6319 1
6320 1
6321 4214
6322 1
6323 1
6324 4216
6325 1
6326 1
6327 4218
6328 1
6329 1
6330 4220
6331 1
6332 1
6333 4222
6334 1
6335 1
6336 4224
6337 1
6338 1
6339 4226
6340 1
6341 1
6342 4228
6343 1
6344 1
6345 4230
6346 1
6347 1
6348 4232
6349 1
6350 1
6351 4234
6352 1
6353 1
6354 4236
6355 1
6356 1
6357 4238
6358 1
6359 1
6360 4240
6361 1
6362 1
6363 4242
6364 1
6365 1
6366 4244
6367 1
6368 1
6369 4246
6370 1
6371 1
6372 4248
6373 1
6374 1
6375 4250
6376 1
6377 1
6378 4252
6379 1
6380 1
6381 4254
6382 1
6383 1
6384 4256
6385 1
6386 1
6387 4258
6388 1
6389 1
6390 4260
6391 1
6392 1
6393 4262
6394 1
6395 1
6396 4264
6397 1
6398 1
6399 4266
6400 1
6401 1
6402 4268
6403 1
6404 1
6405 4270
6406 1
6407 1
6408 4272
6409 1
6410 1
6411 4274
6412 1
6413 1
6414 4276
6415 1
6416 1
6417 4278
6418 1
6419 1
6420 4280
6421 1
6422 1
6423 4282
6424 1
6425 1
6426 4284
6427 1
6428 1
6429 4286
6430 1
6431 1
6432 4288
6433 1
6434 1
6435 4290
6436 1
6437 1
6438 4292
6439 1
6440 1
6441 4294
6442 1
6443 1
6444 4296
6445 1
6446 1
6447 4298
6448 1
6449 1
6450 4300
6451 1
6452 1
6453 4302
6454 1
6455 1
6456 4304
6457 1
6458 1
6459 4306
6460 1
6461 1
6462 4308
6463 1
6464 1
6465 4310
6466 1
6467 1
6468 4312
6469 1
6470 1
6471 4314
6472 1
6473 1
6474 4316
6475 1
6476 1
6477 4318
6478 1
6479 1
6480 4320
6481 1
6482 1
6483 4322
6484 1
6485 1
6486 4324
6487 1
6488 1
6489 4326
6490 1
6491 1
6492 4328
6493 1
6494 1
6495 4330
6496 1
6497 1
6498 4332
6499 1
6500 1
6501 4334
6502 1
6503 1
6504 4336
6505 1
6506 1
6507 4338
6508 1
6509 1
6510 4340
6511 1
6512 1
6513 4342
6514 1
6515 1
6516 4344
6517 1
6518 1
6519 4346
6520 1
6521 1
6522 4348
6523 1
6524 1
6525 4350
6526 1
6527 1
6528 4352
6529 1
6530 1
6531 4354
6532 1
6533 1
6534 4356
6535 1
6536 1
6537 4358
6538 1
6539 1
6540 4360
6541 1
6542 1
6543 4362
6544 1
6545 1
6546 4364
6547 1
6548 1
6549 4366
6550 1
6551 1
6552 4368
6553 1
6554 1
6555 4370
6556 1
6557 1
6558 4372
6559 1
6560 1
6561 4374
6562 1
6563 1
6564 4376
6565 1
6566 1
6567 4378
6568 1
6569 1
6570 4380
6571 1
6572 1
6573 4382
6574 1
6575 1
6576 4384
6577 1
6578 1
6579 4386
6580 1
6581 1
6582 4388
6583 1
6584 1
6585 4390
6586 1
6587 1
6588 4392
6589 1
6590 1
6591 4394
6592 1
6593 1
6594 4396
6595 1
6596 1
6597 4398
6598 1
6599 1
6600 4400
6601 1
6602 1
6603 4402
6604 1
6605 1
6606 4404
6607 1
6608 1
6609 4406
6610 1
6611 1
6612 4408
6613 1
6614 1
6615 4410
6616 1
6617 1
6618 4412
6619 1
6620 1
6621 4414
6622 1
6623 1
6624 4416
6625 1
6626 1
6627 4418
6628 1
6629 1
6630 4420
6631 1
6632 1
6633 4422
6634 1
6635 1
6636 4424
6637 1
6638 1
6639 4426
6640 1
6641 1
6642 4428
6643 1
6644 1
6645 4430
6646 1
6647 1
6648 4432
6649 1
6650 1
6651 4434
6652 1
6653 1
6654 4436
6655 1
6656 1
6657 4438
6658 1
6659 1
6660 4440
6661 1
6662 1
6663 4442
6664 1
6665 1
6666 4444
6667 1
6668 1
6669 4446
6670 1
6671 1
6672 4448
6673 1
6674 1
6675 4450
6676 1
6677 1
6678 4452
6679 1
6680 1
6681 4454
6682 1
6683 1
6684 4456
6685 1
6686 1
6687 4458
6688 1
6689 1
6690 4460
6691 1
6692 1
6693 4462
6694 1
6695 1
6696 4464
6697 1
6698 1
6699 4466
6700 1
6701 1
6702 4468
6703 1
6704 1
6705 4470
6706 1
6707 1
6708 4472
6709 1
6710 1
6711 4474
6712 1
6713 1
6714 4476
6715 1
6716 1
6717 4478
6718 1
6719 1
6720 4480
6721 1
6722 1
6723 4482
6724 1
6725 1
6726 4484
6727 1
6728 1
6729 4486
6730 1
6731 1
6732 4488
6733 1
6734 1
6735 4490
6736 1
6737 1
6738 4492
6739 1
6740 1
6741 4494
6742 1
6743 1
6744 4496
6745 1
6746 1
6747 4498
6748 1
6749 1
6750 4500
6751 1
6752 1
6753 4502
6754 1
6755 1
6756 4504
6757 1
6758 1
6759 4506
6760 1
6761 1
6762 4508
6763 1
6764 1
6765 4510
6766 1
6767 1
6768 4512
6769 1
6770 1
6771 4514
6772 1
6773 1
6774 4516
6775 1
6776 1
6777 4518
6778 1
6779 1
6780 4520
6781 1
6782 1
6783 4522
6784 1
6785 1
6786 4524
6787 1
6788 1
6789 4526
6790 1
6791 1
6792 4528
6793 1
6794 1
6795 4530
6796 1
6797 1
6798 4532
6799 1
6800 1
6801 4534
6802 1
6803 1
6804 4536
6805 1
6806 1
6807 4538
6808 1
6809 1
6810 4540
6811 1
6812 1
6813 4542
6814 1
6815 1
6816 4544
6817 1
6818 1
6819 4546
6820 1
6821 1
6822 4548
6823 1
6824 1
6825 4550
6826 1
6827 1
6828 4552
6829 1
6830 1
6831 4554
6832 1
6833 1
6834 4556
6835 1
6836 1
6837 4558
6838 1
6839 1
6840 4560
6841 1
6842 1
6843 4562
6844 1
6845 1
6846 4564
6847 1
6848 1
6849 4566
6850 1
6851 1
6852 4568
6853 1
6854 1
6855 4570
6856 1
6857 1
6858 4572
6859 1
6860 1
6861 4574
6862 1
6863 1
6864 4576
6865 1
6866 1
6867 4578
6868 1
6869 1
6870 4580
6871 1
6872 1
6873 4582
6874 1
6875 1
6876 4584
6877 1
6878 1
6879 4586
6880 1
6881 1
6882 4588
6883 1
6884 1
6885 4590
6886 1
6887 1
6888 4592
6889 1
6890 1
6891 4594
6892 1
6893 1
6894 4596
6895 1
6896 1
6897 4598
6898 1
6899 1
6900 4600
6901 1
6902 1
6903 4602
6904 1
6905 1
6906 4604
6907 1
6908 1
6909 4606
6910 1
6911 1
6912 4608
6913 1
6914 1
6915 4610
6916 1
6917 1
6918 4612
6919 1
6920 1
6921 4614
6922 1
6923 1
6924 4616
6925 1
6926 1
6927 4618
6928 1
6929 1
6930 4620
6931 1
6932 1
6933 4622
6934 1
6935 1
6936 4624
6937 1
6938 1
6939 4626
6940 1
6941 1
6942 4628
6943 1
6944 1
6945 4630
6946 1
6947 1
6948 4632
6949 1
6950 1
6951 4634
6952 1
6953 1
6954 4636
6955 1
6956 1
6957 4638
6958 1
6959 1
6960 4640
6961 1
6962 1
6963 4642
6964 1
6965 1
6966 4644
6967 1
6968 1
6969 4646
6970 1
6971 1
6972 4648
6973 1
6974 1
6975 4650
6976 1
6977 1
6978 4652
6979 1
6980 1
6981 4654
6982 1
6983 1
6984 4656
6985 1
6986 1
6987 4658
6988 1
6989 1
6990 4660
6991 1
6992 1
6993 4662
6994 1
6995 1
6996 4664
6997 1
6998 1
6999 4666
7000 1
7001 1
7002 4668
7003 1
7004 1
7005 4670
7006 1
7007 1
7008 4672
7009 1
7010 1
7011 4674
7012 1
7013 1
7014 4676
7015 1
7016 1
7017 4678
7018 1
7019 1
7020 4680
7021 1
7022 1
7023 4682
7024 1
7025 1
7026 4684
7027 1
7028 1
7029 4686
7030 1
7031 1
7032 4688
7033 1
7034 1
7035 4690
7036 1
7037 1
7038 4692
7039 1
7040 1
7041 4694
7042 1
7043 1
7044 4696
7045 1
7046 1
7047 4698
7048 1
7049 1
7050 4700
7051 1
7052 1
7053 4702
7054 1
7055 1
7056 4704
7057 1
7058 1
7059 4706
7060 1
7061 1
7062 4708
7063 1
7064 1
7065 4710
7066 1
7067 1
7068 4712
7069 1
7070 1
7071 4714
7072 1
7073 1
7074 4716
7075 1
7076 1
7077 4718
7078 1
7079 1
7080 4720
7081 1
7082 1
7083 4722
7084 1
7085 1
7086 4724
7087 1
7088 1
7089 4726
7090 1
7091 1
7092 4728
7093 1
7094 1
7095 4730
7096 1
7097 1
7098 4732
7099 1
7100 1
7101 4734
7102 1
7103 1
7104 4736
7105 1
7106 1
7107 4738
7108 1
7109 1
7110 4740
7111 1
7112 1
7113 4742
7114 1
7115 1
7116 4744
7117 1
7118 1
7119 4746
7120 1
7121 1
7122 4748
7123 1
7124 1
7125 4750
7126 1
7127 1
7128 4752
7129 1
7130 1
7131 4754
7132 1
7133 1
7134 4756
7135 1
7136 1
7137 4758
7138 1
7139 1
7140 4760
7141 1
7142 1
7143 4762
7144 1
7145 1
7146 4764
7147 1
7148 1
7149 4766
7150 1
7151 1
7152 4768
7153 1
7154 1
7155 4770
7156 1
7157 1
7158 4772
7159 1
7160 1
7161 4774
7162 1
7163 1
7164 4776
7165 1
7166 1
7167 4778
7168 1
7169 1
7170 4780
7171 1
7172 1
7173 4782
7174 1
7175 1
7176 4784
7177 1
7178 1
7179 4786
7180 1
7181 1
7182 4788
7183 1
7184 1
7185 4790
7186 1
7187 1
7188 4792
7189 1
7190 1
7191 4794
7192 1
7193 1
7194 4796
7195 1
7196 1
7197 4798
7198 1
7199 1
7200 4800
7201 1
7202 1
7203 4802
7204 1
7205 1
7206 4804
7207 1
7208 1
7209 4806
7210 1
7211 1
7212 4808
7213 1
7214 1
7215 4810
7216 1
7217 1
7218 4812
7219 1
7220 1
7221 4814
7222 1
7223 1
7224 4816
7225 1
7226 1
7227 4818
7228 1
7229 1
7230 4820
7231 1
7232 1
7233 4822
7234 1
7235 1
7236 4824
7237 1
7238 1
7239 4826
7240 1
7241 1
7242 4828
7243 1
7244 1
7245 4830
7246 1
7247 1
7248 4832
7249 1
7250 1
7251 4834
7252 1
7253 1
7254 4836
7255 1
7256 1
7257 4838
7258 1
7259 1
7260 4840
7261 1
7262 1
7263 4842
7264 1
7265 1
7266 4844
7267 1
7268 1
7269 4846
7270 1
7271 1
7272 4848
7273 1
7274 1
7275 4850
7276 1
7277 1
7278 4852
7279 1
7280 1
7281 4854
7282 1
7283 1
7284 4856
7285 1
7286 1
7287 4858
7288 1
7289 1
7290 4860
7291 1
7292 1
7293 4862
7294 1
7295 1
7296 4864
7297 1
7298 1
7299 4866
7300 1
7301 1
7302 4868
7303 1
7304 1
7305 4870
7306 1
7307 1
7308 4872
7309 1
7310 1
7311 4874
7312 1
7313 1
7314 4876
7315 1
7316 1
7317 4878
7318 1
7319 1
7320 4880
7321 1
7322 1
7323 4882
7324 1
7325 1
7326 4884
7327 1
7328 1
7329 4886
7330 1
7331 1
7332 4888
7333 1
7334 1
7335 4890
7336 1
7337 1
7338 4892
7339 1
7340 1
7341 4894
7342 1
7343 1
7344 4896
7345 1
7346 1
7347 4898
7348 1
7349 1
7350 4900
7351 1
7352 1
7353 4902
7354 1
7355 1
7356 4904
7357 1
7358 1
7359 4906
7360 1
7361 1
7362 4908
7363 1
7364 1
7365 4910
7366 1
7367 1
7368 4912
7369 1
7370 1
7371 4914
7372 1
7373 1
7374 4916
7375 1
7376 1
7377 4918
7378 1
7379 1
7380 4920
7381 1
7382 1
7383 4922
7384 1
7385 1
7386 4924
7387 1
7388 1
7389 4926
7390 1
7391 1
7392 4928
7393 1
7394 1
7395 4930
7396 1
7397 1
7398 4932
7399 1
7400 1
7401 4934
7402 1
7403 1
7404 4936
7405 1
7406 1
7407 4938
7408 1
7409 1
7410 4940
7411 1
7412 1
7413 4942
7414 1
7415 1
7416 4944
7417 1
7418 1
7419 4946
7420 1
7421 1
7422 4948
7423 1
7424 1
7425 4950
7426 1
7427 1
7428 4952
7429 1
7430 1
7431 4954
7432 1
7433 1
7434 4956
7435 1
7436 1
7437 4958
7438 1
7439 1
7440 4960
7441 1
7442 1
7443 4962
7444 1
7445 1
7446 4964
7447 1
7448 1
7449 4966
7450 1
7451 1
7452 4968
7453 1
7454 1
7455 4970
7456 1
7457 1
7458 4972
7459 1
7460 1
7461 4974
7462 1
7463 1
7464 4976
7465 1
7466 1
7467 4978
7468 1
7469 1
7470 4980
7471 1
7472 1
7473 4982
7474 1
7475 1
7476 4984
7477 1
7478 1
7479 4986
7480 1
7481 1
7482 4988
7483 1
7484 1
7485 4990
7486 1
7487 1
7488 4992
7489 1
7490 1
7491 4994
7492 1
7493 1
7494 4996
7495 1
7496 1
7497 4998
7498 1
7499 1
7500 5000
7501 1
7502 1
7503 5002
7504 1
7505 1
7506 5004
7507 1
7508 1
7509 5006
7510 1
7511 1
7512 5008
7513 1
7514 1
7515 5010
7516 1
7517 1
7518 5012
7519 1
7520 1
7521 5014
7522 1
7523 1
7524 5016
7525 1
7526 1
7527 5018
7528 1
7529 1
7530 5020
7531 1
7532 1
7533 5022
7534 1
7535 1
7536 5024
7537 1
7538 1
7539 5026
7540 1
7541 1
7542 5028
7543 1
7544 1
7545 5030
7546 1
7547 1
7548 5032
7549 1
7550 1
7551 5034
7552 1
7553 1
7554 5036
7555 1
7556 1
7557 5038
7558 1
7559 1
7560 5040
7561 1
7562 1
7563 5042
7564 1
7565 1
7566 5044
7567 1
7568 1
7569 5046
7570 1
7571 1
7572 5048
7573 1
7574 1
7575 5050
7576 1
7577 1
7578 5052
7579 1
7580 1
7581 5054
7582 1
7583 1
7584 5056
7585 1
7586 1
7587 5058
7588 1
7589 1
7590 5060
7591 1
7592 1
7593 5062
7594 1
7595 1
7596 5064
7597 1
7598 1
7599 5066
7600 1
7601 1
7602 5068
7603 1
7604 1
7605 5070
7606 1
7607 1
7608 5072
7609 1
7610 1
7611 5074
7612 1
7613 1
7614 5076
7615 1
7616 1
7617 5078
7618 1
7619 1
7620 5080
7621 1
7622 1
7623 5082
7624 1
7625 1
7626 5084
7627 1
7628 1
7629 5086
7630 1
7631 1
7632 5088
7633 1
7634 1
7635 5090
7636 1
7637 1
7638 5092
7639 1
7640 1
7641 5094
7642 1
7643 1
7644 5096
7645 1
7646 1
7647 5098
7648 1
7649 1
7650 5100
7651 1
7652 1
7653 5102
7654 1
7655 1
7656 5104
7657 1
7658 1
7659 5106
7660 1
7661 1
7662 5108
7663 1
7664 1
7665 5110
7666 1
7667 1
7668 5112
7669 1
7670 1
7671 5114
7672 1
7673 1
7674 5116
7675 1
7676 1
7677 5118
7678 1
7679 1
7680 5120
7681 1
7682 1
7683 5122
7684 1
7685 1
7686 5124
7687 1
7688 1
7689 5126
7690 1
7691 1
7692 5128
7693 1
7694 1
7695 5130
7696 1
7697 1
7698 5132
7699 1
7700 1
7701 5134
7702 1
7703 1
7704 5136
7705 1
7706 1
7707 5138
7708 1
7709 1
7710 5140
7711 1
7712 1
7713 5142
7714 1
7715 1
7716 5144
7717 1
7718 1
7719 5146
7720 1
7721 1
7722 5148
7723 1
7724 1
7725 5150
7726 1
7727 1
7728 5152
7729 1
7730 1
7731 5154
7732 1
7733 1
7734 5156
7735 1
7736 1
7737 5158
7738 1
7739 1
7740 5160
7741 1
7742 1
7743 5162
7744 1
7745 1
7746 5164
7747 1
7748 1
7749 5166
7750 1
7751 1
7752 5168
7753 1
7754 1
7755 5170
7756 1
7757 1
7758 5172
7759 1
7760 1
7761 5174
7762 1
7763 1
7764 5176
7765 1
7766 1
7767 5178
7768 1
7769 1
7770 5180
7771 1
7772 1
7773 5182
7774 1
7775 1
7776 5184
7777 1
7778 1
7779 5186
7780 1
7781 1
7782 5188
7783 1
7784 1
7785 5190
7786 1
7787 1
7788 5192
7789 1
7790 1
7791 5194
7792 1
7793 1
7794 5196
7795 1
7796 1
7797 5198
7798 1
7799 1
7800 5200
7801 1
7802 1
7803 5202
7804 1
7805 1
7806 5204
7807 1
7808 1
7809 5206
7810 1
7811 1
7812 5208
7813 1
7814 1
7815 5210
7816 1
7817 1
7818 5212
7819 1
7820 1
7821 5214
7822 1
7823 1
7824 5216
7825 1
7826 1
7827 5218
7828 1
7829 1
7830 5220
7831 1
7832 1
7833 5222
7834 1
7835 1
7836 5224
7837 1
7838 1
7839 5226
7840 1
7841 1
7842 5228
7843 1
7844 1
7845 5230
7846 1
7847 1
7848 5232
7849 1
7850 1
7851 5234
7852 1
7853 1
7854 5236
7855 1
7856 1
7857 5238
7858 1
7859 1
7860 5240
7861 1
7862 1
7863 5242
7864 1
7865 1
7866 5244
7867 1
7868 1
7869 5246
7870 1
7871 1
7872 5248
7873 1
7874 1
7875 5250
7876 1
7877 1
7878 5252
7879 1
7880 1
7881 5254
7882 1
7883 1
7884 5256
7885 1
7886 1
7887 5258
7888 1
7889 1
7890 5260
7891 1
7892 1
7893 5262
7894 1
7895 1
7896 5264
7897 1
7898 1
7899 5266
7900 1
7901 1
7902 5268
7903 1
7904 1
7905 5270
7906 1
7907 1
7908 5272
7909 1
7910 1
7911 5274
7912 1
7913 1
7914 5276
7915 1
7916 1
7917 5278
7918 1
7919 1
7920 5280
7921 1
7922 1
7923 5282
7924 1
7925 1
7926 5284
7927 1
7928 1
7929 5286
7930 1
7931 1
7932 5288
7933 1
7934 1
7935 5290
7936 1
7937 1
7938 5292
7939 1
7940 1
7941 5294
7942 1
7943 1
7944 5296
7945 1
7946 1
7947 5298
7948 1
7949 1
7950 5300
7951 1
7952 1
7953 5302
7954 1
7955 1
7956 5304
7957 1
7958 1
7959 5306
7960 1
7961 1
7962 5308
7963 1
7964 1
7965 5310
7966 1
7967 1
7968 5312
7969 1
7970 1
7971 5314
7972 1
7973 1
7974 5316
7975 1
7976 1
7977 5318
7978 1
7979 1
7980 5320
7981 1
7982 1
7983 5322
7984 1
7985 1
7986 5324
7987 1
7988 1
7989 5326
7990 1
7991 1
7992 5328
7993 1
7994 1
7995 5330
7996 1
7997 1
7998 5332
7999 1
8000 1
8001 5334
8002 1
8003 1
8004 5336
8005 1
8006 1
8007 5338
8008 1
8009 1
8010 5340
8011 1
8012 1
8013 5342
8014 1
8015 1
8016 5344
8017 1
8018 1
8019 5346
8020 1
8021 1
8022 5348
8023 1
8024 1
8025 5350
8026 1
8027 1
8028 5352
8029 1
8030 1
8031 5354
8032 1
8033 1
8034 5356
8035 1
8036 1
8037 5358
8038 1
8039 1
8040 5360
8041 1
8042 1
8043 5362
8044 1
8045 1
8046 5364
8047 1
8048 1
8049 5366
8050 1
8051 1
8052 5368
8053 1
8054 1
8055 5370
8056 1
8057 1
8058 5372
8059 1
8060 1
8061 5374
8062 1
8063 1
8064 5376
8065 1
8066 1
8067 5378
8068 1
8069 1
8070 5380
8071 1
8072 1
8073 5382
8074 1
8075 1
8076 5384
8077 1
8078 1
8079 5386
8080 1
8081 1
8082 5388
8083 1
8084 1
8085 5390
8086 1
8087 1
8088 5392
8089 1
8090 1
8091 5394
8092 1
8093 1
8094 5396
8095 1
8096 1
8097 5398
8098 1
8099 1
8100 5400
8101 1
8102 1
8103 5402
8104 1
8105 1
8106 5404
8107 1
8108 1
8109 5406
8110 1
8111 1
8112 5408
8113 1
8114 1
8115 5410
8116 1
8117 1
8118 5412
8119 1
8120 1
8121 5414
8122 1
8123 1
8124 5416
8125 1
8126 1
8127 5418
8128 1
8129 1
8130 5420
8131 1
8132 1
8133 5422
8134 1
8135 1
8136 5424
8137 1
8138 1
8139 5426
8140 1
8141 1
8142 5428
8143 1
8144 1
8145 5430
8146 1
8147 1
8148 5432
8149 1
8150 1
8151 5434
8152 1
8153 1
8154 5436
8155 1
8156 1
8157 5438
8158 1
8159 1
8160 5440
8161 1
8162 1
8163 5442
8164 1
8165 1
8166 5444
8167 1
8168 1
8169 5446
8170 1
8171 1
8172 5448
8173 1
8174 1
8175 5450
8176 1
8177 1
8178 5452
8179 1
8180 1
8181 5454
8182 1
8183 1
8184 5456
8185 1
8186 1
8187 5458
8188 1
8189 1
8190 5460
8191 1
8192 1
8193 5462
8194 1
8195 1
8196 5464
8197 1
8198 1
8199 5466
8200 1
8201 1
8202 5468
8203 1
8204 1
8205 5470
8206 1
8207 1
8208 5472
8209 1
8210 1
8211 5474
8212 1
8213 1
8214 5476
8215 1
8216 1
8217 5478
8218 1
8219 1
8220 5480
8221 1
8222 1
8223 5482
8224 1
8225 1
8226 5484
8227 1
8228 1
8229 5486
8230 1
8231 1
8232 5488
8233 1
8234 1
8235 5490
8236 1
8237 1
8238 5492
8239 1
8240 1
8241 5494
8242 1
8243 1
8244 5496
8245 1
8246 1
8247 5498
8248 1
8249 1
8250 5500
8251 1
8252 1
8253 5502
8254 1
8255 1
8256 5504
8257 1
8258 1
8259 5506
8260 1
8261 1
8262 5508
8263 1
8264 1
8265 5510
8266 1
8267 1
8268 5512
8269 1
8270 1
8271 5514
8272 1
8273 1
8274 5516
8275 1
8276 1
8277 5518
8278 1
8279 1
8280 5520
8281 1
8282 1
8283 5522
8284 1
8285 1
8286 5524
8287 1
8288 1
8289 5526
8290 1
8291 1
8292 5528
8293 1
8294 1
8295 5530
8296 1
8297 1
8298 5532
8299 1
8300 1
8301 5534
8302 1
8303 1
8304 5536
8305 1
8306 1
8307 5538
8308 1
8309 1
8310 5540
8311 1
8312 1
8313 5542
8314 1
8315 1
8316 5544
8317 1
8318 1
8319 5546
8320 1
8321 1
8322 5548
8323 1
8324 1
8325 5550
8326 1
8327 1
8328 5552
8329 1
8330 1
8331 5554
8332 1
8333 1
8334 5556
8335 1
8336 1
8337 5558
8338 1
8339 1
8340 5560
8341 1
8342 1
8343 5562
8344 1
8345 1
8346 5564
8347 1
8348 1
8349 5566
8350 1
8351 1
8352 5568
8353 1
8354 1
8355 5570
8356 1
8357 1
8358 5572
8359 1
8360 1
8361 5574
8362 1
8363 1
8364 5576
8365 1
8366 1
8367 5578
8368 1
8369 1
8370 5580
8371 1
8372 1
8373 5582
8374 1
8375 1
8376 5584
8377 1
8378 1
8379 5586
8380 1
8381 1
8382 5588
8383 1
8384 1
8385 5590
8386 1
8387 1
8388 5592
8389 1
8390 1
8391 5594
8392 1
8393 1
8394 5596
8395 1
8396 1
8397 5598
8398 1
8399 1
8400 5600
8401 1
8402 1
8403 5602
8404 1
8405 1
8406 5604
8407 1
8408 1
8409 5606
8410 1
8411 1
8412 5608
8413 1
8414 1
8415 5610
8416 1
8417 1
8418 5612
8419 1
8420 1
8421 5614
8422 1
8423 1
8424 5616
8425 1
8426 1
8427 5618
8428 1
8429 1
8430 5620
8431 1
8432 1
8433 5622
8434 1
8435 1
8436 5624
8437 1
8438 1
8439 5626
8440 1
8441 1
8442 5628
8443 1
8444 1
8445 5630
8446 1
8447 1
8448 5632
8449 1
8450 1
8451 5634
8452 1
8453 1
8454 5636
8455 1
8456 1
8457 5638
8458 1
8459 1
8460 5640
8461 1
8462 1
8463 5642
8464 1
8465 1
8466 5644
8467 1
8468 1
8469 5646
8470 1
8471 1
8472 5648
8473 1
8474 1
8475 5650
8476 1
8477 1
8478 5652
8479 1
8480 1
8481 5654
8482 1
8483 1
8484 5656
8485 1
8486 1
8487 5658
8488 1
8489 1
8490 5660
8491 1
8492 1
8493 5662
8494 1
8495 1
8496 5664
8497 1
8498 1
8499 5666
8500 1
8501 1
8502 5668
8503 1
8504 1
8505 5670
8506 1
8507 1
8508 5672
8509 1
8510 1
8511 5674
8512 1
8513 1
8514 5676
8515 1
8516 1
8517 5678
8518 1
8519 1
8520 5680
8521 1
8522 1
8523 5682
8524 1
8525 1
8526 5684
8527 1
8528 1
8529 5686
8530 1
8531 1
8532 5688
8533 1
8534 1
8535 5690
8536 1
8537 1
8538 5692
8539 1
8540 1
8541 5694
8542 1
8543 1
8544 5696
8545 1
8546 1
8547 5698
8548 1
8549 1
8550 5700
8551 1
8552 1
8553 5702
8554 1
8555 1
8556 5704
8557 1
8558 1
8559 5706
8560 1
8561 1
8562 5708
8563 1
8564 1
8565 5710
8566 1
8567 1
8568 5712
8569 1
8570 1
8571 5714
8572 1
8573 1
8574 5716
8575 1
8576 1
8577 5718
8578 1
8579 1
8580 5720
8581 1
8582 1
8583 5722
8584 1
8585 1
8586 5724
8587 1
8588 1
8589 5726
8590 1
8591 1
8592 5728
8593 1
8594 1
8595 5730
8596 1
8597 1
8598 5732
8599 1
8600 1
8601 5734
8602 1
8603 1
8604 5736
8605 1
8606 1
8607 5738
8608 1
8609 1
8610 5740
8611 1
8612 1
8613 5742
8614 1
8615 1
8616 5744
8617 1
8618 1
8619 5746
8620 1
8621 1
8622 5748
8623 1
8624 1
8625 5750
8626 1
8627 1
8628 5752
8629 1
8630 1
8631 5754
8632 1
8633 1
8634 5756
8635 1
8636 1
8637 5758
8638 1
8639 1
8640 5760
8641 1
8642 1
8643 5762
8644 1
8645 1
8646 5764
8647 1
8648 1
8649 5766
8650 1
8651 1
8652 5768
8653 1
8654 1
8655 5770
8656 1
8657 1
8658 5772
8659 1
8660 1
8661 5774
8662 1
8663 1
8664 5776
8665 1
8666 1
8667 5778
8668 1
8669 1
8670 5780
8671 1
8672 1
8673 5782
8674 1
8675 1
8676 5784
8677 1
8678 1
8679 5786
8680 1
8681 1
8682 5788
8683 1
8684 1
8685 5790
8686 1
8687 1
8688 5792
8689 1
8690 1
8691 5794
8692 1
8693 1
8694 5796
8695 1
8696 1
8697 5798
8698 1
8699 1
8700 5800
8701 1
8702 1
8703 5802
8704 1
8705 1
8706 5804
8707 1
8708 1
8709 5806
8710 1
8711 1
8712 5808
8713 1
8714 1
8715 5810
8716 1
8717 1
8718 5812
8719 1
8720 1
8721 5814
8722 1
8723 1
8724 5816
8725 1
8726 1
8727 5818
8728 1
8729 1
8730 5820
8731 1
8732 1
8733 5822
8734 1
8735 1
8736 5824
8737 1
8738 1
8739 5826
8740 1
8741 1
8742 5828
8743 1
8744 1
8745 5830
8746 1
8747 1
8748 5832
8749 1
8750 1
8751 5834
8752 1
8753 1
8754 5836
8755 1
8756 1
8757 5838
8758 1
8759 1
8760 5840
8761 1
8762 1
8763 5842
8764 1
8765 1
8766 5844
8767 1
8768 1
8769 5846
8770 1
8771 1
8772 5848
8773 1
8774 1
8775 5850
8776 1
8777 1
8778 5852
8779 1
8780 1
8781 5854
8782 1
8783 1
8784 5856
8785 1
8786 1
8787 5858
8788 1
8789 1
8790 5860
8791 1
8792 1
8793 5862
8794 1
8795 1
8796 5864
8797 1
8798 1
8799 5866
8800 1
8801 1
8802 5868
8803 1
8804 1
8805 5870
8806 1
8807 1
8808 5872
8809 1
8810 1
8811 5874
8812 1
8813 1
8814 5876
8815 1
8816 1
8817 5878
8818 1
8819 1
8820 5880
8821 1
8822 1
8823 5882
8824 1
8825 1
8826 5884
8827 1
8828 1
8829 5886
8830 1
8831 1
8832 5888
8833 1
8834 1
8835 5890
8836 1
8837 1
8838 5892
8839 1
8840 1
8841 5894
8842 1
8843 1
8844 5896
8845 1
8846 1
8847 5898
8848 1
8849 1
8850 5900
8851 1
8852 1
8853 5902
8854 1
8855 1
8856 5904
8857 1
8858 1
8859 5906
8860 1
8861 1
8862 5908
8863 1
8864 1
8865 5910
8866 1
8867 1
8868 5912
8869 1
8870 1
8871 5914
8872 1
8873 1
8874 5916
8875 1
8876 1
8877 5918
8878 1
8879 1
8880 5920
8881 1
8882 1
8883 5922
8884 1
8885 1
8886 5924
8887 1
8888 1
8889 5926
8890 1
8891 1
8892 5928
8893 1
8894 1
8895 5930
8896 1
8897 1
8898 5932
8899 1
8900 1
8901 5934
8902 1
8903 1
8904 5936
8905 1
8906 1
8907 5938
8908 1
8909 1
8910 5940
8911 1
8912 1
8913 5942
8914 1
8915 1
8916 5944
8917 1
8918 1
8919 5946
8920 1
8921 1
8922 5948
8923 1
8924 1
8925 5950
8926 1
8927 1
8928 5952
8929 1
8930 1
8931 5954
8932 1
8933 1
8934 5956
8935 1
8936 1
8937 5958
8938 1
8939 1
8940 5960
8941 1
8942 1
8943 5962
8944 1
8945 1
8946 5964
8947 1
8948 1
8949 5966
8950 1
8951 1
8952 5968
8953 1
8954 1
8955 5970
8956 1
8957 1
8958 5972
8959 1
8960 1
8961 5974
8962 1
8963 1
8964 5976
8965 1
8966 1
8967 5978
8968 1
8969 1
8970 5980
8971 1
8972 1
8973 5982
8974 1
8975 1
8976 5984
8977 1
8978 1
8979 5986
8980 1
8981 1
8982 5988
8983 1
8984 1
8985 5990
8986 1
8987 1
8988 5992
8989 1
8990 1
8991 5994
8992 1
8993 1
8994 5996
8995 1
8996 1
8997 5998
8998 1
8999 1
9000 6000
9001 1
9002 1
9003 6002
9004 1
9005 1
9006 6004
9007 1
9008 1
9009 6006
9010 1
9011 1
9012 6008
9013 1
9014 1
9015 6010
9016 1
9017 1
9018 6012
9019 1
9020 1
9021 6014
9022 1
9023 1
9024 6016
9025 1
9026 1
9027 6018
9028 1
9029 1
9030 6020
9031 1
9032 1
9033 6022
9034 1
9035 1
9036 6024
9037 1
9038 1
9039 6026
9040 1
9041 1
9042 6028
9043 1
9044 1
9045 6030
9046 1
9047 1
9048 6032
9049 1
9050 1
9051 6034
9052 1
9053 1
9054 6036
9055 1
9056 1
9057 6038
9058 1
9059 1
9060 6040
9061 1
9062 1
9063 6042
9064 1
9065 1
9066 6044
9067 1
9068 1
9069 6046
9070 1
9071 1
9072 6048
9073 1
9074 1
9075 6050
9076 1
9077 1
9078 6052
9079 1
9080 1
9081 6054
9082 1
9083 1
9084 6056
9085 1
9086 1
9087 6058
9088 1
9089 1
9090 6060
9091 1
9092 1
9093 6062
9094 1
9095 1
9096 6064
9097 1
9098 1
9099 6066
9100 1
9101 1
9102 6068
9103 1
9104 1
9105 6070
9106 1
9107 1
9108 6072
9109 1
9110 1
9111 6074
9112 1
9113 1
9114 6076
9115 1
9116 1
9117 6078
9118 1
9119 1
9120 6080
9121 1
9122 1
9123 6082
9124 1
9125 1
9126 6084
9127 1
9128 1
9129 6086
9130 1
9131 1
9132 6088
9133 1
9134 1
9135 6090
9136 1
9137 1
9138 6092
9139 1
9140 1
9141 6094
9142 1
9143 1
9144 6096
9145 1
9146 1
9147 6098
9148 1
9149 1
9150 6100
9151 1
9152 1
9153 6102
9154 1
9155 1
9156 6104
9157 1
9158 1
9159 6106
9160 1
9161 1
9162 6108
9163 1
9164 1
9165 6110
9166 1
9167 1
9168 6112
9169 1
9170 1
9171 6114
9172 1
9173 1
9174 6116
9175 1
9176 1
9177 6118
9178 1
9179 1
9180 6120
9181 1
9182 1
9183 6122
9184 1
9185 1
9186 6124
9187 1
9188 1
9189 6126
9190 1
9191 1
9192 6128
9193 1
9194 1
9195 6130
9196 1
9197 1
9198 6132
9199 1
9200 1
9201 6134
9202 1
9203 1
9204 6136
9205 1
9206 1
9207 6138
9208 1
9209 1
9210 6140
9211 1
9212 1
9213 6142
9214 1
9215 1
9216 6144
9217 1
9218 1
9219 6146
9220 1
9221 1
9222 6148
9223 1
9224 1
9225 6150
9226 1
9227 1
9228 6152
9229 1
9230 1
9231 6154
9232 1
9233 1
9234 6156
9235 1
9236 1
9237 6158
9238 1
9239 1
9240 6160
9241 1
9242 1
9243 6162
9244 1
9245 1
9246 6164
9247 1
9248 1
9249 6166
9250 1
9251 1
9252 6168
9253 1
9254 1
9255 6170
9256 1
9257 1
9258 6172
9259 1
9260 1
9261 6174
9262 1
9263 1
9264 6176
9265 1
9266 1
9267 6178
9268 1
9269 1
9270 6180
9271 1
9272 1
9273 6182
9274 1
9275 1
9276 6184
9277 1
9278 1
9279 6186
9280 1
9281 1
9282 6188
9283 1
9284 1
9285 6190
9286 1
9287 1
9288 6192
9289 1
9290 1
9291 6194
9292 1
9293 1
9294 6196
9295 1
9296 1
9297 6198
9298 1
9299 1
9300 6200
9301 1
9302 1
9303 6202
9304 1
9305 1
9306 6204
9307 1
9308 1
9309 6206
9310 1
9311 1
9312 6208
9313 1
9314 1
9315 6210
9316 1
9317 1
9318 6212
9319 1
9320 1
9321 6214
9322 1
9323 1
9324 6216
9325 1
9326 1
9327 6218
9328 1
9329 1
9330 6220
9331 1
9332 1
9333 6222
9334 1
9335 1
9336 6224
9337 1
9338 1
9339 6226
9340 1
9341 1
9342 6228
9343 1
9344 1
9345 6230
9346 1
9347 1
9348 6232
9349 1
9350 1
9351 6234
9352 1
9353 1
9354 6236
9355 1
9356 1
9357 6238
9358 1
9359 1
9360 6240
9361 1
9362 1
9363 6242
9364 1
9365 1
9366 6244
9367 1
9368 1
9369 6246
9370 1
9371 1
9372 6248
9373 1
9374 1
9375 6250
9376 1
9377 1
9378 6252
9379 1
9380 1
9381 6254
9382 1
9383 1
9384 6256
9385 1
9386 1
9387 6258
9388 1
9389 1
9390 6260
9391 1
9392 1
9393 6262
9394 1
9395 1
9396 6264
9397 1
9398 1
9399 6266
9400 1
9401 1
9402 6268
9403 1
9404 1
9405 6270
9406 1
9407 1
9408 6272
9409 1
9410 1
9411 6274
9412 1
9413 1
9414 6276
9415 1
9416 1
9417 6278
9418 1
9419 1
9420 6280
9421 1
9422 1
9423 6282
9424 1
9425 1
9426 6284
9427 1
9428 1
9429 6286
9430 1
9431 1
9432 6288
9433 1
9434 1
9435 6290
9436 1
9437 1
9438 6292
9439 1
9440 1
9441 6294
9442 1
9443 1
9444 6296
9445 1
9446 1
9447 6298
9448 1
9449 1
9450 6300
9451 1
9452 1
9453 6302
9454 1
9455 1
9456 6304
9457 1
9458 1
9459 6306
9460 1
9461 1
9462 6308
9463 1
9464 1
9465 6310
9466 1
9467 1
9468 6312
9469 1
9470 1
9471 6314
9472 1
9473 1
9474 6316
9475 1
9476 1
9477 6318
9478 1
9479 1
9480 6320
9481 1
9482 1
9483 6322
9484 1
9485 1
9486 6324
9487 1
9488 1
9489 6326
9490 1
9491 1
9492 6328
9493 1
9494 1
9495 6330
9496 1
9497 1
9498 6332
9499 1
9500 1
9501 6334
9502 1
9503 1
9504 6336
9505 1
9506 1
9507 6338
9508 1
9509 1
9510 6340
9511 1
9512 1
9513 6342
9514 1
9515 1
9516 6344
9517 1
9518 1
9519 6346
9520 1
9521 1
9522 6348
9523 1
9524 1
9525 6350
9526 1
9527 1
9528 6352
9529 1
9530 1
9531 6354
9532 1
9533 1
9534 6356
9535 1
9536 1
9537 6358
9538 1
9539 1
9540 6360
9541 1
9542 1
9543 6362
9544 1
9545 1
9546 6364
9547 1
9548 1
9549 6366
9550 1
9551 1
9552 6368
9553 1
9554 1
9555 6370
9556 1
9557 1
9558 6372
9559 1
9560 1
9561 6374
9562 1
9563 1
9564 6376
9565 1
9566 1
9567 6378
9568 1
9569 1
9570 6380
9571 1
9572 1
9573 6382
9574 1
9575 1
9576 6384
9577 1
9578 1
9579 6386
9580 1
9581 1
9582 6388
9583 1
9584 1
9585 6390
9586 1
9587 1
9588 6392
9589 1
9590 1
9591 6394
9592 1
9593 1
9594 6396
9595 1
9596 1
9597 6398
9598 1
9599 1
9600 6400
9601 1
9602 1
9603 6402
9604 1
9605 1
9606 6404
9607 1
9608 1
9609 6406
9610 1
9611 1
9612 6408
9613 1
9614 1
9615 6410
9616 1
9617 1
9618 6412
9619 1
9620 1
9621 6414
9622 1
9623 1
9624 6416
9625 1
9626 1
9627 6418
9628 1
9629 1
9630 6420
9631 1
9632 1
9633 6422
9634 1
9635 1
9636 6424
9637 1
9638 1
9639 6426
9640 1
9641 1
9642 6428
9643 1
9644 1
9645 6430
9646 1
9647 1
9648 6432
9649 1
9650 1
9651 6434
9652 1
9653 1
9654 6436
9655 1
9656 1
9657 6438
9658 1
9659 1
9660 6440
9661 1
9662 1
9663 6442
9664 1
9665 1
9666 6444
9667 1
9668 1
9669 6446
9670 1
9671 1
9672 6448
9673 1
9674 1
9675 6450
9676 1
9677 1
9678 6452
9679 1
9680 1
9681 6454
9682 1
9683 1
9684 6456
9685 1
9686 1
9687 6458
9688 1
9689 1
9690 6460
9691 1
9692 1
9693 6462
9694 1
9695 1
9696 6464
9697 1
9698 1
9699 6466
9700 1
9701 1
9702 6468
9703 1
9704 1
9705 6470
9706 1
9707 1
9708 6472
9709 1
9710 1
9711 6474
9712 1
9713 1
9714 6476
9715 1
9716 1
9717 6478
9718 1
9719 1
9720 6480
9721 1
9722 1
9723 6482
9724 1
9725 1
9726 6484
9727 1
9728 1
9729 6486
9730 1
9731 1
9732 6488
9733 1
9734 1
9735 6490
9736 1
9737 1
9738 6492
9739 1
9740 1
9741 6494
9742 1
9743 1
9744 6496
9745 1
9746 1
9747 6498
9748 1
9749 1
9750 6500
9751 1
9752 1
9753 6502
9754 1
9755 1
9756 6504
9757 1
9758 1
9759 6506
9760 1
9761 1
9762 6508
9763 1
9764 1
9765 6510
9766 1
9767 1
9768 6512
9769 1
9770 1
9771 6514
9772 1
9773 1
9774 6516
9775 1
9776 1
9777 6518
9778 1
9779 1
9780 6520
9781 1
9782 1
9783 6522
9784 1
9785 1
9786 6524
9787 1
9788 1
9789 6526
9790 1
9791 1
9792 6528
9793 1
9794 1
9795 6530
9796 1
9797 1
9798 6532
9799 1
9800 1
9801 6534
9802 1
9803 1
9804 6536
9805 1
9806 1
9807 6538
9808 1
9809 1
9810 6540
9811 1
9812 1
9813 6542
9814 1
9815 1
9816 6544
9817 1
9818 1
9819 6546
9820 1
9821 1
9822 6548
9823 1
9824 1
9825 6550
9826 1
9827 1
9828 6552
9829 1
9830 1
9831 6554
9832 1
9833 1
9834 6556
9835 1
9836 1
9837 6558
9838 1
9839 1
9840 6560
9841 1
9842 1
9843 6562
9844 1
9845 1
9846 6564
9847 1
9848 1
9849 6566
9850 1
9851 1
9852 6568
9853 1
9854 1
9855 6570
9856 1
9857 1
9858 6572
9859 1
9860 1
9861 6574
9862 1
9863 1
9864 6576
9865 1
9866 1
9867 6578
9868 1
9869 1
9870 6580
9871 1
9872 1
9873 6582
9874 1
9875 1
9876 6584
9877 1
9878 1
9879 6586
9880 1
9881 1
9882 6588
9883 1
9884 1
9885 6590
9886 1
9887 1
9888 6592
9889 1
9890 1
9891 6594
9892 1
9893 1
9894 6596
9895 1
9896 1
9897 6598
9898 1
9899 1
9900 6600
9901 1
9902 1
9903 6602
9904 1
9905 1
9906 6604
9907 1
9908 1
9909 6606
9910 1
9911 1
9912 6608
9913 1
9914 1
9915 6610
9916 1
9917 1
9918 6612
9919 1
9920 1
9921 6614
9922 1
9923 1
9924 6616
9925 1
9926 1
9927 6618
9928 1
9929 1
9930 6620
9931 1
9932 1
9933 6622
9934 1
9935 1
9936 6624
9937 1
9938 1
9939 6626
9940 1
9941 1
9942 6628
9943 1
9944 1
9945 6630
9946 1
9947 1
9948 6632
9949 1
9950 1
9951 6634
9952 1
9953 1
9954 6636
9955 1
9956 1
9957 6638
9958 1
9959 1
9960 6640
9961 1
9962 1
9963 6642
9964 1
9965 1
9966 6644
9967 1
9968 1
9969 6646
9970 1
9971 1
9972 6648
9973 1
9974 1
9975 6650
9976 1
9977 1
9978 6652
9979 1
9980 1
9981 6654
9982 1
9983 1
9984 6656
9985 1
9986 1
9987 6658
9988 1
9989 1
9990 6660
9991 1
9992 1
9993 6662
9994 1
9995 1
9996 6664
9997 1
9998 1
9999 6666
10000 1







