1 1
2 1
3 2
4 2
5 3
6 4
7 4
8 4
9 5
10 6
11 7
12 7
13 8
14 8
15 8
16 8
17 9
18 10
19 11
20 12
21 12
22 13
23 14
24 14
25 15
26 15
27 15
28 16
29 16
30 16
31 16
32 16
33 17
34 18
35 19
36 20
37 21
38 21
39 22
40 23
41 24
42 24
43 25
44 26
45 26
46 27
47 27
48 27
49 28
50 29
51 29
52 30
53 30
54 30
55 31
56 31
57 31
58 31
59 32
60 32
61 32
62 32
63 32
64 32
65 33
66 34
67 35
68 36
69 37
70 38
71 38
72 39
73 40
74 41
75 42
76 42
77 43
78 44
79 45
80 45
81 46
82 47
83 47
84 48
85 48
86 48
87 49
88 50
89 51
90 51
91 52
92 53
93 53
94 54
95 54
96 54
97 55
98 56
99 56
100 57
101 57
102 57
103 58
104 58
105 58
106 58
107 59
108 60
109 60
110 61
111 61
112 61
113 62
114 62
115 62
116 62
117 63
118 63
119 63
120 63
121 63
122 64
123 64
124 64
125 64
126 64
127 64
128 64
129 65
130 66
131 67
132 68
133 69
134 70
135 71
136 71
137 72
138 73
139 74
140 75
141 76
142 76
143 77
144 78
145 79
146 80
147 80
148 81
149 82
150 83
151 83
152 84
153 85
154 85
155 86
156 86
157 86
158 87
159 88
160 89
161 90
162 90
163 91
164 92
165 93
166 93
167 94
168 95
169 95
170 96
171 96
172 96
173 97
174 98
175 99
176 99
177 100
178 101
179 101
180 102
181 102
182 102
183 103
184 104
185 104
186 105
187 105
188 105
189 106
190 106
191 106
192 106
193 107
194 108
195 109
196 109
197 110
198 111
199 111
200 112
201 112
202 112
203 113
204 114
205 114
206 115
207 115
208 115
209 116
210 116
211 116
212 116
213 117
214 118
215 118
216 119
217 119
218 119
219 120
220 120
221 120
222 120
223 121
224 121
225 121
226 121
227 121
228 122
229 123
230 123
231 124
232 124
233 124
234 125
235 125
236 125
237 125
238 126
239 126
240 126
241 126
242 126
243 127
244 127
245 127
246 127
247 127
248 127
249 128
250 128
251 128
252 128
253 128
254 128
255 128
256 128
257 129
258 130
259 131
260 132
261 133
262 134
263 135
264 136
265 136
266 137
267 138
268 139
269 140
270 141
271 142
272 142
273 143
274 144
275 145
276 146
277 147
278 147
279 148
280 149
281 150
282 151
283 151
284 152
285 153
286 154
287 154
288 155
289 156
290 156
291 157
292 157
293 157
294 158
295 159
296 160
297 161
298 162
299 162
300 163
301 164
302 165
303 166
304 166
305 167
306 168
307 169
308 169
309 170
310 171
311 171
312 172
313 172
314 172
315 173
316 174
317 175
318 176
319 176
320 177
321 178
322 179
323 179
324 180
325 181
326 181
327 182
328 182
329 182
330 183
331 184
332 185
333 185
334 186
335 187
336 187
337 188
338 188
339 188
340 189
341 190
342 190
343 191
344 191
345 191
346 192
347 192
348 192
349 192
350 193
351 194
352 195
353 196
354 196
355 197
356 198
357 199
358 199
359 200
360 201
361 201
362 202
363 202
364 202
365 203
366 204
367 205
368 205
369 206
370 207
371 207
372 208
373 208
374 208
375 209
376 210
377 210
378 211
379 211
380 211
381 212
382 212
383 212
384 212
385 213
386 214
387 215
388 215
389 216
390 217
391 217
392 218
393 218
394 218
395 219
396 220
397 220
398 221
399 221
400 221
401 222
402 222
403 222
404 222
405 223
406 224
407 224
408 225
409 225
410 225
411 226
412 226
413 226
414 226
415 227
416 227
417 227
418 227
419 227
420 228
421 229
422 230
423 230
424 231
425 232
426 232
427 233
428 233
429 233
430 234
431 235
432 235
433 236
434 236
435 236
436 237
437 237
438 237
439 237
440 238
441 239
442 239
443 240
444 240
445 240
446 241
447 241
448 241
449 241
450 242
451 242
452 242
453 242
454 242
455 243
456 244
457 244
458 245
459 245
460 245
461 246
462 246
463 246
464 246
465 247
466 247
467 247
468 247
469 247
470 248
471 248
472 248
473 248
474 248
475 248
476 249
477 250
478 250
479 251
480 251
481 251
482 252
483 252
484 252
485 252
486 253
487 253
488 253
489 253
490 253
491 254
492 254
493 254
494 254
495 254
496 254
497 255
498 255
499 255
500 255
501 255
502 255
503 255
504 256
505 256
506 256
507 256
508 256
509 256
510 256
511 256
512 256
513 257
514 258
515 259
516 260
517 261
518 262
519 263
520 264
521 265
522 265
523 266
524 267
525 268
526 269
527 270
528 271
529 272
530 272
531 273
532 274
533 275
534 276
535 277
536 278
537 278
538 279
539 280
540 281
541 282
542 283
543 283
544 284
545 285
546 286
547 287
548 287
549 288
550 289
551 290
552 290
553 291
554 292
555 292
556 293
557 293
558 293
559 294
560 295
561 296
562 297
563 298
564 299
565 299
566 300
567 301
568 302
569 303
570 304
571 304
572 305
573 306
574 307
575 308
576 308
577 309
578 310
579 311
580 311
581 312
582 313
583 313
584 314
585 314
586 314
587 315
588 316
589 317
590 318
591 319
592 319
593 320
594 321
595 322
596 323
597 323
598 324
599 325
600 326
601 326
602 327
603 328
604 328
605 329
606 329
607 329
608 330
609 331
610 332
611 333
612 333
613 334
614 335
615 336
616 336
617 337
618 338
619 338
620 339
621 339
622 339
623 340
624 341
625 342
626 342
627 343
628 344
629 344
630 345
631 345
632 345
633 346
634 347
635 347
636 348
637 348
638 348
639 349
640 349
641 349
642 349
643 350
644 351
645 352
646 353
647 354
648 354
649 355
650 356
651 357
652 358
653 358
654 359
655 360
656 361
657 361
658 362
659 363
660 363
661 364
662 364
663 364
664 365
665 366
666 367
667 368
668 368
669 369
670 370
671 371
672 371
673 372
674 373
675 373
676 374
677 374
678 374
679 375
680 376
681 377
682 377
683 378
684 379
685 379
686 380
687 380
688 380
689 381
690 382
691 382
692 383
693 383
694 383
695 384
696 384
697 384
698 384
699 385
700 386
701 387
702 388
703 388
704 389
705 390
706 391
707 391
708 392
709 393
710 393
711 394
712 394
713 394
714 395
715 396
716 397
717 397
718 398
719 399
720 399
721 400
722 400
723 400
724 401
725 402
726 402
727 403
728 403
729 403
730 404
731 404
732 404
733 404
734 405
735 406
736 407
737 407
738 408
739 409
740 409
741 410
742 410
743 410
744 411
745 412
746 412
747 413
748 413
749 413
750 414
751 414
752 414
753 414
754 415
755 416
756 416
757 417
758 417
759 417
760 418
761 418
762 418
763 418
764 419
765 419
766 419
767 419
768 419
769 420
770 421
771 422
772 423
773 423
774 424
775 425
776 426
777 426
778 427
779 428
780 428
781 429
782 429
783 429
784 430
785 431
786 432
787 432
788 433
789 434
790 434
791 435
792 435
793 435
794 436
795 437
796 437
797 438
798 438
799 438
800 439
801 439
802 439
803 439
804 440
805 441
806 442
807 442
808 443
809 444
810 444
811 445
812 445
813 445
814 446
815 447
816 447
817 448
818 448
819 448
820 449
821 449
822 449
823 449
824 450
825 451
826 451
827 452
828 452
829 452
830 453
831 453
832 453
833 453
834 454
835 454
836 454
837 454
838 454
839 455
840 456
841 457
842 457
843 458
844 459
845 459
846 460
847 460
848 460
849 461
850 462
851 462
852 463
853 463
854 463
855 464
856 464
857 464
858 464
859 465
860 466
861 466
862 467
863 467
864 467
865 468
866 468
867 468
868 468
869 469
870 469
871 469
872 469
873 469
874 470
875 471
876 471
877 472
878 472
879 472
880 473
881 473
882 473
883 473
884 474
885 474
886 474
887 474
888 474
889 475
890 475
891 475
892 475
893 475
894 475
895 476
896 477
897 478
898 478
899 479
900 480
901 480
902 481
903 481
904 481
905 482
906 483
907 483
908 484
909 484
910 484
911 485
912 485
913 485
914 485
915 486
916 487
917 487
918 488
919 488
920 488
921 489
922 489
923 489
924 489
925 490
926 490
927 490
928 490
929 490
930 491
931 492
932 492
933 493
934 493
935 493
936 494
937 494
938 494
939 494
940 495
941 495
942 495
943 495
944 495
945 496
946 496
947 496
948 496
949 496
950 496
951 497
952 498
953 498
954 499
955 499
956 499
957 500
958 500
959 500
960 500
961 501
962 501
963 501
964 501
965 501
966 502
967 502
968 502
969 502
970 502
971 502
972 503
973 503
974 503
975 503
976 503
977 503
978 503
979 504
980 505
981 505
982 506
983 506
984 506
985 507
986 507
987 507
988 507
989 508
990 508
991 508
992 508
993 508
994 509
995 509
996 509
997 509
998 509
999 509
1000 510
1001 510
1002 510
1003 510
1004 510
1005 510
1006 510
1007 511
1008 511
1009 511
1010 511
1011 511
1012 511
1013 511
1014 511
1015 512
1016 512
1017 512
1018 512
1019 512
1020 512
1021 512
1022 512
1023 512
1024 512
1025 513
1026 514
1027 515
1028 516
1029 517
1030 518
1031 519
1032 520
1033 521
1034 522
1035 522
1036 523
1037 524
1038 525
1039 526
1040 527
1041 528
1042 529
1043 530
1044 530
1045 531
1046 532
1047 533
1048 534
1049 535
1050 536
1051 537
1052 537
1053 538
1054 539
1055 540
1056 541
1057 542
1058 543
1059 543
1060 544
1061 545
1062 546
1063 547
1064 548
1065 548
1066 549
1067 550
1068 551
1069 552
1070 552
1071 553
1072 554
1073 555
1074 555
1075 556
1076 557
1077 557
1078 558
1079 558
1080 558
1081 559
1082 560
1083 561
1084 562
1085 563
1086 564
1087 565
1088 565
1089 566
1090 567
1091 568
1092 569
1093 570
1094 571
1095 571
1096 572
1097 573
1098 574
1099 575
1100 576
1101 576
1102 577
1103 578
1104 579
1105 580
1106 580
1107 581
1108 582
1109 583
1110 583
1111 584
1112 585
1113 585
1114 586
1115 586
1116 586
1117 587
1118 588
1119 589
1120 590
1121 591
1122 592
1123 592
1124 593
1125 594
1126 595
1127 596
1128 597
1129 597
1130 598
1131 599
1132 600
1133 601
1134 601
1135 602
1136 603
1137 604
1138 604
1139 605
1140 606
1141 606
1142 607
1143 607
1144 607
1145 608
1146 609
1147 610
1148 611
1149 612
1150 612
1151 613
1152 614
1153 615
1154 616
1155 616
1156 617
1157 618
1158 619
1159 619
1160 620
1161 621
1162 621
1163 622
1164 622
1165 622
1166 623
1167 624
1168 625
1169 626
1170 626
1171 627
1172 628
1173 629
1174 629
1175 630
1176 631
1177 631
1178 632
1179 632
1180 632
1181 633
1182 634
1183 635
1184 635
1185 636
1186 637
1187 637
1188 638
1189 638
1190 638
1191 639
1192 640
1193 640
1194 641
1195 641
1196 641
1197 642
1198 642
1199 642
1200 642
1201 643
1202 644
1203 645
1204 646
1205 647
1206 648
1207 648
1208 649
1209 650
1210 651
1211 652
1212 653
1213 653
1214 654
1215 655
1216 656
1217 657
1218 657
1219 658
1220 659
1221 660
1222 660
1223 661
1224 662
1225 662
1226 663
1227 663
1228 663
1229 664
1230 665
1231 666
1232 667
1233 668
1234 668
1235 669
1236 670
1237 671
1238 672
1239 672
1240 673
1241 674
1242 675
1243 675
1244 676
1245 677
1246 677
1247 678
1248 678
1249 678
1250 679
1251 680
1252 681
1253 682
1254 682
1255 683
1256 684
1257 685
1258 685
1259 686
1260 687
1261 687
1262 688
1263 688
1264 688
1265 689
1266 690
1267 691
1268 691
1269 692
1270 693
1271 693
1272 694
1273 694
1274 694
1275 695
1276 696
1277 696
1278 697
1279 697
1280 697
1281 698
1282 698
1283 698
1284 698
1285 699
1286 700
1287 701
1288 702
1289 703
1290 703
1291 704
1292 705
1293 706
1294 707
1295 707
1296 708
1297 709
1298 710
1299 710
1300 711
1301 712
1302 712
1303 713
1304 713
1305 713
1306 714
1307 715
1308 716
1309 717
1310 717
1311 718
1312 719
1313 720
1314 720
1315 721
1316 722
1317 722
1318 723
1319 723
1320 723
1321 724
1322 725
1323 726
1324 726
1325 727
1326 728
1327 728
1328 729
1329 729
1330 729
1331 730
1332 731
1333 731
1334 732
1335 732
1336 732
1337 733
1338 733
1339 733
1340 733
1341 734
1342 735
1343 736
1344 737
1345 737
1346 738
1347 739
1348 740
1349 740
1350 741
1351 742
1352 742
1353 743
1354 743
1355 743
1356 744
1357 745
1358 746
1359 746
1360 747
1361 748
1362 748
1363 749
1364 749
1365 749
1366 750
1367 751
1368 751
1369 752
1370 752
1371 752
1372 753
1373 753
1374 753
1375 753
1376 754
1377 755
1378 756
1379 756
1380 757
1381 758
1382 758
1383 759
1384 759
1385 759
1386 760
1387 761
1388 761
1389 762
1390 762
1391 762
1392 763
1393 763
1394 763
1395 763
1396 764
1397 765
1398 765
1399 766
1400 766
1401 766
1402 767
1403 767
1404 767
1405 767
1406 768
1407 768
1408 768
1409 768
1410 768
1411 769
1412 770
1413 771
1414 772
1415 773
1416 773
1417 774
1418 775
1419 776
1420 777
1421 777
1422 778
1423 779
1424 780
1425 780
1426 781
1427 782
1428 782
1429 783
1430 783
1431 783
1432 784
1433 785
1434 786
1435 787
1436 787
1437 788
1438 789
1439 790
1440 790
1441 791
1442 792
1443 792
1444 793
1445 793
1446 793
1447 794
1448 795
1449 796
1450 796
1451 797
1452 798
1453 798
1454 799
1455 799
1456 799
1457 800
1458 801
1459 801
1460 802
1461 802
1462 802
1463 803
1464 803
1465 803
1466 803
1467 804
1468 805
1469 806
1470 807
1471 807
1472 808
1473 809
1474 810
1475 810
1476 811
1477 812
1478 812
1479 813
1480 813
1481 813
1482 814
1483 815
1484 816
1485 816
1486 817
1487 818
1488 818
1489 819
1490 819
1491 819
1492 820
1493 821
1494 821
1495 822
1496 822
1497 822
1498 823
1499 823
1500 823
1501 823
1502 824
1503 825
1504 826
1505 826
1506 827
1507 828
1508 828
1509 829
1510 829
1511 829
1512 830
1513 831
1514 831
1515 832
1516 832
1517 832
1518 833
1519 833
1520 833
1521 833
1522 834
1523 835
1524 835
1525 836
1526 836
1527 836
1528 837
1529 837
1530 837
1531 837
1532 838
1533 838
1534 838
1535 838
1536 838
1537 839
1538 840
1539 841
1540 842
1541 842
1542 843
1543 844
1544 845
1545 845
1546 846
1547 847
1548 847
1549 848
1550 848
1551 848
1552 849
1553 850
1554 851
1555 851
1556 852
1557 853
1558 853
1559 854
1560 854
1561 854
1562 855
1563 856
1564 856
1565 857
1566 857
1567 857
1568 858
1569 858
1570 858
1571 858
1572 859
1573 860
1574 861
1575 861
1576 862
1577 863
1578 863
1579 864
1580 864
1581 864
1582 865
1583 866
1584 866
1585 867
1586 867
1587 867
1588 868
1589 868
1590 868
1591 868
1592 869
1593 870
1594 870
1595 871
1596 871
1597 871
1598 872
1599 872
1600 872
1601 872
1602 873
1603 873
1604 873
1605 873
1606 873
1607 874
1608 875
1609 876
1610 876
1611 877
1612 878
1613 878
1614 879
1615 879
1616 879
1617 880
1618 881
1619 881
1620 882
1621 882
1622 882
1623 883
1624 883
1625 883
1626 883
1627 884
1628 885
1629 885
1630 886
1631 886
1632 886
1633 887
1634 887
1635 887
1636 887
1637 888
1638 888
1639 888
1640 888
1641 888
1642 889
1643 890
1644 890
1645 891
1646 891
1647 891
1648 892
1649 892
1650 892
1651 892
1652 893
1653 893
1654 893
1655 893
1656 893
1657 894
1658 894
1659 894
1660 894
1661 894
1662 894
1663 895
1664 896
1665 897
1666 898
1667 898
1668 899
1669 900
1670 901
1671 901
1672 902
1673 903
1674 903
1675 904
1676 904
1677 904
1678 905
1679 906
1680 907
1681 907
1682 908
1683 909
1684 909
1685 910
1686 910
1687 910
1688 911
1689 912
1690 912
1691 913
1692 913
1693 913
1694 914
1695 914
1696 914
1697 914
1698 915
1699 916
1700 917
1701 917
1702 918
1703 919
1704 919
1705 920
1706 920
1707 920
1708 921
1709 922
1710 922
1711 923
1712 923
1713 923
1714 924
1715 924
1716 924
1717 924
1718 925
1719 926
1720 926
1721 927
1722 927
1723 927
1724 928
1725 928
1726 928
1727 928
1728 929
1729 929
1730 929
1731 929
1732 929
1733 930
1734 931
1735 932
1736 932
1737 933
1738 934
1739 934
1740 935
1741 935
1742 935
1743 936
1744 937
1745 937
1746 938
1747 938
1748 938
1749 939
1750 939
1751 939
1752 939
1753 940
1754 941
1755 941
1756 942
1757 942
1758 942
1759 943
1760 943
1761 943
1762 943
1763 944
1764 944
1765 944
1766 944
1767 944
1768 945
1769 946
1770 946
1771 947
1772 947
1773 947
1774 948
1775 948
1776 948
1777 948
1778 949
1779 949
1780 949
1781 949
1782 949
1783 950
1784 950
1785 950
1786 950
1787 950
1788 950
1789 951
1790 952
1791 953
1792 953
1793 954
1794 955
1795 955
1796 956
1797 956
1798 956
1799 957
1800 958
1801 958
1802 959
1803 959
1804 959
1805 960
1806 960
1807 960
1808 960
1809 961
1810 962
1811 962
1812 963
1813 963
1814 963
1815 964
1816 964
1817 964
1818 964
1819 965
1820 965
1821 965
1822 965
1823 965
1824 966
1825 967
1826 967
1827 968
1828 968
1829 968
1830 969
1831 969
1832 969
1833 969
1834 970
1835 970
1836 970
1837 970
1838 970
1839 971
1840 971
1841 971
1842 971
1843 971
1844 971
1845 972
1846 973
1847 973
1848 974
1849 974
1850 974
1851 975
1852 975
1853 975
1854 975
1855 976
1856 976
1857 976
1858 976
1859 976
1860 977
1861 977
1862 977
1863 977
1864 977
1865 977
1866 978
1867 978
1868 978
1869 978
1870 978
1871 978
1872 978
1873 979
1874 980
1875 981
1876 981
1877 982
1878 983
1879 983
1880 984
1881 984
1882 984
1883 985
1884 986
1885 986
1886 987
1887 987
1888 987
1889 988
1890 988
1891 988
1892 988
1893 989
1894 990
1895 990
1896 991
1897 991
1898 991
1899 992
1900 992
1901 992
1902 992
1903 993
1904 993
1905 993
1906 993
1907 993
1908 994
1909 995
1910 995
1911 996
1912 996
1913 996
1914 997
1915 997
1916 997
1917 997
1918 998
1919 998
1920 998
1921 998
1922 998
1923 999
1924 999
1925 999
1926 999
1927 999
1928 999
1929 1000
1930 1001
1931 1001
1932 1002
1933 1002
1934 1002
1935 1003
1936 1003
1937 1003
1938 1003
1939 1004
1940 1004
1941 1004
1942 1004
1943 1004
1944 1005
1945 1005
1946 1005
1947 1005
1948 1005
1949 1005
1950 1006
1951 1006
1952 1006
1953 1006
1954 1006
1955 1006
1956 1006
1957 1007
1958 1008
1959 1008
1960 1009
1961 1009
1962 1009
1963 1010
1964 1010
1965 1010
1966 1010
1967 1011
1968 1011
1969 1011
1970 1011
1971 1011
1972 1012
1973 1012
1974 1012
1975 1012
1976 1012
1977 1012
1978 1013
1979 1013
1980 1013
1981 1013
1982 1013
1983 1013
1984 1013
1985 1014
1986 1014
1987 1014
1988 1014
1989 1014
1990 1014
1991 1014
1992 1014
1993 1015
1994 1016
1995 1016
1996 1017
1997 1017
1998 1017
1999 1018
2000 1018
2001 1018
2002 1018
2003 1019
2004 1019
2005 1019
2006 1019
2007 1019
2008 1020
2009 1020
2010 1020
2011 1020
2012 1020
2013 1020
2014 1021
2015 1021
2016 1021
2017 1021
2018 1021
2019 1021
2020 1021
2021 1022
2022 1022
2023 1022
2024 1022
2025 1022
2026 1022
2027 1022
2028 1022
2029 1023
2030 1023
2031 1023
2032 1023
2033 1023
2034 1023
2035 1023
2036 1023
2037 1023
2038 1024
2039 1024
2040 1024
2041 1024
2042 1024
2043 1024
2044 1024
2045 1024
2046 1024
2047 1024
2048 1024
2049 1025
2050 1026
2051 1027
2052 1028
2053 1029
2054 1030
2055 1031
2056 1032
2057 1033
2058 1034
2059 1035
2060 1035
2061 1036
2062 1037
2063 1038
2064 1039
2065 1040
2066 1041
2067 1042
2068 1043
2069 1044
2070 1044
2071 1045
2072 1046
2073 1047
2074 1048
2075 1049
2076 1050
2077 1051
2078 1052
2079 1052
2080 1053
2081 1054
2082 1055
2083 1056
2084 1057
2085 1058
2086 1059
2087 1059
2088 1060
2089 1061
2090 1062
2091 1063
2092 1064
2093 1065
2094 1065
2095 1066
2096 1067
2097 1068
2098 1069
2099 1070
2100 1070
2101 1071
2102 1072
2103 1073
2104 1074
2105 1074
2106 1075
2107 1076
2108 1077
2109 1077
2110 1078
2111 1079
2112 1079
2113 1080
2114 1080
2115 1080
2116 1081
2117 1082
2118 1083
2119 1084
2120 1085
2121 1086
2122 1087
2123 1088
2124 1088
2125 1089
2126 1090
2127 1091
2128 1092
2129 1093
2130 1094
2131 1095
2132 1095
2133 1096
2134 1097
2135 1098
2136 1099
2137 1100
2138 1101
2139 1101
2140 1102
2141 1103
2142 1104
2143 1105
2144 1106
2145 1106
2146 1107
2147 1108
2148 1109
2149 1110
2150 1110
2151 1111
2152 1112
2153 1113
2154 1113
2155 1114
2156 1115
2157 1115
2158 1116
2159 1116
2160 1116
2161 1117
2162 1118
2163 1119
2164 1120
2165 1121
2166 1122
2167 1123
2168 1123
2169 1124
2170 1125
2171 1126
2172 1127
2173 1128
2174 1129
2175 1129
2176 1130
2177 1131
2178 1132
2179 1133
2180 1134
2181 1134
2182 1135
2183 1136
2184 1137
2185 1138
2186 1138
2187 1139
2188 1140
2189 1141
2190 1141
2191 1142
2192 1143
2193 1143
2194 1144
2195 1144
2196 1144
2197 1145
2198 1146
2199 1147
2200 1148
2201 1149
2202 1150
2203 1150
2204 1151
2205 1152
2206 1153
2207 1154
2208 1155
2209 1155
2210 1156
2211 1157
2212 1158
2213 1159
2214 1159
2215 1160
2216 1161
2217 1162
2218 1162
2219 1163
2220 1164
2221 1164
2222 1165
2223 1165
2224 1165
2225 1166
2226 1167
2227 1168
2228 1169
2229 1170
2230 1170
2231 1171
2232 1172
2233 1173
2234 1174
2235 1174
2236 1175
2237 1176
2238 1177
2239 1177
2240 1178
2241 1179
2242 1179
2243 1180
2244 1180
2245 1180
2246 1181
2247 1182
2248 1183
2249 1184
2250 1184
2251 1185
2252 1186
2253 1187
2254 1187
2255 1188
2256 1189
2257 1189
2258 1190
2259 1190
2260 1190
2261 1191
2262 1192
2263 1193
2264 1193
2265 1194
2266 1195
2267 1195
2268 1196
2269 1196
2270 1196
2271 1197
2272 1198
2273 1198
2274 1199
2275 1199
2276 1199
2277 1200
2278 1200
2279 1200
2280 1200
2281 1201
2282 1202
2283 1203
2284 1204
2285 1205
2286 1206
2287 1207
2288 1207
2289 1208
2290 1209
2291 1210
2292 1211
2293 1212
2294 1213
2295 1213
2296 1214
2297 1215
2298 1216
2299 1217
2300 1218
2301 1218
2302 1219
2303 1220
2304 1221
2305 1222
2306 1222
2307 1223
2308 1224
2309 1225
2310 1225
2311 1226
2312 1227
2313 1227
2314 1228
2315 1228
2316 1228
2317 1229
2318 1230
2319 1231
2320 1232
2321 1233
2322 1234
2323 1234
2324 1235
2325 1236
2326 1237
2327 1238
2328 1239
2329 1239
2330 1240
2331 1241
2332 1242
2333 1243
2334 1243
2335 1244
2336 1245
2337 1246
2338 1246
2339 1247
2340 1248
2341 1248
2342 1249
2343 1249
2344 1249
2345 1250
2346 1251
2347 1252
2348 1253
2349 1254
2350 1254
2351 1255
2352 1256
2353 1257
2354 1258
2355 1258
2356 1259
2357 1260
2358 1261
2359 1261
2360 1262
2361 1263
2362 1263
2363 1264
2364 1264
2365 1264
2366 1265
2367 1266
2368 1267
2369 1268
2370 1268
2371 1269
2372 1270
2373 1271
2374 1271
2375 1272
2376 1273
2377 1273
2378 1274
2379 1274
2380 1274
2381 1275
2382 1276
2383 1277
2384 1277
2385 1278
2386 1279
2387 1279
2388 1280
2389 1280
2390 1280
2391 1281
2392 1282
2393 1282
2394 1283
2395 1283
2396 1283
2397 1284
2398 1284
2399 1284
2400 1284
2401 1285
2402 1286
2403 1287
2404 1288
2405 1289
2406 1290
2407 1290
2408 1291
2409 1292
2410 1293
2411 1294
2412 1295
2413 1295
2414 1296
2415 1297
2416 1298
2417 1299
2418 1299
2419 1300
2420 1301
2421 1302
2422 1302
2423 1303
2424 1304
2425 1304
2426 1305
2427 1305
2428 1305
2429 1306
2430 1307
2431 1308
2432 1309
2433 1310
2434 1310
2435 1311
2436 1312
2437 1313
2438 1314
2439 1314
2440 1315
2441 1316
2442 1317
2443 1317
2444 1318
2445 1319
2446 1319
2447 1320
2448 1320
2449 1320
2450 1321
2451 1322
2452 1323
2453 1324
2454 1324
2455 1325
2456 1326
2457 1327
2458 1327
2459 1328
2460 1329
2461 1329
2462 1330
2463 1330
2464 1330
2465 1331
2466 1332
2467 1333
2468 1333
2469 1334
2470 1335
2471 1335
2472 1336
2473 1336
2474 1336
2475 1337
2476 1338
2477 1338
2478 1339
2479 1339
2480 1339
2481 1340
2482 1340
2483 1340
2484 1340
2485 1341
2486 1342
2487 1343
2488 1344
2489 1345
2490 1345
2491 1346
2492 1347
2493 1348
2494 1349
2495 1349
2496 1350
2497 1351
2498 1352
2499 1352
2500 1353
2501 1354
2502 1354
2503 1355
2504 1355
2505 1355
2506 1356
2507 1357
2508 1358
2509 1359
2510 1359
2511 1360
2512 1361
2513 1362
2514 1362
2515 1363
2516 1364
2517 1364
2518 1365
2519 1365
2520 1365
2521 1366
2522 1367
2523 1368
2524 1368
2525 1369
2526 1370
2527 1370
2528 1371
2529 1371
2530 1371
2531 1372
2532 1373
2533 1373
2534 1374
2535 1374
2536 1374
2537 1375
2538 1375
2539 1375
2540 1375
2541 1376
2542 1377
2543 1378
2544 1379
2545 1379
2546 1380
2547 1381
2548 1382
2549 1382
2550 1383
2551 1384
2552 1384
2553 1385
2554 1385
2555 1385
2556 1386
2557 1387
2558 1388
2559 1388
2560 1389
2561 1390
2562 1390
2563 1391
2564 1391
2565 1391
2566 1392
2567 1393
2568 1393
2569 1394
2570 1394
2571 1394
2572 1395
2573 1395
2574 1395
2575 1395
2576 1396
2577 1397
2578 1398
2579 1398
2580 1399
2581 1400
2582 1400
2583 1401
2584 1401
2585 1401
2586 1402
2587 1403
2588 1403
2589 1404
2590 1404
2591 1404
2592 1405
2593 1405
2594 1405
2595 1405
2596 1406
2597 1407
2598 1407
2599 1408
2600 1408
2601 1408
2602 1409
2603 1409
2604 1409
2605 1409
2606 1410
2607 1410
2608 1410
2609 1410
2610 1410
2611 1411
2612 1412
2613 1413
2614 1414
2615 1415
2616 1416
2617 1416
2618 1417
2619 1418
2620 1419
2621 1420
2622 1421
2623 1421
2624 1422
2625 1423
2626 1424
2627 1425
2628 1425
2629 1426
2630 1427
2631 1428
2632 1428
2633 1429
2634 1430
2635 1430
2636 1431
2637 1431
2638 1431
2639 1432
2640 1433
2641 1434
2642 1435
2643 1436
2644 1436
2645 1437
2646 1438
2647 1439
2648 1440
2649 1440
2650 1441
2651 1442
2652 1443
2653 1443
2654 1444
2655 1445
2656 1445
2657 1446
2658 1446
2659 1446
2660 1447
2661 1448
2662 1449
2663 1450
2664 1450
2665 1451
2666 1452
2667 1453
2668 1453
2669 1454
2670 1455
2671 1455
2672 1456
2673 1456
2674 1456
2675 1457
2676 1458
2677 1459
2678 1459
2679 1460
2680 1461
2681 1461
2682 1462
2683 1462
2684 1462
2685 1463
2686 1464
2687 1464
2688 1465
2689 1465
2690 1465
2691 1466
2692 1466
2693 1466
2694 1466
2695 1467
2696 1468
2697 1469
2698 1470
2699 1471
2700 1471
2701 1472
2702 1473
2703 1474
2704 1475
2705 1475
2706 1476
2707 1477
2708 1478
2709 1478
2710 1479
2711 1480
2712 1480
2713 1481
2714 1481
2715 1481
2716 1482
2717 1483
2718 1484
2719 1485
2720 1485
2721 1486
2722 1487
2723 1488
2724 1488
2725 1489
2726 1490
2727 1490
2728 1491
2729 1491
2730 1491
2731 1492
2732 1493
2733 1494
2734 1494
2735 1495
2736 1496
2737 1496
2738 1497
2739 1497
2740 1497
2741 1498
2742 1499
2743 1499
2744 1500
2745 1500
2746 1500
2747 1501
2748 1501
2749 1501
2750 1501
2751 1502
2752 1503
2753 1504
2754 1505
2755 1505
2756 1506
2757 1507
2758 1508
2759 1508
2760 1509
2761 1510
2762 1510
2763 1511
2764 1511
2765 1511
2766 1512
2767 1513
2768 1514
2769 1514
2770 1515
2771 1516
2772 1516
2773 1517
2774 1517
2775 1517
2776 1518
2777 1519
2778 1519
2779 1520
2780 1520
2781 1520
2782 1521
2783 1521
2784 1521
2785 1521
2786 1522
2787 1523
2788 1524
2789 1524
2790 1525
2791 1526
2792 1526
2793 1527
2794 1527
2795 1527
2796 1528
2797 1529
2798 1529
2799 1530
2800 1530
2801 1530
2802 1531
2803 1531
2804 1531
2805 1531
2806 1532
2807 1533
2808 1533
2809 1534
2810 1534
2811 1534
2812 1535
2813 1535
2814 1535
2815 1535
2816 1536
2817 1536
2818 1536
2819 1536
2820 1536
2821 1537
2822 1538
2823 1539
2824 1540
2825 1541
2826 1541
2827 1542
2828 1543
2829 1544
2830 1545
2831 1545
2832 1546
2833 1547
2834 1548
2835 1548
2836 1549
2837 1550
2838 1550
2839 1551
2840 1551
2841 1551
2842 1552
2843 1553
2844 1554
2845 1555
2846 1555
2847 1556
2848 1557
2849 1558
2850 1558
2851 1559
2852 1560
2853 1560
2854 1561
2855 1561
2856 1561
2857 1562
2858 1563
2859 1564
2860 1564
2861 1565
2862 1566
2863 1566
2864 1567
2865 1567
2866 1567
2867 1568
2868 1569
2869 1569
2870 1570
2871 1570
2872 1570
2873 1571
2874 1571
2875 1571
2876 1571
2877 1572
2878 1573
2879 1574
2880 1575
2881 1575
2882 1576
2883 1577
2884 1578
2885 1578
2886 1579
2887 1580
2888 1580
2889 1581
2890 1581
2891 1581
2892 1582
2893 1583
2894 1584
2895 1584
2896 1585
2897 1586
2898 1586
2899 1587
2900 1587
2901 1587
2902 1588
2903 1589
2904 1589
2905 1590
2906 1590
2907 1590
2908 1591
2909 1591
2910 1591
2911 1591
2912 1592
2913 1593
2914 1594
2915 1594
2916 1595
2917 1596
2918 1596
2919 1597
2920 1597
2921 1597
2922 1598
2923 1599
2924 1599
2925 1600
2926 1600
2927 1600
2928 1601
2929 1601
2930 1601
2931 1601
2932 1602
2933 1603
2934 1603
2935 1604
2936 1604
2937 1604
2938 1605
2939 1605
2940 1605
2941 1605
2942 1606
2943 1606
2944 1606
2945 1606
2946 1606
2947 1607
2948 1608
2949 1609
2950 1610
2951 1610
2952 1611
2953 1612
2954 1613
2955 1613
2956 1614
2957 1615
2958 1615
2959 1616
2960 1616
2961 1616
2962 1617
2963 1618
2964 1619
2965 1619
2966 1620
2967 1621
2968 1621
2969 1622
2970 1622
2971 1622
2972 1623
2973 1624
2974 1624
2975 1625
2976 1625
2977 1625
2978 1626
2979 1626
2980 1626
2981 1626
2982 1627
2983 1628
2984 1629
2985 1629
2986 1630
2987 1631
2988 1631
2989 1632
2990 1632
2991 1632
2992 1633
2993 1634
2994 1634
2995 1635
2996 1635
2997 1635
2998 1636
2999 1636
3000 1636
3001 1636
3002 1637
3003 1638
3004 1638
3005 1639
3006 1639
3007 1639
3008 1640
3009 1640
3010 1640
3011 1640
3012 1641
3013 1641
3014 1641
3015 1641
3016 1641
3017 1642
3018 1643
3019 1644
3020 1644
3021 1645
3022 1646
3023 1646
3024 1647
3025 1647
3026 1647
3027 1648
3028 1649
3029 1649
3030 1650
3031 1650
3032 1650
3033 1651
3034 1651
3035 1651
3036 1651
3037 1652
3038 1653
3039 1653
3040 1654
3041 1654
3042 1654
3043 1655
3044 1655
3045 1655
3046 1655
3047 1656
3048 1656
3049 1656
3050 1656
3051 1656
3052 1657
3053 1658
3054 1658
3055 1659
3056 1659
3057 1659
3058 1660
3059 1660
3060 1660
3061 1660
3062 1661
3063 1661
3064 1661
3065 1661
3066 1661
3067 1662
3068 1662
3069 1662
3070 1662
3071 1662
3072 1662
3073 1663
3074 1664
3075 1665
3076 1666
3077 1667
3078 1667
3079 1668
3080 1669
3081 1670
3082 1671
3083 1671
3084 1672
3085 1673
3086 1674
3087 1674
3088 1675
3089 1676
3090 1676
3091 1677
3092 1677
3093 1677
3094 1678
3095 1679
3096 1680
3097 1681
3098 1681
3099 1682
3100 1683
3101 1684
3102 1684
3103 1685
3104 1686
3105 1686
3106 1687
3107 1687
3108 1687
3109 1688
3110 1689
3111 1690
3112 1690
3113 1691
3114 1692
3115 1692
3116 1693
3117 1693
3118 1693
3119 1694
3120 1695
3121 1695
3122 1696
3123 1696
3124 1696
3125 1697
3126 1697
3127 1697
3128 1697
3129 1698
3130 1699
3131 1700
3132 1701
3133 1701
3134 1702
3135 1703
3136 1704
3137 1704
3138 1705
3139 1706
3140 1706
3141 1707
3142 1707
3143 1707
3144 1708
3145 1709
3146 1710
3147 1710
3148 1711
3149 1712
3150 1712
3151 1713
3152 1713
3153 1713
3154 1714
3155 1715
3156 1715
3157 1716
3158 1716
3159 1716
3160 1717
3161 1717
3162 1717
3163 1717
3164 1718
3165 1719
3166 1720
3167 1720
3168 1721
3169 1722
3170 1722
3171 1723
3172 1723
3173 1723
3174 1724
3175 1725
3176 1725
3177 1726
3178 1726
3179 1726
3180 1727
3181 1727
3182 1727
3183 1727
3184 1728
3185 1729
3186 1729
3187 1730
3188 1730
3189 1730
3190 1731
3191 1731
3192 1731
3193 1731
3194 1732
3195 1732
3196 1732
3197 1732
3198 1732
3199 1733
3200 1734
3201 1735
3202 1736
3203 1736
3204 1737
3205 1738
3206 1739
3207 1739
3208 1740
3209 1741
3210 1741
3211 1742
3212 1742
3213 1742
3214 1743
3215 1744
3216 1745
3217 1745
3218 1746
3219 1747
3220 1747
3221 1748
3222 1748
3223 1748
3224 1749
3225 1750
3226 1750
3227 1751
3228 1751
3229 1751
3230 1752
3231 1752
3232 1752
3233 1752
3234 1753
3235 1754
3236 1755
3237 1755
3238 1756
3239 1757
3240 1757
3241 1758
3242 1758
3243 1758
3244 1759
3245 1760
3246 1760
3247 1761
3248 1761
3249 1761
3250 1762
3251 1762
3252 1762
3253 1762
3254 1763
3255 1764
3256 1764
3257 1765
3258 1765
3259 1765
3260 1766
3261 1766
3262 1766
3263 1766
3264 1767
3265 1767
3266 1767
3267 1767
3268 1767
3269 1768
3270 1769
3271 1770
3272 1770
3273 1771
3274 1772
3275 1772
3276 1773
3277 1773
3278 1773
3279 1774
3280 1775
3281 1775
3282 1776
3283 1776
3284 1776
3285 1777
3286 1777
3287 1777
3288 1777
3289 1778
3290 1779
3291 1779
3292 1780
3293 1780
3294 1780
3295 1781
3296 1781
3297 1781
3298 1781
3299 1782
3300 1782
3301 1782
3302 1782
3303 1782
3304 1783
3305 1784
3306 1784
3307 1785
3308 1785
3309 1785
3310 1786
3311 1786
3312 1786
3313 1786
3314 1787
3315 1787
3316 1787
3317 1787
3318 1787
3319 1788
3320 1788
3321 1788
3322 1788
3323 1788
3324 1788
3325 1789
3326 1790
3327 1791
3328 1792
3329 1792
3330 1793
3331 1794
3332 1795
3333 1795
3334 1796
3335 1797
3336 1797
3337 1798
3338 1798
3339 1798
3340 1799
3341 1800
3342 1801
3343 1801
3344 1802
3345 1803
3346 1803
3347 1804
3348 1804
3349 1804
3350 1805
3351 1806
3352 1806
3353 1807
3354 1807
3355 1807
3356 1808
3357 1808
3358 1808
3359 1808
3360 1809
3361 1810
3362 1811
3363 1811
3364 1812
3365 1813
3366 1813
3367 1814
3368 1814
3369 1814
3370 1815
3371 1816
3372 1816
3373 1817
3374 1817
3375 1817
3376 1818
3377 1818
3378 1818
3379 1818
3380 1819
3381 1820
3382 1820
3383 1821
3384 1821
3385 1821
3386 1822
3387 1822
3388 1822
3389 1822
3390 1823
3391 1823
3392 1823
3393 1823
3394 1823
3395 1824
3396 1825
3397 1826
3398 1826
3399 1827
3400 1828
3401 1828
3402 1829
3403 1829
3404 1829
3405 1830
3406 1831
3407 1831
3408 1832
3409 1832
3410 1832
3411 1833
3412 1833
3413 1833
3414 1833
3415 1834
3416 1835
3417 1835
3418 1836
3419 1836
3420 1836
3421 1837
3422 1837
3423 1837
3424 1837
3425 1838
3426 1838
3427 1838
3428 1838
3429 1838
3430 1839
3431 1840
3432 1840
3433 1841
3434 1841
3435 1841
3436 1842
3437 1842
3438 1842
3439 1842
3440 1843
3441 1843
3442 1843
3443 1843
3444 1843
3445 1844
3446 1844
3447 1844
3448 1844
3449 1844
3450 1844
3451 1845
3452 1846
3453 1847
3454 1847
3455 1848
3456 1849
3457 1849
3458 1850
3459 1850
3460 1850
3461 1851
3462 1852
3463 1852
3464 1853
3465 1853
3466 1853
3467 1854
3468 1854
3469 1854
3470 1854
3471 1855
3472 1856
3473 1856
3474 1857
3475 1857
3476 1857
3477 1858
3478 1858
3479 1858
3480 1858
3481 1859
3482 1859
3483 1859
3484 1859
3485 1859
3486 1860
3487 1861
3488 1861
3489 1862
3490 1862
3491 1862
3492 1863
3493 1863
3494 1863
3495 1863
3496 1864
3497 1864
3498 1864
3499 1864
3500 1864
3501 1865
3502 1865
3503 1865
3504 1865
3505 1865
3506 1865
3507 1866
3508 1867
3509 1867
3510 1868
3511 1868
3512 1868
3513 1869
3514 1869
3515 1869
3516 1869
3517 1870
3518 1870
3519 1870
3520 1870
3521 1870
3522 1871
3523 1871
3524 1871
3525 1871
3526 1871
3527 1871
3528 1872
3529 1872
3530 1872
3531 1872
3532 1872
3533 1872
3534 1872
3535 1873
3536 1874
3537 1875
3538 1876
3539 1876
3540 1877
3541 1878
3542 1879
3543 1879
3544 1880
3545 1881
3546 1881
3547 1882
3548 1882
3549 1882
3550 1883
3551 1884
3552 1885
3553 1885
3554 1886
3555 1887
3556 1887
3557 1888
3558 1888
3559 1888
3560 1889
3561 1890
3562 1890
3563 1891
3564 1891
3565 1891
3566 1892
3567 1892
3568 1892
3569 1892
3570 1893
3571 1894
3572 1895
3573 1895
3574 1896
3575 1897
3576 1897
3577 1898
3578 1898
3579 1898
3580 1899
3581 1900
3582 1900
3583 1901
3584 1901
3585 1901
3586 1902
3587 1902
3588 1902
3589 1902
3590 1903
3591 1904
3592 1904
3593 1905
3594 1905
3595 1905
3596 1906
3597 1906
3598 1906
3599 1906
3600 1907
3601 1907
3602 1907
3603 1907
3604 1907
3605 1908
3606 1909
3607 1910
3608 1910
3609 1911
3610 1912
3611 1912
3612 1913
3613 1913
3614 1913
3615 1914
3616 1915
3617 1915
3618 1916
3619 1916
3620 1916
3621 1917
3622 1917
3623 1917
3624 1917
3625 1918
3626 1919
3627 1919
3628 1920
3629 1920
3630 1920
3631 1921
3632 1921
3633 1921
3634 1921
3635 1922
3636 1922
3637 1922
3638 1922
3639 1922
3640 1923
3641 1924
3642 1924
3643 1925
3644 1925
3645 1925
3646 1926
3647 1926
3648 1926
3649 1926
3650 1927
3651 1927
3652 1927
3653 1927
3654 1927
3655 1928
3656 1928
3657 1928
3658 1928
3659 1928
3660 1928
3661 1929
3662 1930
3663 1931
3664 1931
3665 1932
3666 1933
3667 1933
3668 1934
3669 1934
3670 1934
3671 1935
3672 1936
3673 1936
3674 1937
3675 1937
3676 1937
3677 1938
3678 1938
3679 1938
3680 1938
3681 1939
3682 1940
3683 1940
3684 1941
3685 1941
3686 1941
3687 1942
3688 1942
3689 1942
3690 1942
3691 1943
3692 1943
3693 1943
3694 1943
3695 1943
3696 1944
3697 1945
3698 1945
3699 1946
3700 1946
3701 1946
3702 1947
3703 1947
3704 1947
3705 1947
3706 1948
3707 1948
3708 1948
3709 1948
3710 1948
3711 1949
3712 1949
3713 1949
3714 1949
3715 1949
3716 1949
3717 1950
3718 1951
3719 1951
3720 1952
3721 1952
3722 1952
3723 1953
3724 1953
3725 1953
3726 1953
3727 1954
3728 1954
3729 1954
3730 1954
3731 1954
3732 1955
3733 1955
3734 1955
3735 1955
3736 1955
3737 1955
3738 1956
3739 1956
3740 1956
3741 1956
3742 1956
3743 1956
3744 1956
3745 1957
3746 1958
3747 1959
3748 1959
3749 1960
3750 1961
3751 1961
3752 1962
3753 1962
3754 1962
3755 1963
3756 1964
3757 1964
3758 1965
3759 1965
3760 1965
3761 1966
3762 1966
3763 1966
3764 1966
3765 1967
3766 1968
3767 1968
3768 1969
3769 1969
3770 1969
3771 1970
3772 1970
3773 1970
3774 1970
3775 1971
3776 1971
3777 1971
3778 1971
3779 1971
3780 1972
3781 1973
3782 1973
3783 1974
3784 1974
3785 1974
3786 1975
3787 1975
3788 1975
3789 1975
3790 1976
3791 1976
3792 1976
3793 1976
3794 1976
3795 1977
3796 1977
3797 1977
3798 1977
3799 1977
3800 1977
3801 1978
3802 1979
3803 1979
3804 1980
3805 1980
3806 1980
3807 1981
3808 1981
3809 1981
3810 1981
3811 1982
3812 1982
3813 1982
3814 1982
3815 1982
3816 1983
3817 1983
3818 1983
3819 1983
3820 1983
3821 1983
3822 1984
3823 1984
3824 1984
3825 1984
3826 1984
3827 1984
3828 1984
3829 1985
3830 1986
3831 1986
3832 1987
3833 1987
3834 1987
3835 1988
3836 1988
3837 1988
3838 1988
3839 1989
3840 1989
3841 1989
3842 1989
3843 1989
3844 1990
3845 1990
3846 1990
3847 1990
3848 1990
3849 1990
3850 1991
3851 1991
3852 1991
3853 1991
3854 1991
3855 1991
3856 1991
3857 1992
3858 1992
3859 1992
3860 1992
3861 1992
3862 1992
3863 1992
3864 1992
3865 1993
3866 1994
3867 1995
3868 1995
3869 1996
3870 1997
3871 1997
3872 1998
3873 1998
3874 1998
3875 1999
3876 2000
3877 2000
3878 2001
3879 2001
3880 2001
3881 2002
3882 2002
3883 2002
3884 2002
3885 2003
3886 2004
3887 2004
3888 2005
3889 2005
3890 2005
3891 2006
3892 2006
3893 2006
3894 2006
3895 2007
3896 2007
3897 2007
3898 2007
3899 2007
3900 2008
3901 2009
3902 2009
3903 2010
3904 2010
3905 2010
3906 2011
3907 2011
3908 2011
3909 2011
3910 2012
3911 2012
3912 2012
3913 2012
3914 2012
3915 2013
3916 2013
3917 2013
3918 2013
3919 2013
3920 2013
3921 2014
3922 2015
3923 2015
3924 2016
3925 2016
3926 2016
3927 2017
3928 2017
3929 2017
3930 2017
3931 2018
3932 2018
3933 2018
3934 2018
3935 2018
3936 2019
3937 2019
3938 2019
3939 2019
3940 2019
3941 2019
3942 2020
3943 2020
3944 2020
3945 2020
3946 2020
3947 2020
3948 2020
3949 2021
3950 2022
3951 2022
3952 2023
3953 2023
3954 2023
3955 2024
3956 2024
3957 2024
3958 2024
3959 2025
3960 2025
3961 2025
3962 2025
3963 2025
3964 2026
3965 2026
3966 2026
3967 2026
3968 2026
3969 2026
3970 2027
3971 2027
3972 2027
3973 2027
3974 2027
3975 2027
3976 2027
3977 2028
3978 2028
3979 2028
3980 2028
3981 2028
3982 2028
3983 2028
3984 2028
3985 2029
3986 2030
3987 2030
3988 2031
3989 2031
3990 2031
3991 2032
3992 2032
3993 2032
3994 2032
3995 2033
3996 2033
3997 2033
3998 2033
3999 2033
4000 2034
4001 2034
4002 2034
4003 2034
4004 2034
4005 2034
4006 2035
4007 2035
4008 2035
4009 2035
4010 2035
4011 2035
4012 2035
4013 2036
4014 2036
4015 2036
4016 2036
4017 2036
4018 2036
4019 2036
4020 2036
4021 2037
4022 2037
4023 2037
4024 2037
4025 2037
4026 2037
4027 2037
4028 2037
4029 2037
4030 2038
4031 2039
4032 2039
4033 2040
4034 2040
4035 2040
4036 2041
4037 2041
4038 2041
4039 2041
4040 2042
4041 2042
4042 2042
4043 2042
4044 2042
4045 2043
4046 2043
4047 2043
4048 2043
4049 2043
4050 2043
4051 2044
4052 2044
4053 2044
4054 2044
4055 2044
4056 2044
4057 2044
4058 2045
4059 2045
4060 2045
4061 2045
4062 2045
4063 2045
4064 2045
4065 2045
4066 2046
4067 2046
4068 2046
4069 2046
4070 2046
4071 2046
4072 2046
4073 2046
4074 2046
4075 2047
4076 2047
4077 2047
4078 2047
4079 2047
4080 2047
4081 2047
4082 2047
4083 2047
4084 2047
4085 2048
4086 2048
4087 2048
4088 2048
4089 2048
4090 2048
4091 2048
4092 2048
4093 2048
4094 2048
4095 2048
4096 2048
4097 2049
4098 2050
4099 2051
4100 2052
4101 2053
4102 2054
4103 2055
4104 2056
4105 2057
4106 2058
4107 2059
4108 2060
4109 2060
4110 2061
4111 2062
4112 2063
4113 2064
4114 2065
4115 2066
4116 2067
4117 2068
4118 2069
4119 2070
4120 2070
4121 2071
4122 2072
4123 2073
4124 2074
4125 2075
4126 2076
4127 2077
4128 2078
4129 2079
4130 2079
4131 2080
4132 2081
4133 2082
4134 2083
4135 2084
4136 2085
4137 2086
4138 2087
4139 2087
4140 2088
4141 2089
4142 2090
4143 2091
4144 2092
4145 2093
4146 2094
4147 2094
4148 2095
4149 2096
4150 2097
4151 2098
4152 2099
4153 2100
4154 2100
4155 2101
4156 2102
4157 2103
4158 2104
4159 2105
4160 2105
4161 2106
4162 2107
4163 2108
4164 2109
4165 2109
4166 2110
4167 2111
4168 2112
4169 2112
4170 2113
4171 2114
4172 2114
4173 2115
4174 2115
4175 2115
4176 2116
4177 2117
4178 2118
4179 2119
4180 2120
4181 2121
4182 2122
4183 2123
4184 2124
4185 2124
4186 2125
4187 2126
4188 2127
4189 2128
4190 2129
4191 2130
4192 2131
4193 2132
4194 2132
4195 2133
4196 2134
4197 2135
4198 2136
4199 2137
4200 2138
4201 2139
4202 2139
4203 2140
4204 2141
4205 2142
4206 2143
4207 2144
4208 2145
4209 2145
4210 2146
4211 2147
4212 2148
4213 2149
4214 2150
4215 2150
4216 2151
4217 2152
4218 2153
4219 2154
4220 2154
4221 2155
4222 2156
4223 2157
4224 2157
4225 2158
4226 2159
4227 2159
4228 2160
4229 2160
4230 2160
4231 2161
4232 2162
4233 2163
4234 2164
4235 2165
4236 2166
4237 2167
4238 2168
4239 2168
4240 2169
4241 2170
4242 2171
4243 2172
4244 2173
4245 2174
4246 2175
4247 2175
4248 2176
4249 2177
4250 2178
4251 2179
4252 2180
4253 2181
4254 2181
4255 2182
4256 2183
4257 2184
4258 2185
4259 2186
4260 2186
4261 2187
4262 2188
4263 2189
4264 2190
4265 2190
4266 2191
4267 2192
4268 2193
4269 2193
4270 2194
4271 2195
4272 2195
4273 2196
4274 2196
4275 2196
4276 2197
4277 2198
4278 2199
4279 2200
4280 2201
4281 2202
4282 2203
4283 2203
4284 2204
4285 2205
4286 2206
4287 2207
4288 2208
4289 2209
4290 2209
4291 2210
4292 2211
4293 2212
4294 2213
4295 2214
4296 2214
4297 2215
4298 2216
4299 2217
4300 2218
4301 2218
4302 2219
4303 2220
4304 2221
4305 2221
4306 2222
4307 2223
4308 2223
4309 2224
4310 2224
4311 2224
4312 2225
4313 2226
4314 2227
4315 2228
4316 2229
4317 2230
4318 2230
4319 2231
4320 2232
4321 2233
4322 2234
4323 2235
4324 2235
4325 2236
4326 2237
4327 2238
4328 2239
4329 2239
4330 2240
4331 2241
4332 2242
4333 2242
4334 2243
4335 2244
4336 2244
4337 2245
4338 2245
4339 2245
4340 2246
4341 2247
4342 2248
4343 2249
4344 2250
4345 2250
4346 2251
4347 2252
4348 2253
4349 2254
4350 2254
4351 2255
4352 2256
4353 2257
4354 2257
4355 2258
4356 2259
4357 2259
4358 2260
4359 2260
4360 2260
4361 2261
4362 2262
4363 2263
4364 2264
4365 2264
4366 2265
4367 2266
4368 2267
4369 2267
4370 2268
4371 2269
4372 2269
4373 2270
4374 2270
4375 2270
4376 2271
4377 2272
4378 2273
4379 2273
4380 2274
4381 2275
4382 2275
4383 2276
4384 2276
4385 2276
4386 2277
4387 2278
4388 2278
4389 2279
4390 2279
4391 2279
4392 2280
4393 2280
4394 2280
4395 2280
4396 2281
4397 2282
4398 2283
4399 2284
4400 2285
4401 2286
4402 2287
4403 2288
4404 2288
4405 2289
4406 2290
4407 2291
4408 2292
4409 2293
4410 2294
4411 2295
4412 2295
4413 2296
4414 2297
4415 2298
4416 2299
4417 2300
4418 2301
4419 2301
4420 2302
4421 2303
4422 2304
4423 2305
4424 2306
4425 2306
4426 2307
4427 2308
4428 2309
4429 2310
4430 2310
4431 2311
4432 2312
4433 2313
4434 2313
4435 2314
4436 2315
4437 2315
4438 2316
4439 2316
4440 2316
4441 2317
4442 2318
4443 2319
4444 2320
4445 2321
4446 2322
4447 2323
4448 2323
4449 2324
4450 2325
4451 2326
4452 2327
4453 2328
4454 2329
4455 2329
4456 2330
4457 2331
4458 2332
4459 2333
4460 2334
4461 2334
4462 2335
4463 2336
4464 2337
4465 2338
4466 2338
4467 2339
4468 2340
4469 2341
4470 2341
4471 2342
4472 2343
4473 2343
4474 2344
4475 2344
4476 2344
4477 2345
4478 2346
4479 2347
4480 2348
4481 2349
4482 2350
4483 2350
4484 2351
4485 2352
4486 2353
4487 2354
4488 2355
4489 2355
4490 2356
4491 2357
4492 2358
4493 2359
4494 2359
4495 2360
4496 2361
4497 2362
4498 2362
4499 2363
4500 2364
4501 2364
4502 2365
4503 2365
4504 2365
4505 2366
4506 2367
4507 2368
4508 2369
4509 2370
4510 2370
4511 2371
4512 2372
4513 2373
4514 2374
4515 2374
4516 2375
4517 2376
4518 2377
4519 2377
4520 2378
4521 2379
4522 2379
4523 2380
4524 2380
4525 2380
4526 2381
4527 2382
4528 2383
4529 2384
4530 2384
4531 2385
4532 2386
4533 2387
4534 2387
4535 2388
4536 2389
4537 2389
4538 2390
4539 2390
4540 2390
4541 2391
4542 2392
4543 2393
4544 2393
4545 2394
4546 2395
4547 2395
4548 2396
4549 2396
4550 2396
4551 2397
4552 2398
4553 2398
4554 2399
4555 2399
4556 2399
4557 2400
4558 2400
4559 2400
4560 2400
4561 2401
4562 2402
4563 2403
4564 2404
4565 2405
4566 2406
4567 2407
4568 2407
4569 2408
4570 2409
4571 2410
4572 2411
4573 2412
4574 2413
4575 2413
4576 2414
4577 2415
4578 2416
4579 2417
4580 2418
4581 2418
4582 2419
4583 2420
4584 2421
4585 2422
4586 2422
4587 2423
4588 2424
4589 2425
4590 2425
4591 2426
4592 2427
4593 2427
4594 2428
4595 2428
4596 2428
4597 2429
4598 2430
4599 2431
4600 2432
4601 2433
4602 2434
4603 2434
4604 2435
4605 2436
4606 2437
4607 2438
4608 2439
4609 2439
4610 2440
4611 2441
4612 2442
4613 2443
4614 2443
4615 2444
4616 2445
4617 2446
4618 2446
4619 2447
4620 2448
4621 2448
4622 2449
4623 2449
4624 2449
4625 2450
4626 2451
4627 2452
4628 2453
4629 2454
4630 2454
4631 2455
4632 2456
4633 2457
4634 2458
4635 2458
4636 2459
4637 2460
4638 2461
4639 2461
4640 2462
4641 2463
4642 2463
4643 2464
4644 2464
4645 2464
4646 2465
4647 2466
4648 2467
4649 2468
4650 2468
4651 2469
4652 2470
4653 2471
4654 2471
4655 2472
4656 2473
4657 2473
4658 2474
4659 2474
4660 2474
4661 2475
4662 2476
4663 2477
4664 2477
4665 2478
4666 2479
4667 2479
4668 2480
4669 2480
4670 2480
4671 2481
4672 2482
4673 2482
4674 2483
4675 2483
4676 2483
4677 2484
4678 2484
4679 2484
4680 2484
4681 2485
4682 2486
4683 2487
4684 2488
4685 2489
4686 2490
4687 2490
4688 2491
4689 2492
4690 2493
4691 2494
4692 2495
4693 2495
4694 2496
4695 2497
4696 2498
4697 2499
4698 2499
4699 2500
4700 2501
4701 2502
4702 2502
4703 2503
4704 2504
4705 2504
4706 2505
4707 2505
4708 2505
4709 2506
4710 2507
4711 2508
4712 2509
4713 2510
4714 2510
4715 2511
4716 2512
4717 2513
4718 2514
4719 2514
4720 2515
4721 2516
4722 2517
4723 2517
4724 2518
4725 2519
4726 2519
4727 2520
4728 2520
4729 2520
4730 2521
4731 2522
4732 2523
4733 2524
4734 2524
4735 2525
4736 2526
4737 2527
4738 2527
4739 2528
4740 2529
4741 2529
4742 2530
4743 2530
4744 2530
4745 2531
4746 2532
4747 2533
4748 2533
4749 2534
4750 2535
4751 2535
4752 2536
4753 2536
4754 2536
4755 2537
4756 2538
4757 2538
4758 2539
4759 2539
4760 2539
4761 2540
4762 2540
4763 2540
4764 2540
4765 2541
4766 2542
4767 2543
4768 2544
4769 2545
4770 2545
4771 2546
4772 2547
4773 2548
4774 2549
4775 2549
4776 2550
4777 2551
4778 2552
4779 2552
4780 2553
4781 2554
4782 2554
4783 2555
4784 2555
4785 2555
4786 2556
4787 2557
4788 2558
4789 2559
4790 2559
4791 2560
4792 2561
4793 2562
4794 2562
4795 2563
4796 2564
4797 2564
4798 2565
4799 2565
4800 2565
4801 2566
4802 2567
4803 2568
4804 2568
4805 2569
4806 2570
4807 2570
4808 2571
4809 2571
4810 2571
4811 2572
4812 2573
4813 2573
4814 2574
4815 2574
4816 2574
4817 2575
4818 2575
4819 2575
4820 2575
4821 2576
4822 2577
4823 2578
4824 2579
4825 2579
4826 2580
4827 2581
4828 2582
4829 2582
4830 2583
4831 2584
4832 2584
4833 2585
4834 2585
4835 2585
4836 2586
4837 2587
4838 2588
4839 2588
4840 2589
4841 2590
4842 2590
4843 2591
4844 2591
4845 2591
4846 2592
4847 2593
4848 2593
4849 2594
4850 2594
4851 2594
4852 2595
4853 2595
4854 2595
4855 2595
4856 2596
4857 2597
4858 2598
4859 2598
4860 2599
4861 2600
4862 2600
4863 2601
4864 2601
4865 2601
4866 2602
4867 2603
4868 2603
4869 2604
4870 2604
4871 2604
4872 2605
4873 2605
4874 2605
4875 2605
4876 2606
4877 2607
4878 2607
4879 2608
4880 2608
4881 2608
4882 2609
4883 2609
4884 2609
4885 2609
4886 2610
4887 2610
4888 2610
4889 2610
4890 2610
4891 2611
4892 2612
4893 2613
4894 2614
4895 2615
4896 2616
4897 2617
4898 2617
4899 2618
4900 2619
4901 2620
4902 2621
4903 2622
4904 2623
4905 2623
4906 2624
4907 2625
4908 2626
4909 2627
4910 2628
4911 2628
4912 2629
4913 2630
4914 2631
4915 2632
4916 2632
4917 2633
4918 2634
4919 2635
4920 2635
4921 2636
4922 2637
4923 2637
4924 2638
4925 2638
4926 2638
4927 2639
4928 2640
4929 2641
4930 2642
4931 2643
4932 2644
4933 2644
4934 2645
4935 2646
4936 2647
4937 2648
4938 2649
4939 2649
4940 2650
4941 2651
4942 2652
4943 2653
4944 2653
4945 2654
4946 2655
4947 2656
4948 2656
4949 2657
4950 2658
4951 2658
4952 2659
4953 2659
4954 2659
4955 2660
4956 2661
4957 2662
4958 2663
4959 2664
4960 2664
4961 2665
4962 2666
4963 2667
4964 2668
4965 2668
4966 2669
4967 2670
4968 2671
4969 2671
4970 2672
4971 2673
4972 2673
4973 2674
4974 2674
4975 2674
4976 2675
4977 2676
4978 2677
4979 2678
4980 2678
4981 2679
4982 2680
4983 2681
4984 2681
4985 2682
4986 2683
4987 2683
4988 2684
4989 2684
4990 2684
4991 2685
4992 2686
4993 2687
4994 2687
4995 2688
4996 2689
4997 2689
4998 2690
4999 2690
5000 2690
5001 2691
5002 2692
5003 2692
5004 2693
5005 2693
5006 2693
5007 2694
5008 2694
5009 2694
5010 2694
5011 2695
5012 2696
5013 2697
5014 2698
5015 2699
5016 2700
5017 2700
5018 2701
5019 2702
5020 2703
5021 2704
5022 2705
5023 2705
5024 2706
5025 2707
5026 2708
5027 2709
5028 2709
5029 2710
5030 2711
5031 2712
5032 2712
5033 2713
5034 2714
5035 2714
5036 2715
5037 2715
5038 2715
5039 2716
5040 2717
5041 2718
5042 2719
5043 2720
5044 2720
5045 2721
5046 2722
5047 2723
5048 2724
5049 2724
5050 2725
5051 2726
5052 2727
5053 2727
5054 2728
5055 2729
5056 2729
5057 2730
5058 2730
5059 2730
5060 2731
5061 2732
5062 2733
5063 2734
5064 2734
5065 2735
5066 2736
5067 2737
5068 2737
5069 2738
5070 2739
5071 2739
5072 2740
5073 2740
5074 2740
5075 2741
5076 2742
5077 2743
5078 2743
5079 2744
5080 2745
5081 2745
5082 2746
5083 2746
5084 2746
5085 2747
5086 2748
5087 2748
5088 2749
5089 2749
5090 2749
5091 2750
5092 2750
5093 2750
5094 2750
5095 2751
5096 2752
5097 2753
5098 2754
5099 2755
5100 2755
5101 2756
5102 2757
5103 2758
5104 2759
5105 2759
5106 2760
5107 2761
5108 2762
5109 2762
5110 2763
5111 2764
5112 2764
5113 2765
5114 2765
5115 2765
5116 2766
5117 2767
5118 2768
5119 2769
5120 2769
5121 2770
5122 2771
5123 2772
5124 2772
5125 2773
5126 2774
5127 2774
5128 2775
5129 2775
5130 2775
5131 2776
5132 2777
5133 2778
5134 2778
5135 2779
5136 2780
5137 2780
5138 2781
5139 2781
5140 2781
5141 2782
5142 2783
5143 2783
5144 2784
5145 2784
5146 2784
5147 2785
5148 2785
5149 2785
5150 2785
5151 2786
5152 2787
5153 2788
5154 2789
5155 2789
5156 2790
5157 2791
5158 2792
5159 2792
5160 2793
5161 2794
5162 2794
5163 2795
5164 2795
5165 2795
5166 2796
5167 2797
5168 2798
5169 2798
5170 2799
5171 2800
5172 2800
5173 2801
5174 2801
5175 2801
5176 2802
5177 2803
5178 2803
5179 2804
5180 2804
5181 2804
5182 2805
5183 2805
5184 2805
5185 2805
5186 2806
5187 2807
5188 2808
5189 2808
5190 2809
5191 2810
5192 2810
5193 2811
5194 2811
5195 2811
5196 2812
5197 2813
5198 2813
5199 2814
5200 2814
5201 2814
5202 2815
5203 2815
5204 2815
5205 2815
5206 2816
5207 2817
5208 2817
5209 2818
5210 2818
5211 2818
5212 2819
5213 2819
5214 2819
5215 2819
5216 2820
5217 2820
5218 2820
5219 2820
5220 2820
5221 2821
5222 2822
5223 2823
5224 2824
5225 2825
5226 2826
5227 2826
5228 2827
5229 2828
5230 2829
5231 2830
5232 2831
5233 2831
5234 2832
5235 2833
5236 2834
5237 2835
5238 2835
5239 2836
5240 2837
5241 2838
5242 2838
5243 2839
5244 2840
5245 2840
5246 2841
5247 2841
5248 2841
5249 2842
5250 2843
5251 2844
5252 2845
5253 2846
5254 2846
5255 2847
5256 2848
5257 2849
5258 2850
5259 2850
5260 2851
5261 2852
5262 2853
5263 2853
5264 2854
5265 2855
5266 2855
5267 2856
5268 2856
5269 2856
5270 2857
5271 2858
5272 2859
5273 2860
5274 2860
5275 2861
5276 2862
5277 2863
5278 2863
5279 2864
5280 2865
5281 2865
5282 2866
5283 2866
5284 2866
5285 2867
5286 2868
5287 2869
5288 2869
5289 2870
5290 2871
5291 2871
5292 2872
5293 2872
5294 2872
5295 2873
5296 2874
5297 2874
5298 2875
5299 2875
5300 2875
5301 2876
5302 2876
5303 2876
5304 2876
5305 2877
5306 2878
5307 2879
5308 2880
5309 2881
5310 2881
5311 2882
5312 2883
5313 2884
5314 2885
5315 2885
5316 2886
5317 2887
5318 2888
5319 2888
5320 2889
5321 2890
5322 2890
5323 2891
5324 2891
5325 2891
5326 2892
5327 2893
5328 2894
5329 2895
5330 2895
5331 2896
5332 2897
5333 2898
5334 2898
5335 2899
5336 2900
5337 2900
5338 2901
5339 2901
5340 2901
5341 2902
5342 2903
5343 2904
5344 2904
5345 2905
5346 2906
5347 2906
5348 2907
5349 2907
5350 2907
5351 2908
5352 2909
5353 2909
5354 2910
5355 2910
5356 2910
5357 2911
5358 2911
5359 2911
5360 2911
5361 2912
5362 2913
5363 2914
5364 2915
5365 2915
5366 2916
5367 2917
5368 2918
5369 2918
5370 2919
5371 2920
5372 2920
5373 2921
5374 2921
5375 2921
5376 2922
5377 2923
5378 2924
5379 2924
5380 2925
5381 2926
5382 2926
5383 2927
5384 2927
5385 2927
5386 2928
5387 2929
5388 2929
5389 2930
5390 2930
5391 2930
5392 2931
5393 2931
5394 2931
5395 2931
5396 2932
5397 2933
5398 2934
5399 2934
5400 2935
5401 2936
5402 2936
5403 2937
5404 2937
5405 2937
5406 2938
5407 2939
5408 2939
5409 2940
5410 2940
5411 2940
5412 2941
5413 2941
5414 2941
5415 2941
5416 2942
5417 2943
5418 2943
5419 2944
5420 2944
5421 2944
5422 2945
5423 2945
5424 2945
5425 2945
5426 2946
5427 2946
5428 2946
5429 2946
5430 2946
5431 2947
5432 2948
5433 2949
5434 2950
5435 2951
5436 2951
5437 2952
5438 2953
5439 2954
5440 2955
5441 2955
5442 2956
5443 2957
5444 2958
5445 2958
5446 2959
5447 2960
5448 2960
5449 2961
5450 2961
5451 2961
5452 2962
5453 2963
5454 2964
5455 2965
5456 2965
5457 2966
5458 2967
5459 2968
5460 2968
5461 2969
5462 2970
5463 2970
5464 2971
5465 2971
5466 2971
5467 2972
5468 2973
5469 2974
5470 2974
5471 2975
5472 2976
5473 2976
5474 2977
5475 2977
5476 2977
5477 2978
5478 2979
5479 2979
5480 2980
5481 2980
5482 2980
5483 2981
5484 2981
5485 2981
5486 2981
5487 2982
5488 2983
5489 2984
5490 2985
5491 2985
5492 2986
5493 2987
5494 2988
5495 2988
5496 2989
5497 2990
5498 2990
5499 2991
5500 2991
5501 2991
5502 2992
5503 2993
5504 2994
5505 2994
5506 2995
5507 2996
5508 2996
5509 2997
5510 2997
5511 2997
5512 2998
5513 2999
5514 2999
5515 3000
5516 3000
5517 3000
5518 3001
5519 3001
5520 3001
5521 3001
5522 3002
5523 3003
5524 3004
5525 3004
5526 3005
5527 3006
5528 3006
5529 3007
5530 3007
5531 3007
5532 3008
5533 3009
5534 3009
5535 3010
5536 3010
5537 3010
5538 3011
5539 3011
5540 3011
5541 3011
5542 3012
5543 3013
5544 3013
5545 3014
5546 3014
5547 3014
5548 3015
5549 3015
5550 3015
5551 3015
5552 3016
5553 3016
5554 3016
5555 3016
5556 3016
5557 3017
5558 3018
5559 3019
5560 3020
5561 3020
5562 3021
5563 3022
5564 3023
5565 3023
5566 3024
5567 3025
5568 3025
5569 3026
5570 3026
5571 3026
5572 3027
5573 3028
5574 3029
5575 3029
5576 3030
5577 3031
5578 3031
5579 3032
5580 3032
5581 3032
5582 3033
5583 3034
5584 3034
5585 3035
5586 3035
5587 3035
5588 3036
5589 3036
5590 3036
5591 3036
5592 3037
5593 3038
5594 3039
5595 3039
5596 3040
5597 3041
5598 3041
5599 3042
5600 3042
5601 3042
5602 3043
5603 3044
5604 3044
5605 3045
5606 3045
5607 3045
5608 3046
5609 3046
5610 3046
5611 3046
5612 3047
5613 3048
5614 3048
5615 3049
5616 3049
5617 3049
5618 3050
5619 3050
5620 3050
5621 3050
5622 3051
5623 3051
5624 3051
5625 3051
5626 3051
5627 3052
5628 3053
5629 3054
5630 3054
5631 3055
5632 3056
5633 3056
5634 3057
5635 3057
5636 3057
5637 3058
5638 3059
5639 3059
5640 3060
5641 3060
5642 3060
5643 3061
5644 3061
5645 3061
5646 3061
5647 3062
5648 3063
5649 3063
5650 3064
5651 3064
5652 3064
5653 3065
5654 3065
5655 3065
5656 3065
5657 3066
5658 3066
5659 3066
5660 3066
5661 3066
5662 3067
5663 3068
5664 3068
5665 3069
5666 3069
5667 3069
5668 3070
5669 3070
5670 3070
5671 3070
5672 3071
5673 3071
5674 3071
5675 3071
5676 3071
5677 3072
5678 3072
5679 3072
5680 3072
5681 3072
5682 3072
5683 3073
5684 3074
5685 3075
5686 3076
5687 3077
5688 3078
5689 3078
5690 3079
5691 3080
5692 3081
5693 3082
5694 3083
5695 3083
5696 3084
5697 3085
5698 3086
5699 3087
5700 3087
5701 3088
5702 3089
5703 3090
5704 3090
5705 3091
5706 3092
5707 3092
5708 3093
5709 3093
5710 3093
5711 3094
5712 3095
5713 3096
5714 3097
5715 3098
5716 3098
5717 3099
5718 3100
5719 3101
5720 3102
5721 3102
5722 3103
5723 3104
5724 3105
5725 3105
5726 3106
5727 3107
5728 3107
5729 3108
5730 3108
5731 3108
5732 3109
5733 3110
5734 3111
5735 3112
5736 3112
5737 3113
5738 3114
5739 3115
5740 3115
5741 3116
5742 3117
5743 3117
5744 3118
5745 3118
5746 3118
5747 3119
5748 3120
5749 3121
5750 3121
5751 3122
5752 3123
5753 3123
5754 3124
5755 3124
5756 3124
5757 3125
5758 3126
5759 3126
5760 3127
5761 3127
5762 3127
5763 3128
5764 3128
5765 3128
5766 3128
5767 3129
5768 3130
5769 3131
5770 3132
5771 3133
5772 3133
5773 3134
5774 3135
5775 3136
5776 3137
5777 3137
5778 3138
5779 3139
5780 3140
5781 3140
5782 3141
5783 3142
5784 3142
5785 3143
5786 3143
5787 3143
5788 3144
5789 3145
5790 3146
5791 3147
5792 3147
5793 3148
5794 3149
5795 3150
5796 3150
5797 3151
5798 3152
5799 3152
5800 3153
5801 3153
5802 3153
5803 3154
5804 3155
5805 3156
5806 3156
5807 3157
5808 3158
5809 3158
5810 3159
5811 3159
5812 3159
5813 3160
5814 3161
5815 3161
5816 3162
5817 3162
5818 3162
5819 3163
5820 3163
5821 3163
5822 3163
5823 3164
5824 3165
5825 3166
5826 3167
5827 3167
5828 3168
5829 3169
5830 3170
5831 3170
5832 3171
5833 3172
5834 3172
5835 3173
5836 3173
5837 3173
5838 3174
5839 3175
5840 3176
5841 3176
5842 3177
5843 3178
5844 3178
5845 3179
5846 3179
5847 3179
5848 3180
5849 3181
5850 3181
5851 3182
5852 3182
5853 3182
5854 3183
5855 3183
5856 3183
5857 3183
5858 3184
5859 3185
5860 3186
5861 3186
5862 3187
5863 3188
5864 3188
5865 3189
5866 3189
5867 3189
5868 3190
5869 3191
5870 3191
5871 3192
5872 3192
5873 3192
5874 3193
5875 3193
5876 3193
5877 3193
5878 3194
5879 3195
5880 3195
5881 3196
5882 3196
5883 3196
5884 3197
5885 3197
5886 3197
5887 3197
5888 3198
5889 3198
5890 3198
5891 3198
5892 3198
5893 3199
5894 3200
5895 3201
5896 3202
5897 3203
5898 3203
5899 3204
5900 3205
5901 3206
5902 3207
5903 3207
5904 3208
5905 3209
5906 3210
5907 3210
5908 3211
5909 3212
5910 3212
5911 3213
5912 3213
5913 3213
5914 3214
5915 3215
5916 3216
5917 3217
5918 3217
5919 3218
5920 3219
5921 3220
5922 3220
5923 3221
5924 3222
5925 3222
5926 3223
5927 3223
5928 3223
5929 3224
5930 3225
5931 3226
5932 3226
5933 3227
5934 3228
5935 3228
5936 3229
5937 3229
5938 3229
5939 3230
5940 3231
5941 3231
5942 3232
5943 3232
5944 3232
5945 3233
5946 3233
5947 3233
5948 3233
5949 3234
5950 3235
5951 3236
5952 3237
5953 3237
5954 3238
5955 3239
5956 3240
5957 3240
5958 3241
5959 3242
5960 3242
5961 3243
5962 3243
5963 3243
5964 3244
5965 3245
5966 3246
5967 3246
5968 3247
5969 3248
5970 3248
5971 3249
5972 3249
5973 3249
5974 3250
5975 3251
5976 3251
5977 3252
5978 3252
5979 3252
5980 3253
5981 3253
5982 3253
5983 3253
5984 3254
5985 3255
5986 3256
5987 3256
5988 3257
5989 3258
5990 3258
5991 3259
5992 3259
5993 3259
5994 3260
5995 3261
5996 3261
5997 3262
5998 3262
5999 3262
6000 3263
6001 3263
6002 3263
6003 3263
6004 3264
6005 3265
6006 3265
6007 3266
6008 3266
6009 3266
6010 3267
6011 3267
6012 3267
6013 3267
6014 3268
6015 3268
6016 3268
6017 3268
6018 3268
6019 3269
6020 3270
6021 3271
6022 3272
6023 3272
6024 3273
6025 3274
6026 3275
6027 3275
6028 3276
6029 3277
6030 3277
6031 3278
6032 3278
6033 3278
6034 3279
6035 3280
6036 3281
6037 3281
6038 3282
6039 3283
6040 3283
6041 3284
6042 3284
6043 3284
6044 3285
6045 3286
6046 3286
6047 3287
6048 3287
6049 3287
6050 3288
6051 3288
6052 3288
6053 3288
6054 3289
6055 3290
6056 3291
6057 3291
6058 3292
6059 3293
6060 3293
6061 3294
6062 3294
6063 3294
6064 3295
6065 3296
6066 3296
6067 3297
6068 3297
6069 3297
6070 3298
6071 3298
6072 3298
6073 3298
6074 3299
6075 3300
6076 3300
6077 3301
6078 3301
6079 3301
6080 3302
6081 3302
6082 3302
6083 3302
6084 3303
6085 3303
6086 3303
6087 3303
6088 3303
6089 3304
6090 3305
6091 3306
6092 3306
6093 3307
6094 3308
6095 3308
6096 3309
6097 3309
6098 3309
6099 3310
6100 3311
6101 3311
6102 3312
6103 3312
6104 3312
6105 3313
6106 3313
6107 3313
6108 3313
6109 3314
6110 3315
6111 3315
6112 3316
6113 3316
6114 3316
6115 3317
6116 3317
6117 3317
6118 3317
6119 3318
6120 3318
6121 3318
6122 3318
6123 3318
6124 3319
6125 3320
6126 3320
6127 3321
6128 3321
6129 3321
6130 3322
6131 3322
6132 3322
6133 3322
6134 3323
6135 3323
6136 3323
6137 3323
6138 3323
6139 3324
6140 3324
6141 3324
6142 3324
6143 3324
6144 3324
6145 3325
6146 3326
6147 3327
6148 3328
6149 3329
6150 3329
6151 3330
6152 3331
6153 3332
6154 3333
6155 3333
6156 3334
6157 3335
6158 3336
6159 3336
6160 3337
6161 3338
6162 3338
6163 3339
6164 3339
6165 3339
6166 3340
6167 3341
6168 3342
6169 3343
6170 3343
6171 3344
6172 3345
6173 3346
6174 3346
6175 3347
6176 3348
6177 3348
6178 3349
6179 3349
6180 3349
6181 3350
6182 3351
6183 3352
6184 3352
6185 3353
6186 3354
6187 3354
6188 3355
6189 3355
6190 3355
6191 3356
6192 3357
6193 3357
6194 3358
6195 3358
6196 3358
6197 3359
6198 3359
6199 3359
6200 3359
6201 3360
6202 3361
6203 3362
6204 3363
6205 3363
6206 3364
6207 3365
6208 3366
6209 3366
6210 3367
6211 3368
6212 3368
6213 3369
6214 3369
6215 3369
6216 3370
6217 3371
6218 3372
6219 3372
6220 3373
6221 3374
6222 3374
6223 3375
6224 3375
6225 3375
6226 3376
6227 3377
6228 3377
6229 3378
6230 3378
6231 3378
6232 3379
6233 3379
6234 3379
6235 3379
6236 3380
6237 3381
6238 3382
6239 3382
6240 3383
6241 3384
6242 3384
6243 3385
6244 3385
6245 3385
6246 3386
6247 3387
6248 3387
6249 3388
6250 3388
6251 3388
6252 3389
6253 3389
6254 3389
6255 3389
6256 3390
6257 3391
6258 3391
6259 3392
6260 3392
6261 3392
6262 3393
6263 3393
6264 3393
6265 3393
6266 3394
6267 3394
6268 3394
6269 3394
6270 3394
6271 3395
6272 3396
6273 3397
6274 3398
6275 3398
6276 3399
6277 3400
6278 3401
6279 3401
6280 3402
6281 3403
6282 3403
6283 3404
6284 3404
6285 3404
6286 3405
6287 3406
6288 3407
6289 3407
6290 3408
6291 3409
6292 3409
6293 3410
6294 3410
6295 3410
6296 3411
6297 3412
6298 3412
6299 3413
6300 3413
6301 3413
6302 3414
6303 3414
6304 3414
6305 3414
6306 3415
6307 3416
6308 3417
6309 3417
6310 3418
6311 3419
6312 3419
6313 3420
6314 3420
6315 3420
6316 3421
6317 3422
6318 3422
6319 3423
6320 3423
6321 3423
6322 3424
6323 3424
6324 3424
6325 3424
6326 3425
6327 3426
6328 3426
6329 3427
6330 3427
6331 3427
6332 3428
6333 3428
6334 3428
6335 3428
6336 3429
6337 3429
6338 3429
6339 3429
6340 3429
6341 3430
6342 3431
6343 3432
6344 3432
6345 3433
6346 3434
6347 3434
6348 3435
6349 3435
6350 3435
6351 3436
6352 3437
6353 3437
6354 3438
6355 3438
6356 3438
6357 3439
6358 3439
6359 3439
6360 3439
6361 3440
6362 3441
6363 3441
6364 3442
6365 3442
6366 3442
6367 3443
6368 3443
6369 3443
6370 3443
6371 3444
6372 3444
6373 3444
6374 3444
6375 3444
6376 3445
6377 3446
6378 3446
6379 3447
6380 3447
6381 3447
6382 3448
6383 3448
6384 3448
6385 3448
6386 3449
6387 3449
6388 3449
6389 3449
6390 3449
6391 3450
6392 3450
6393 3450
6394 3450
6395 3450
6396 3450
6397 3451
6398 3452
6399 3453
6400 3454
6401 3454
6402 3455
6403 3456
6404 3457
6405 3457
6406 3458
6407 3459
6408 3459
6409 3460
6410 3460
6411 3460
6412 3461
6413 3462
6414 3463
6415 3463
6416 3464
6417 3465
6418 3465
6419 3466
6420 3466
6421 3466
6422 3467
6423 3468
6424 3468
6425 3469
6426 3469
6427 3469
6428 3470
6429 3470
6430 3470
6431 3470
6432 3471
6433 3472
6434 3473
6435 3473
6436 3474
6437 3475
6438 3475
6439 3476
6440 3476
6441 3476
6442 3477
6443 3478
6444 3478
6445 3479
6446 3479
6447 3479
6448 3480
6449 3480
6450 3480
6451 3480
6452 3481
6453 3482
6454 3482
6455 3483
6456 3483
6457 3483
6458 3484
6459 3484
6460 3484
6461 3484
6462 3485
6463 3485
6464 3485
6465 3485
6466 3485
6467 3486
6468 3487
6469 3488
6470 3488
6471 3489
6472 3490
6473 3490
6474 3491
6475 3491
6476 3491
6477 3492
6478 3493
6479 3493
6480 3494
6481 3494
6482 3494
6483 3495
6484 3495
6485 3495
6486 3495
6487 3496
6488 3497
6489 3497
6490 3498
6491 3498
6492 3498
6493 3499
6494 3499
6495 3499
6496 3499
6497 3500
6498 3500
6499 3500
6500 3500
6501 3500
6502 3501
6503 3502
6504 3502
6505 3503
6506 3503
6507 3503
6508 3504
6509 3504
6510 3504
6511 3504
6512 3505
6513 3505
6514 3505
6515 3505
6516 3505
6517 3506
6518 3506
6519 3506
6520 3506
6521 3506
6522 3506
6523 3507
6524 3508
6525 3509
6526 3509
6527 3510
6528 3511
6529 3511
6530 3512
6531 3512
6532 3512
6533 3513
6534 3514
6535 3514
6536 3515
6537 3515
6538 3515
6539 3516
6540 3516
6541 3516
6542 3516
6543 3517
6544 3518
6545 3518
6546 3519
6547 3519
6548 3519
6549 3520
6550 3520
6551 3520
6552 3520
6553 3521
6554 3521
6555 3521
6556 3521
6557 3521
6558 3522
6559 3523
6560 3523
6561 3524
6562 3524
6563 3524
6564 3525
6565 3525
6566 3525
6567 3525
6568 3526
6569 3526
6570 3526
6571 3526
6572 3526
6573 3527
6574 3527
6575 3527
6576 3527
6577 3527
6578 3527
6579 3528
6580 3529
6581 3529
6582 3530
6583 3530
6584 3530
6585 3531
6586 3531
6587 3531
6588 3531
6589 3532
6590 3532
6591 3532
6592 3532
6593 3532
6594 3533
6595 3533
6596 3533
6597 3533
6598 3533
6599 3533
6600 3534
6601 3534
6602 3534
6603 3534
6604 3534
6605 3534
6606 3534
6607 3535
6608 3536
6609 3537
6610 3538
6611 3539
6612 3539
6613 3540
6614 3541
6615 3542
6616 3543
6617 3543
6618 3544
6619 3545
6620 3546
6621 3546
6622 3547
6623 3548
6624 3548
6625 3549
6626 3549
6627 3549
6628 3550
6629 3551
6630 3552
6631 3553
6632 3553
6633 3554
6634 3555
6635 3556
6636 3556
6637 3557
6638 3558
6639 3558
6640 3559
6641 3559
6642 3559
6643 3560
6644 3561
6645 3562
6646 3562
6647 3563
6648 3564
6649 3564
6650 3565
6651 3565
6652 3565
6653 3566
6654 3567
6655 3567
6656 3568
6657 3568
6658 3568
6659 3569
6660 3569
6661 3569
6662 3569
6663 3570
6664 3571
6665 3572
6666 3573
6667 3573
6668 3574
6669 3575
6670 3576
6671 3576
6672 3577
6673 3578
6674 3578
6675 3579
6676 3579
6677 3579
6678 3580
6679 3581
6680 3582
6681 3582
6682 3583
6683 3584
6684 3584
6685 3585
6686 3585
6687 3585
6688 3586
6689 3587
6690 3587
6691 3588
6692 3588
6693 3588
6694 3589
6695 3589
6696 3589
6697 3589
6698 3590
6699 3591
6700 3592
6701 3592
6702 3593
6703 3594
6704 3594
6705 3595
6706 3595
6707 3595
6708 3596
6709 3597
6710 3597
6711 3598
6712 3598
6713 3598
6714 3599
6715 3599
6716 3599
6717 3599
6718 3600
6719 3601
6720 3601
6721 3602
6722 3602
6723 3602
6724 3603
6725 3603
6726 3603
6727 3603
6728 3604
6729 3604
6730 3604
6731 3604
6732 3604
6733 3605
6734 3606
6735 3607
6736 3608
6737 3608
6738 3609
6739 3610
6740 3611
6741 3611
6742 3612
6743 3613
6744 3613
6745 3614
6746 3614
6747 3614
6748 3615
6749 3616
6750 3617
6751 3617
6752 3618
6753 3619
6754 3619
6755 3620
6756 3620
6757 3620
6758 3621
6759 3622
6760 3622
6761 3623
6762 3623
6763 3623
6764 3624
6765 3624
6766 3624
6767 3624
6768 3625
6769 3626
6770 3627
6771 3627
6772 3628
6773 3629
6774 3629
6775 3630
6776 3630
6777 3630
6778 3631
6779 3632
6780 3632
6781 3633
6782 3633
6783 3633
6784 3634
6785 3634
6786 3634
6787 3634
6788 3635
6789 3636
6790 3636
6791 3637
6792 3637
6793 3637
6794 3638
6795 3638
6796 3638
6797 3638
6798 3639
6799 3639
6800 3639
6801 3639
6802 3639
6803 3640
6804 3641
6805 3642
6806 3642
6807 3643
6808 3644
6809 3644
6810 3645
6811 3645
6812 3645
6813 3646
6814 3647
6815 3647
6816 3648
6817 3648
6818 3648
6819 3649
6820 3649
6821 3649
6822 3649
6823 3650
6824 3651
6825 3651
6826 3652
6827 3652
6828 3652
6829 3653
6830 3653
6831 3653
6832 3653
6833 3654
6834 3654
6835 3654
6836 3654
6837 3654
6838 3655
6839 3656
6840 3656
6841 3657
6842 3657
6843 3657
6844 3658
6845 3658
6846 3658
6847 3658
6848 3659
6849 3659
6850 3659
6851 3659
6852 3659
6853 3660
6854 3660
6855 3660
6856 3660
6857 3660
6858 3660
6859 3661
6860 3662
6861 3663
6862 3664
6863 3664
6864 3665
6865 3666
6866 3667
6867 3667
6868 3668
6869 3669
6870 3669
6871 3670
6872 3670
6873 3670
6874 3671
6875 3672
6876 3673
6877 3673
6878 3674
6879 3675
6880 3675
6881 3676
6882 3676
6883 3676
6884 3677
6885 3678
6886 3678
6887 3679
6888 3679
6889 3679
6890 3680
6891 3680
6892 3680
6893 3680
6894 3681
6895 3682
6896 3683
6897 3683
6898 3684
6899 3685
6900 3685
6901 3686
6902 3686
6903 3686
6904 3687
6905 3688
6906 3688
6907 3689
6908 3689
6909 3689
6910 3690
6911 3690
6912 3690
6913 3690
6914 3691
6915 3692
6916 3692
6917 3693
6918 3693
6919 3693
6920 3694
6921 3694
6922 3694
6923 3694
6924 3695
6925 3695
6926 3695
6927 3695
6928 3695
6929 3696
6930 3697
6931 3698
6932 3698
6933 3699
6934 3700
6935 3700
6936 3701
6937 3701
6938 3701
6939 3702
6940 3703
6941 3703
6942 3704
6943 3704
6944 3704
6945 3705
6946 3705
6947 3705
6948 3705
6949 3706
6950 3707
6951 3707
6952 3708
6953 3708
6954 3708
6955 3709
6956 3709
6957 3709
6958 3709
6959 3710
6960 3710
6961 3710
6962 3710
6963 3710
6964 3711
6965 3712
6966 3712
6967 3713
6968 3713
6969 3713
6970 3714
6971 3714
6972 3714
6973 3714
6974 3715
6975 3715
6976 3715
6977 3715
6978 3715
6979 3716
6980 3716
6981 3716
6982 3716
6983 3716
6984 3716
6985 3717
6986 3718
6987 3719
6988 3719
6989 3720
6990 3721
6991 3721
6992 3722
6993 3722
6994 3722
6995 3723
6996 3724
6997 3724
6998 3725
6999 3725
7000 3725
7001 3726
7002 3726
7003 3726
7004 3726
7005 3727
7006 3728
7007 3728
7008 3729
7009 3729
7010 3729
7011 3730
7012 3730
7013 3730
7014 3730
7015 3731
7016 3731
7017 3731
7018 3731
7019 3731
7020 3732
7021 3733
7022 3733
7023 3734
7024 3734
7025 3734
7026 3735
7027 3735
7028 3735
7029 3735
7030 3736
7031 3736
7032 3736
7033 3736
7034 3736
7035 3737
7036 3737
7037 3737
7038 3737
7039 3737
7040 3737
7041 3738
7042 3739
7043 3739
7044 3740
7045 3740
7046 3740
7047 3741
7048 3741
7049 3741
7050 3741
7051 3742
7052 3742
7053 3742
7054 3742
7055 3742
7056 3743
7057 3743
7058 3743
7059 3743
7060 3743
7061 3743
7062 3744
7063 3744
7064 3744
7065 3744
7066 3744
7067 3744
7068 3744
7069 3745
7070 3746
7071 3747
7072 3748
7073 3748
7074 3749
7075 3750
7076 3751
7077 3751
7078 3752
7079 3753
7080 3753
7081 3754
7082 3754
7083 3754
7084 3755
7085 3756
7086 3757
7087 3757
7088 3758
7089 3759
7090 3759
7091 3760
7092 3760
7093 3760
7094 3761
7095 3762
7096 3762
7097 3763
7098 3763
7099 3763
7100 3764
7101 3764
7102 3764
7103 3764
7104 3765
7105 3766
7106 3767
7107 3767
7108 3768
7109 3769
7110 3769
7111 3770
7112 3770
7113 3770
7114 3771
7115 3772
7116 3772
7117 3773
7118 3773
7119 3773
7120 3774
7121 3774
7122 3774
7123 3774
7124 3775
7125 3776
7126 3776
7127 3777
7128 3777
7129 3777
7130 3778
7131 3778
7132 3778
7133 3778
7134 3779
7135 3779
7136 3779
7137 3779
7138 3779
7139 3780
7140 3781
7141 3782
7142 3782
7143 3783
7144 3784
7145 3784
7146 3785
7147 3785
7148 3785
7149 3786
7150 3787
7151 3787
7152 3788
7153 3788
7154 3788
7155 3789
7156 3789
7157 3789
7158 3789
7159 3790
7160 3791
7161 3791
7162 3792
7163 3792
7164 3792
7165 3793
7166 3793
7167 3793
7168 3793
7169 3794
7170 3794
7171 3794
7172 3794
7173 3794
7174 3795
7175 3796
7176 3796
7177 3797
7178 3797
7179 3797
7180 3798
7181 3798
7182 3798
7183 3798
7184 3799
7185 3799
7186 3799
7187 3799
7188 3799
7189 3800
7190 3800
7191 3800
7192 3800
7193 3800
7194 3800
7195 3801
7196 3802
7197 3803
7198 3803
7199 3804
7200 3805
7201 3805
7202 3806
7203 3806
7204 3806
7205 3807
7206 3808
7207 3808
7208 3809
7209 3809
7210 3809
7211 3810
7212 3810
7213 3810
7214 3810
7215 3811
7216 3812
7217 3812
7218 3813
7219 3813
7220 3813
7221 3814
7222 3814
7223 3814
7224 3814
7225 3815
7226 3815
7227 3815
7228 3815
7229 3815
7230 3816
7231 3817
7232 3817
7233 3818
7234 3818
7235 3818
7236 3819
7237 3819
7238 3819
7239 3819
7240 3820
7241 3820
7242 3820
7243 3820
7244 3820
7245 3821
7246 3821
7247 3821
7248 3821
7249 3821
7250 3821
7251 3822
7252 3823
7253 3823
7254 3824
7255 3824
7256 3824
7257 3825
7258 3825
7259 3825
7260 3825
7261 3826
7262 3826
7263 3826
7264 3826
7265 3826
7266 3827
7267 3827
7268 3827
7269 3827
7270 3827
7271 3827
7272 3828
7273 3828
7274 3828
7275 3828
7276 3828
7277 3828
7278 3828
7279 3829
7280 3830
7281 3831
7282 3831
7283 3832
7284 3833
7285 3833
7286 3834
7287 3834
7288 3834
7289 3835
7290 3836
7291 3836
7292 3837
7293 3837
7294 3837
7295 3838
7296 3838
7297 3838
7298 3838
7299 3839
7300 3840
7301 3840
7302 3841
7303 3841
7304 3841
7305 3842
7306 3842
7307 3842
7308 3842
7309 3843
7310 3843
7311 3843
7312 3843
7313 3843
7314 3844
7315 3845
7316 3845
7317 3846
7318 3846
7319 3846
7320 3847
7321 3847
7322 3847
7323 3847
7324 3848
7325 3848
7326 3848
7327 3848
7328 3848
7329 3849
7330 3849
7331 3849
7332 3849
7333 3849
7334 3849
7335 3850
7336 3851
7337 3851
7338 3852
7339 3852
7340 3852
7341 3853
7342 3853
7343 3853
7344 3853
7345 3854
7346 3854
7347 3854
7348 3854
7349 3854
7350 3855
7351 3855
7352 3855
7353 3855
7354 3855
7355 3855
7356 3856
7357 3856
7358 3856
7359 3856
7360 3856
7361 3856
7362 3856
7363 3857
7364 3858
7365 3858
7366 3859
7367 3859
7368 3859
7369 3860
7370 3860
7371 3860
7372 3860
7373 3861
7374 3861
7375 3861
7376 3861
7377 3861
7378 3862
7379 3862
7380 3862
7381 3862
7382 3862
7383 3862
7384 3863
7385 3863
7386 3863
7387 3863
7388 3863
7389 3863
7390 3863
7391 3864
7392 3864
7393 3864
7394 3864
7395 3864
7396 3864
7397 3864
7398 3864
7399 3865
7400 3866
7401 3867
7402 3868
7403 3868
7404 3869
7405 3870
7406 3871
7407 3871
7408 3872
7409 3873
7410 3873
7411 3874
7412 3874
7413 3874
7414 3875
7415 3876
7416 3877
7417 3877
7418 3878
7419 3879
7420 3879
7421 3880
7422 3880
7423 3880
7424 3881
7425 3882
7426 3882
7427 3883
7428 3883
7429 3883
7430 3884
7431 3884
7432 3884
7433 3884
7434 3885
7435 3886
7436 3887
7437 3887
7438 3888
7439 3889
7440 3889
7441 3890
7442 3890
7443 3890
7444 3891
7445 3892
7446 3892
7447 3893
7448 3893
7449 3893
7450 3894
7451 3894
7452 3894
7453 3894
7454 3895
7455 3896
7456 3896
7457 3897
7458 3897
7459 3897
7460 3898
7461 3898
7462 3898
7463 3898
7464 3899
7465 3899
7466 3899
7467 3899
7468 3899
7469 3900
7470 3901
7471 3902
7472 3902
7473 3903
7474 3904
7475 3904
7476 3905
7477 3905
7478 3905
7479 3906
7480 3907
7481 3907
7482 3908
7483 3908
7484 3908
7485 3909
7486 3909
7487 3909
7488 3909
7489 3910
7490 3911
7491 3911
7492 3912
7493 3912
7494 3912
7495 3913
7496 3913
7497 3913
7498 3913
7499 3914
7500 3914
7501 3914
7502 3914
7503 3914
7504 3915
7505 3916
7506 3916
7507 3917
7508 3917
7509 3917
7510 3918
7511 3918
7512 3918
7513 3918
7514 3919
7515 3919
7516 3919
7517 3919
7518 3919
7519 3920
7520 3920
7521 3920
7522 3920
7523 3920
7524 3920
7525 3921
7526 3922
7527 3923
7528 3923
7529 3924
7530 3925
7531 3925
7532 3926
7533 3926
7534 3926
7535 3927
7536 3928
7537 3928
7538 3929
7539 3929
7540 3929
7541 3930
7542 3930
7543 3930
7544 3930
7545 3931
7546 3932
7547 3932
7548 3933
7549 3933
7550 3933
7551 3934
7552 3934
7553 3934
7554 3934
7555 3935
7556 3935
7557 3935
7558 3935
7559 3935
7560 3936
7561 3937
7562 3937
7563 3938
7564 3938
7565 3938
7566 3939
7567 3939
7568 3939
7569 3939
7570 3940
7571 3940
7572 3940
7573 3940
7574 3940
7575 3941
7576 3941
7577 3941
7578 3941
7579 3941
7580 3941
7581 3942
7582 3943
7583 3943
7584 3944
7585 3944
7586 3944
7587 3945
7588 3945
7589 3945
7590 3945
7591 3946
7592 3946
7593 3946
7594 3946
7595 3946
7596 3947
7597 3947
7598 3947
7599 3947
7600 3947
7601 3947
7602 3948
7603 3948
7604 3948
7605 3948
7606 3948
7607 3948
7608 3948
7609 3949
7610 3950
7611 3951
7612 3951
7613 3952
7614 3953
7615 3953
7616 3954
7617 3954
7618 3954
7619 3955
7620 3956
7621 3956
7622 3957
7623 3957
7624 3957
7625 3958
7626 3958
7627 3958
7628 3958
7629 3959
7630 3960
7631 3960
7632 3961
7633 3961
7634 3961
7635 3962
7636 3962
7637 3962
7638 3962
7639 3963
7640 3963
7641 3963
7642 3963
7643 3963
7644 3964
7645 3965
7646 3965
7647 3966
7648 3966
7649 3966
7650 3967
7651 3967
7652 3967
7653 3967
7654 3968
7655 3968
7656 3968
7657 3968
7658 3968
7659 3969
7660 3969
7661 3969
7662 3969
7663 3969
7664 3969
7665 3970
7666 3971
7667 3971
7668 3972
7669 3972
7670 3972
7671 3973
7672 3973
7673 3973
7674 3973
7675 3974
7676 3974
7677 3974
7678 3974
7679 3974
7680 3975
7681 3975
7682 3975
7683 3975
7684 3975
7685 3975
7686 3976
7687 3976
7688 3976
7689 3976
7690 3976
7691 3976
7692 3976
7693 3977
7694 3978
7695 3978
7696 3979
7697 3979
7698 3979
7699 3980
7700 3980
7701 3980
7702 3980
7703 3981
7704 3981
7705 3981
7706 3981
7707 3981
7708 3982
7709 3982
7710 3982
7711 3982
7712 3982
7713 3982
7714 3983
7715 3983
7716 3983
7717 3983
7718 3983
7719 3983
7720 3983
7721 3984
7722 3984
7723 3984
7724 3984
7725 3984
7726 3984
7727 3984
7728 3984
7729 3985
7730 3986
7731 3987
7732 3987
7733 3988
7734 3989
7735 3989
7736 3990
7737 3990
7738 3990
7739 3991
7740 3992
7741 3992
7742 3993
7743 3993
7744 3993
7745 3994
7746 3994
7747 3994
7748 3994
7749 3995
7750 3996
7751 3996
7752 3997
7753 3997
7754 3997
7755 3998
7756 3998
7757 3998
7758 3998
7759 3999
7760 3999
7761 3999
7762 3999
7763 3999
7764 4000
7765 4001
7766 4001
7767 4002
7768 4002
7769 4002
7770 4003
7771 4003
7772 4003
7773 4003
7774 4004
7775 4004
7776 4004
7777 4004
7778 4004
7779 4005
7780 4005
7781 4005
7782 4005
7783 4005
7784 4005
7785 4006
7786 4007
7787 4007
7788 4008
7789 4008
7790 4008
7791 4009
7792 4009
7793 4009
7794 4009
7795 4010
7796 4010
7797 4010
7798 4010
7799 4010
7800 4011
7801 4011
7802 4011
7803 4011
7804 4011
7805 4011
7806 4012
7807 4012
7808 4012
7809 4012
7810 4012
7811 4012
7812 4012
7813 4013
7814 4014
7815 4014
7816 4015
7817 4015
7818 4015
7819 4016
7820 4016
7821 4016
7822 4016
7823 4017
7824 4017
7825 4017
7826 4017
7827 4017
7828 4018
7829 4018
7830 4018
7831 4018
7832 4018
7833 4018
7834 4019
7835 4019
7836 4019
7837 4019
7838 4019
7839 4019
7840 4019
7841 4020
7842 4020
7843 4020
7844 4020
7845 4020
7846 4020
7847 4020
7848 4020
7849 4021
7850 4022
7851 4022
7852 4023
7853 4023
7854 4023
7855 4024
7856 4024
7857 4024
7858 4024
7859 4025
7860 4025
7861 4025
7862 4025
7863 4025
7864 4026
7865 4026
7866 4026
7867 4026
7868 4026
7869 4026
7870 4027
7871 4027
7872 4027
7873 4027
7874 4027
7875 4027
7876 4027
7877 4028
7878 4028
7879 4028
7880 4028
7881 4028
7882 4028
7883 4028
7884 4028
7885 4029
7886 4029
7887 4029
7888 4029
7889 4029
7890 4029
7891 4029
7892 4029
7893 4029
7894 4030
7895 4031
7896 4032
7897 4032
7898 4033
7899 4034
7900 4034
7901 4035
7902 4035
7903 4035
7904 4036
7905 4037
7906 4037
7907 4038
7908 4038
7909 4038
7910 4039
7911 4039
7912 4039
7913 4039
7914 4040
7915 4041
7916 4041
7917 4042
7918 4042
7919 4042
7920 4043
7921 4043
7922 4043
7923 4043
7924 4044
7925 4044
7926 4044
7927 4044
7928 4044
7929 4045
7930 4046
7931 4046
7932 4047
7933 4047
7934 4047
7935 4048
7936 4048
7937 4048
7938 4048
7939 4049
7940 4049
7941 4049
7942 4049
7943 4049
7944 4050
7945 4050
7946 4050
7947 4050
7948 4050
7949 4050
7950 4051
7951 4052
7952 4052
7953 4053
7954 4053
7955 4053
7956 4054
7957 4054
7958 4054
7959 4054
7960 4055
7961 4055
7962 4055
7963 4055
7964 4055
7965 4056
7966 4056
7967 4056
7968 4056
7969 4056
7970 4056
7971 4057
7972 4057
7973 4057
7974 4057
7975 4057
7976 4057
7977 4057
7978 4058
7979 4059
7980 4059
7981 4060
7982 4060
7983 4060
7984 4061
7985 4061
7986 4061
7987 4061
7988 4062
7989 4062
7990 4062
7991 4062
7992 4062
7993 4063
7994 4063
7995 4063
7996 4063
7997 4063
7998 4063
7999 4064
8000 4064
8001 4064
8002 4064
8003 4064
8004 4064
8005 4064
8006 4065
8007 4065
8008 4065
8009 4065
8010 4065
8011 4065
8012 4065
8013 4065
8014 4066
8015 4067
8016 4067
8017 4068
8018 4068
8019 4068
8020 4069
8021 4069
8022 4069
8023 4069
8024 4070
8025 4070
8026 4070
8027 4070
8028 4070
8029 4071
8030 4071
8031 4071
8032 4071
8033 4071
8034 4071
8035 4072
8036 4072
8037 4072
8038 4072
8039 4072
8040 4072
8041 4072
8042 4073
8043 4073
8044 4073
8045 4073
8046 4073
8047 4073
8048 4073
8049 4073
8050 4074
8051 4074
8052 4074
8053 4074
8054 4074
8055 4074
8056 4074
8057 4074
8058 4074
8059 4075
8060 4076
8061 4076
8062 4077
8063 4077
8064 4077
8065 4078
8066 4078
8067 4078
8068 4078
8069 4079
8070 4079
8071 4079
8072 4079
8073 4079
8074 4080
8075 4080
8076 4080
8077 4080
8078 4080
8079 4080
8080 4081
8081 4081
8082 4081
8083 4081
8084 4081
8085 4081
8086 4081
8087 4082
8088 4082
8089 4082
8090 4082
8091 4082
8092 4082
8093 4082
8094 4082
8095 4083
8096 4083
8097 4083
8098 4083
8099 4083
8100 4083
8101 4083
8102 4083
8103 4083
8104 4084
8105 4084
8106 4084
8107 4084
8108 4084
8109 4084
8110 4084
8111 4084
8112 4084
8113 4084
8114 4085
8115 4086
8116 4086
8117 4087
8118 4087
8119 4087
8120 4088
8121 4088
8122 4088
8123 4088
8124 4089
8125 4089
8126 4089
8127 4089
8128 4089
8129 4090
8130 4090
8131 4090
8132 4090
8133 4090
8134 4090
8135 4091
8136 4091
8137 4091
8138 4091
8139 4091
8140 4091
8141 4091
8142 4092
8143 4092
8144 4092
8145 4092
8146 4092
8147 4092
8148 4092
8149 4092
8150 4093
8151 4093
8152 4093
8153 4093
8154 4093
8155 4093
8156 4093
8157 4093
8158 4093
8159 4094
8160 4094
8161 4094
8162 4094
8163 4094
8164 4094
8165 4094
8166 4094
8167 4094
8168 4094
8169 4095
8170 4095
8171 4095
8172 4095
8173 4095
8174 4095
8175 4095
8176 4095
8177 4095
8178 4095
8179 4095
8180 4096
8181 4096
8182 4096
8183 4096
8184 4096
8185 4096
8186 4096
8187 4096
8188 4096
8189 4096
8190 4096
8191 4096
8192 4096
8193 4097
8194 4098
8195 4099
8196 4100
8197 4101
8198 4102
8199 4103
8200 4104
8201 4105
8202 4106
8203 4107
8204 4108
8205 4109
8206 4109
8207 4110
8208 4111
8209 4112
8210 4113
8211 4114
8212 4115
8213 4116
8214 4117
8215 4118
8216 4119
8217 4120
8218 4120
8219 4121
8220 4122
8221 4123
8222 4124
8223 4125
8224 4126
8225 4127
8226 4128
8227 4129
8228 4130
8229 4130
8230 4131
8231 4132
8232 4133
8233 4134
8234 4135
8235 4136
8236 4137
8237 4138
8238 4139
8239 4139
8240 4140
8241 4141
8242 4142
8243 4143
8244 4144
8245 4145
8246 4146
8247 4147
8248 4147
8249 4148
8250 4149
8251 4150
8252 4151
8253 4152
8254 4153
8255 4154
8256 4154
8257 4155
8258 4156
8259 4157
8260 4158
8261 4159
8262 4160
8263 4160
8264 4161
8265 4162
8266 4163
8267 4164
8268 4165
8269 4165
8270 4166
8271 4167
8272 4168
8273 4169
8274 4169
8275 4170
8276 4171
8277 4172
8278 4172
8279 4173
8280 4174
8281 4174
8282 4175
8283 4175
8284 4175
8285 4176
8286 4177
8287 4178
8288 4179
8289 4180
8290 4181
8291 4182
8292 4183
8293 4184
8294 4185
8295 4185
8296 4186
8297 4187
8298 4188
8299 4189
8300 4190
8301 4191
8302 4192
8303 4193
8304 4194
8305 4194
8306 4195
8307 4196
8308 4197
8309 4198
8310 4199
8311 4200
8312 4201
8313 4202
8314 4202
8315 4203
8316 4204
8317 4205
8318 4206
8319 4207
8320 4208
8321 4209
8322 4209
8323 4210
8324 4211
8325 4212
8326 4213
8327 4214
8328 4215
8329 4215
8330 4216
8331 4217
8332 4218
8333 4219
8334 4220
8335 4220
8336 4221
8337 4222
8338 4223
8339 4224
8340 4224
8341 4225
8342 4226
8343 4227
8344 4227
8345 4228
8346 4229
8347 4229
8348 4230
8349 4230
8350 4230
8351 4231
8352 4232
8353 4233
8354 4234
8355 4235
8356 4236
8357 4237
8358 4238
8359 4239
8360 4239
8361 4240
8362 4241
8363 4242
8364 4243
8365 4244
8366 4245
8367 4246
8368 4247
8369 4247
8370 4248
8371 4249
8372 4250
8373 4251
8374 4252
8375 4253
8376 4254
8377 4254
8378 4255
8379 4256
8380 4257
8381 4258
8382 4259
8383 4260
8384 4260
8385 4261
8386 4262
8387 4263
8388 4264
8389 4265
8390 4265
8391 4266
8392 4267
8393 4268
8394 4269
8395 4269
8396 4270
8397 4271
8398 4272
8399 4272
8400 4273
8401 4274
8402 4274
8403 4275
8404 4275
8405 4275
8406 4276
8407 4277
8408 4278
8409 4279
8410 4280
8411 4281
8412 4282
8413 4283
8414 4283
8415 4284
8416 4285
8417 4286
8418 4287
8419 4288
8420 4289
8421 4290
8422 4290
8423 4291
8424 4292
8425 4293
8426 4294
8427 4295
8428 4296
8429 4296
8430 4297
8431 4298
8432 4299
8433 4300
8434 4301
8435 4301
8436 4302
8437 4303
8438 4304
8439 4305
8440 4305
8441 4306
8442 4307
8443 4308
8444 4308
8445 4309
8446 4310
8447 4310
8448 4311
8449 4311
8450 4311
8451 4312
8452 4313
8453 4314
8454 4315
8455 4316
8456 4317
8457 4318
8458 4318
8459 4319
8460 4320
8461 4321
8462 4322
8463 4323
8464 4324
8465 4324
8466 4325
8467 4326
8468 4327
8469 4328
8470 4329
8471 4329
8472 4330
8473 4331
8474 4332
8475 4333
8476 4333
8477 4334
8478 4335
8479 4336
8480 4336
8481 4337
8482 4338
8483 4338
8484 4339
8485 4339
8486 4339
8487 4340
8488 4341
8489 4342
8490 4343
8491 4344
8492 4345
8493 4345
8494 4346
8495 4347
8496 4348
8497 4349
8498 4350
8499 4350
8500 4351
8501 4352
8502 4353
8503 4354
8504 4354
8505 4355
8506 4356
8507 4357
8508 4357
8509 4358
8510 4359
8511 4359
8512 4360
8513 4360
8514 4360
8515 4361
8516 4362
8517 4363
8518 4364
8519 4365
8520 4365
8521 4366
8522 4367
8523 4368
8524 4369
8525 4369
8526 4370
8527 4371
8528 4372
8529 4372
8530 4373
8531 4374
8532 4374
8533 4375
8534 4375
8535 4375
8536 4376
8537 4377
8538 4378
8539 4379
8540 4379
8541 4380
8542 4381
8543 4382
8544 4382
8545 4383
8546 4384
8547 4384
8548 4385
8549 4385
8550 4385
8551 4386
8552 4387
8553 4388
8554 4388
8555 4389
8556 4390
8557 4390
8558 4391
8559 4391
8560 4391
8561 4392
8562 4393
8563 4393
8564 4394
8565 4394
8566 4394
8567 4395
8568 4395
8569 4395
8570 4395
8571 4396
8572 4397
8573 4398
8574 4399
8575 4400
8576 4401
8577 4402
8578 4403
8579 4404
8580 4404
8581 4405
8582 4406
8583 4407
8584 4408
8585 4409
8586 4410
8587 4411
8588 4412
8589 4412
8590 4413
8591 4414
8592 4415
8593 4416
8594 4417
8595 4418
8596 4419
8597 4419
8598 4420
8599 4421
8600 4422
8601 4423
8602 4424
8603 4425
8604 4425
8605 4426
8606 4427
8607 4428
8608 4429
8609 4430
8610 4430
8611 4431
8612 4432
8613 4433
8614 4434
8615 4434
8616 4435
8617 4436
8618 4437
8619 4437
8620 4438
8621 4439
8622 4439
8623 4440
8624 4440
8625 4440
8626 4441
8627 4442
8628 4443
8629 4444
8630 4445
8631 4446
8632 4447
8633 4448
8634 4448
8635 4449
8636 4450
8637 4451
8638 4452
8639 4453
8640 4454
8641 4455
8642 4455
8643 4456
8644 4457
8645 4458
8646 4459
8647 4460
8648 4461
8649 4461
8650 4462
8651 4463
8652 4464
8653 4465
8654 4466
8655 4466
8656 4467
8657 4468
8658 4469
8659 4470
8660 4470
8661 4471
8662 4472
8663 4473
8664 4473
8665 4474
8666 4475
8667 4475
8668 4476
8669 4476
8670 4476
8671 4477
8672 4478
8673 4479
8674 4480
8675 4481
8676 4482
8677 4483
8678 4483
8679 4484
8680 4485
8681 4486
8682 4487
8683 4488
8684 4489
8685 4489
8686 4490
8687 4491
8688 4492
8689 4493
8690 4494
8691 4494
8692 4495
8693 4496
8694 4497
8695 4498
8696 4498
8697 4499
8698 4500
8699 4501
8700 4501
8701 4502
8702 4503
8703 4503
8704 4504
8705 4504
8706 4504
8707 4505
8708 4506
8709 4507
8710 4508
8711 4509
8712 4510
8713 4510
8714 4511
8715 4512
8716 4513
8717 4514
8718 4515
8719 4515
8720 4516
8721 4517
8722 4518
8723 4519
8724 4519
8725 4520
8726 4521
8727 4522
8728 4522
8729 4523
8730 4524
8731 4524
8732 4525
8733 4525
8734 4525
8735 4526
8736 4527
8737 4528
8738 4529
8739 4530
8740 4530
8741 4531
8742 4532
8743 4533
8744 4534
8745 4534
8746 4535
8747 4536
8748 4537
8749 4537
8750 4538
8751 4539
8752 4539
8753 4540
8754 4540
8755 4540
8756 4541
8757 4542
8758 4543
8759 4544
8760 4544
8761 4545
8762 4546
8763 4547
8764 4547
8765 4548
8766 4549
8767 4549
8768 4550
8769 4550
8770 4550
8771 4551
8772 4552
8773 4553
8774 4553
8775 4554
8776 4555
8777 4555
8778 4556
8779 4556
8780 4556
8781 4557
8782 4558
8783 4558
8784 4559
8785 4559
8786 4559
8787 4560
8788 4560
8789 4560
8790 4560
8791 4561
8792 4562
8793 4563
8794 4564
8795 4565
8796 4566
8797 4567
8798 4568
8799 4568
8800 4569
8801 4570
8802 4571
8803 4572
8804 4573
8805 4574
8806 4575
8807 4575
8808 4576
8809 4577
8810 4578
8811 4579
8812 4580
8813 4581
8814 4581
8815 4582
8816 4583
8817 4584
8818 4585
8819 4586
8820 4586
8821 4587
8822 4588
8823 4589
8824 4590
8825 4590
8826 4591
8827 4592
8828 4593
8829 4593
8830 4594
8831 4595
8832 4595
8833 4596
8834 4596
8835 4596
8836 4597
8837 4598
8838 4599
8839 4600
8840 4601
8841 4602
8842 4603
8843 4603
8844 4604
8845 4605
8846 4606
8847 4607
8848 4608
8849 4609
8850 4609
8851 4610
8852 4611
8853 4612
8854 4613
8855 4614
8856 4614
8857 4615
8858 4616
8859 4617
8860 4618
8861 4618
8862 4619
8863 4620
8864 4621
8865 4621
8866 4622
8867 4623
8868 4623
8869 4624
8870 4624
8871 4624
8872 4625
8873 4626
8874 4627
8875 4628
8876 4629
8877 4630
8878 4630
8879 4631
8880 4632
8881 4633
8882 4634
8883 4635
8884 4635
8885 4636
8886 4637
8887 4638
8888 4639
8889 4639
8890 4640
8891 4641
8892 4642
8893 4642
8894 4643
8895 4644
8896 4644
8897 4645
8898 4645
8899 4645
8900 4646
8901 4647
8902 4648
8903 4649
8904 4650
8905 4650
8906 4651
8907 4652
8908 4653
8909 4654
8910 4654
8911 4655
8912 4656
8913 4657
8914 4657
8915 4658
8916 4659
8917 4659
8918 4660
8919 4660
8920 4660
8921 4661
8922 4662
8923 4663
8924 4664
8925 4664
8926 4665
8927 4666
8928 4667
8929 4667
8930 4668
8931 4669
8932 4669
8933 4670
8934 4670
8935 4670
8936 4671
8937 4672
8938 4673
8939 4673
8940 4674
8941 4675
8942 4675
8943 4676
8944 4676
8945 4676
8946 4677
8947 4678
8948 4678
8949 4679
8950 4679
8951 4679
8952 4680
8953 4680
8954 4680
8955 4680
8956 4681
8957 4682
8958 4683
8959 4684
8960 4685
8961 4686
8962 4687
8963 4687
8964 4688
8965 4689
8966 4690
8967 4691
8968 4692
8969 4693
8970 4693
8971 4694
8972 4695
8973 4696
8974 4697
8975 4698
8976 4698
8977 4699
8978 4700
8979 4701
8980 4702
8981 4702
8982 4703
8983 4704
8984 4705
8985 4705
8986 4706
8987 4707
8988 4707
8989 4708
8990 4708
8991 4708
8992 4709
8993 4710
8994 4711
8995 4712
8996 4713
8997 4714
8998 4714
8999 4715
9000 4716
9001 4717
9002 4718
9003 4719
9004 4719
9005 4720
9006 4721
9007 4722
9008 4723
9009 4723
9010 4724
9011 4725
9012 4726
9013 4726
9014 4727
9015 4728
9016 4728
9017 4729
9018 4729
9019 4729
9020 4730
9021 4731
9022 4732
9023 4733
9024 4734
9025 4734
9026 4735
9027 4736
9028 4737
9029 4738
9030 4738
9031 4739
9032 4740
9033 4741
9034 4741
9035 4742
9036 4743
9037 4743
9038 4744
9039 4744
9040 4744
9041 4745
9042 4746
9043 4747
9044 4748
9045 4748
9046 4749
9047 4750
9048 4751
9049 4751
9050 4752
9051 4753
9052 4753
9053 4754
9054 4754
9055 4754
9056 4755
9057 4756
9058 4757
9059 4757
9060 4758
9061 4759
9062 4759
9063 4760
9064 4760
9065 4760
9066 4761
9067 4762
9068 4762
9069 4763
9070 4763
9071 4763
9072 4764
9073 4764
9074 4764
9075 4764
9076 4765
9077 4766
9078 4767
9079 4768
9080 4769
9081 4770
9082 4770
9083 4771
9084 4772
9085 4773
9086 4774
9087 4775
9088 4775
9089 4776
9090 4777
9091 4778
9092 4779
9093 4779
9094 4780
9095 4781
9096 4782
9097 4782
9098 4783
9099 4784
9100 4784
9101 4785
9102 4785
9103 4785
9104 4786
9105 4787
9106 4788
9107 4789
9108 4790
9109 4790
9110 4791
9111 4792
9112 4793
9113 4794
9114 4794
9115 4795
9116 4796
9117 4797
9118 4797
9119 4798
9120 4799
9121 4799
9122 4800
9123 4800
9124 4800
9125 4801
9126 4802
9127 4803
9128 4804
9129 4804
9130 4805
9131 4806
9132 4807
9133 4807
9134 4808
9135 4809
9136 4809
9137 4810
9138 4810
9139 4810
9140 4811
9141 4812
9142 4813
9143 4813
9144 4814
9145 4815
9146 4815
9147 4816
9148 4816
9149 4816
9150 4817
9151 4818
9152 4818
9153 4819
9154 4819
9155 4819
9156 4820
9157 4820
9158 4820
9159 4820
9160 4821
9161 4822
9162 4823
9163 4824
9164 4825
9165 4825
9166 4826
9167 4827
9168 4828
9169 4829
9170 4829
9171 4830
9172 4831
9173 4832
9174 4832
9175 4833
9176 4834
9177 4834
9178 4835
9179 4835
9180 4835
9181 4836
9182 4837
9183 4838
9184 4839
9185 4839
9186 4840
9187 4841
9188 4842
9189 4842
9190 4843
9191 4844
9192 4844
9193 4845
9194 4845
9195 4845
9196 4846
9197 4847
9198 4848
9199 4848
9200 4849
9201 4850
9202 4850
9203 4851
9204 4851
9205 4851
9206 4852
9207 4853
9208 4853
9209 4854
9210 4854
9211 4854
9212 4855
9213 4855
9214 4855
9215 4855
9216 4856
9217 4857
9218 4858
9219 4859
9220 4859
9221 4860
9222 4861
9223 4862
9224 4862
9225 4863
9226 4864
9227 4864
9228 4865
9229 4865
9230 4865
9231 4866
9232 4867
9233 4868
9234 4868
9235 4869
9236 4870
9237 4870
9238 4871
9239 4871
9240 4871
9241 4872
9242 4873
9243 4873
9244 4874
9245 4874
9246 4874
9247 4875
9248 4875
9249 4875
9250 4875
9251 4876
9252 4877
9253 4878
9254 4878
9255 4879
9256 4880
9257 4880
9258 4881
9259 4881
9260 4881
9261 4882
9262 4883
9263 4883
9264 4884
9265 4884
9266 4884
9267 4885
9268 4885
9269 4885
9270 4885
9271 4886
9272 4887
9273 4887
9274 4888
9275 4888
9276 4888
9277 4889
9278 4889
9279 4889
9280 4889
9281 4890
9282 4890
9283 4890
9284 4890
9285 4890
9286 4891
9287 4892
9288 4893
9289 4894
9290 4895
9291 4896
9292 4897
9293 4898
9294 4898
9295 4899
9296 4900
9297 4901
9298 4902
9299 4903
9300 4904
9301 4905
9302 4905
9303 4906
9304 4907
9305 4908
9306 4909
9307 4910
9308 4911
9309 4911
9310 4912
9311 4913
9312 4914
9313 4915
9314 4916
9315 4916
9316 4917
9317 4918
9318 4919
9319 4920
9320 4920
9321 4921
9322 4922
9323 4923
9324 4923
9325 4924
9326 4925
9327 4925
9328 4926
9329 4926
9330 4926
9331 4927
9332 4928
9333 4929
9334 4930
9335 4931
9336 4932
9337 4933
9338 4933
9339 4934
9340 4935
9341 4936
9342 4937
9343 4938
9344 4939
9345 4939
9346 4940
9347 4941
9348 4942
9349 4943
9350 4944
9351 4944
9352 4945
9353 4946
9354 4947
9355 4948
9356 4948
9357 4949
9358 4950
9359 4951
9360 4951
9361 4952
9362 4953
9363 4953
9364 4954
9365 4954
9366 4954
9367 4955
9368 4956
9369 4957
9370 4958
9371 4959
9372 4960
9373 4960
9374 4961
9375 4962
9376 4963
9377 4964
9378 4965
9379 4965
9380 4966
9381 4967
9382 4968
9383 4969
9384 4969
9385 4970
9386 4971
9387 4972
9388 4972
9389 4973
9390 4974
9391 4974
9392 4975
9393 4975
9394 4975
9395 4976
9396 4977
9397 4978
9398 4979
9399 4980
9400 4980
9401 4981
9402 4982
9403 4983
9404 4984
9405 4984
9406 4985
9407 4986
9408 4987
9409 4987
9410 4988
9411 4989
9412 4989
9413 4990
9414 4990
9415 4990
9416 4991
9417 4992
9418 4993
9419 4994
9420 4994
9421 4995
9422 4996
9423 4997
9424 4997
9425 4998
9426 4999
9427 4999
9428 5000
9429 5000
9430 5000
9431 5001
9432 5002
9433 5003
9434 5003
9435 5004
9436 5005
9437 5005
9438 5006
9439 5006
9440 5006
9441 5007
9442 5008
9443 5008
9444 5009
9445 5009
9446 5009
9447 5010
9448 5010
9449 5010
9450 5010
9451 5011
9452 5012
9453 5013
9454 5014
9455 5015
9456 5016
9457 5017
9458 5017
9459 5018
9460 5019
9461 5020
9462 5021
9463 5022
9464 5023
9465 5023
9466 5024
9467 5025
9468 5026
9469 5027
9470 5028
9471 5028
9472 5029
9473 5030
9474 5031
9475 5032
9476 5032
9477 5033
9478 5034
9479 5035
9480 5035
9481 5036
9482 5037
9483 5037
9484 5038
9485 5038
9486 5038
9487 5039
9488 5040
9489 5041
9490 5042
9491 5043
9492 5044
9493 5044
9494 5045
9495 5046
9496 5047
9497 5048
9498 5049
9499 5049
9500 5050
9501 5051
9502 5052
9503 5053
9504 5053
9505 5054
9506 5055
9507 5056
9508 5056
9509 5057
9510 5058
9511 5058
9512 5059
9513 5059
9514 5059
9515 5060
9516 5061
9517 5062
9518 5063
9519 5064
9520 5064
9521 5065
9522 5066
9523 5067
9524 5068
9525 5068
9526 5069
9527 5070
9528 5071
9529 5071
9530 5072
9531 5073
9532 5073
9533 5074
9534 5074
9535 5074
9536 5075
9537 5076
9538 5077
9539 5078
9540 5078
9541 5079
9542 5080
9543 5081
9544 5081
9545 5082
9546 5083
9547 5083
9548 5084
9549 5084
9550 5084
9551 5085
9552 5086
9553 5087
9554 5087
9555 5088
9556 5089
9557 5089
9558 5090
9559 5090
9560 5090
9561 5091
9562 5092
9563 5092
9564 5093
9565 5093
9566 5093
9567 5094
9568 5094
9569 5094
9570 5094
9571 5095
9572 5096
9573 5097
9574 5098
9575 5099
9576 5100
9577 5100
9578 5101
9579 5102
9580 5103
9581 5104
9582 5105
9583 5105
9584 5106
9585 5107
9586 5108
9587 5109
9588 5109
9589 5110
9590 5111
9591 5112
9592 5112
9593 5113
9594 5114
9595 5114
9596 5115
9597 5115
9598 5115
9599 5116
9600 5117
9601 5118
9602 5119
9603 5120
9604 5120
9605 5121
9606 5122
9607 5123
9608 5124
9609 5124
9610 5125
9611 5126
9612 5127
9613 5127
9614 5128
9615 5129
9616 5129
9617 5130
9618 5130
9619 5130
9620 5131
9621 5132
9622 5133
9623 5134
9624 5134
9625 5135
9626 5136
9627 5137
9628 5137
9629 5138
9630 5139
9631 5139
9632 5140
9633 5140
9634 5140
9635 5141
9636 5142
9637 5143
9638 5143
9639 5144
9640 5145
9641 5145
9642 5146
9643 5146
9644 5146
9645 5147
9646 5148
9647 5148
9648 5149
9649 5149
9650 5149
9651 5150
9652 5150
9653 5150
9654 5150
9655 5151
9656 5152
9657 5153
9658 5154
9659 5155
9660 5155
9661 5156
9662 5157
9663 5158
9664 5159
9665 5159
9666 5160
9667 5161
9668 5162
9669 5162
9670 5163
9671 5164
9672 5164
9673 5165
9674 5165
9675 5165
9676 5166
9677 5167
9678 5168
9679 5169
9680 5169
9681 5170
9682 5171
9683 5172
9684 5172
9685 5173
9686 5174
9687 5174
9688 5175
9689 5175
9690 5175
9691 5176
9692 5177
9693 5178
9694 5178
9695 5179
9696 5180
9697 5180
9698 5181
9699 5181
9700 5181
9701 5182
9702 5183
9703 5183
9704 5184
9705 5184
9706 5184
9707 5185
9708 5185
9709 5185
9710 5185
9711 5186
9712 5187
9713 5188
9714 5189
9715 5189
9716 5190
9717 5191
9718 5192
9719 5192
9720 5193
9721 5194
9722 5194
9723 5195
9724 5195
9725 5195
9726 5196
9727 5197
9728 5198
9729 5198
9730 5199
9731 5200
9732 5200
9733 5201
9734 5201
9735 5201
9736 5202
9737 5203
9738 5203
9739 5204
9740 5204
9741 5204
9742 5205
9743 5205
9744 5205
9745 5205
9746 5206
9747 5207
9748 5208
9749 5208
9750 5209
9751 5210
9752 5210
9753 5211
9754 5211
9755 5211
9756 5212
9757 5213
9758 5213
9759 5214
9760 5214
9761 5214
9762 5215
9763 5215
9764 5215
9765 5215
9766 5216
9767 5217
9768 5217
9769 5218
9770 5218
9771 5218
9772 5219
9773 5219
9774 5219
9775 5219
9776 5220
9777 5220
9778 5220
9779 5220
9780 5220
9781 5221
9782 5222
9783 5223
9784 5224
9785 5225
9786 5226
9787 5227
9788 5227
9789 5228
9790 5229
9791 5230
9792 5231
9793 5232
9794 5233
9795 5233
9796 5234
9797 5235
9798 5236
9799 5237
9800 5238
9801 5238
9802 5239
9803 5240
9804 5241
9805 5242
9806 5242
9807 5243
9808 5244
9809 5245
9810 5245
9811 5246
9812 5247
9813 5247
9814 5248
9815 5248
9816 5248
9817 5249
9818 5250
9819 5251
9820 5252
9821 5253
9822 5254
9823 5254
9824 5255
9825 5256
9826 5257
9827 5258
9828 5259
9829 5259
9830 5260
9831 5261
9832 5262
9833 5263
9834 5263
9835 5264
9836 5265
9837 5266
9838 5266
9839 5267
9840 5268
9841 5268
9842 5269
9843 5269
9844 5269
9845 5270
9846 5271
9847 5272
9848 5273
9849 5274
9850 5274
9851 5275
9852 5276
9853 5277
9854 5278
9855 5278
9856 5279
9857 5280
9858 5281
9859 5281
9860 5282
9861 5283
9862 5283
9863 5284
9864 5284
9865 5284
9866 5285
9867 5286
9868 5287
9869 5288
9870 5288
9871 5289
9872 5290
9873 5291
9874 5291
9875 5292
9876 5293
9877 5293
9878 5294
9879 5294
9880 5294
9881 5295
9882 5296
9883 5297
9884 5297
9885 5298
9886 5299
9887 5299
9888 5300
9889 5300
9890 5300
9891 5301
9892 5302
9893 5302
9894 5303
9895 5303
9896 5303
9897 5304
9898 5304
9899 5304
9900 5304
9901 5305
9902 5306
9903 5307
9904 5308
9905 5309
9906 5310
9907 5310
9908 5311
9909 5312
9910 5313
9911 5314
9912 5315
9913 5315
9914 5316
9915 5317
9916 5318
9917 5319
9918 5319
9919 5320
9920 5321
9921 5322
9922 5322
9923 5323
9924 5324
9925 5324
9926 5325
9927 5325
9928 5325
9929 5326
9930 5327
9931 5328
9932 5329
9933 5330
9934 5330
9935 5331
9936 5332
9937 5333
9938 5334
9939 5334
9940 5335
9941 5336
9942 5337
9943 5337
9944 5338
9945 5339
9946 5339
9947 5340
9948 5340
9949 5340
9950 5341
9951 5342
9952 5343
9953 5344
9954 5344
9955 5345
9956 5346
9957 5347
9958 5347
9959 5348
9960 5349
9961 5349
9962 5350
9963 5350
9964 5350
9965 5351
9966 5352
9967 5353
9968 5353
9969 5354
9970 5355
9971 5355
9972 5356
9973 5356
9974 5356
9975 5357
9976 5358
9977 5358
9978 5359
9979 5359
9980 5359
9981 5360
9982 5360
9983 5360
9984 5360
9985 5361
9986 5362
9987 5363
9988 5364
9989 5365
9990 5365
9991 5366
9992 5367
9993 5368
9994 5369
9995 5369
9996 5370
9997 5371
9998 5372
9999 5372
10000 5373







