0 2
1 31
2 33
3 64
4 211
5 242
6 244
7 275
8 486
9 781
10 992
11 1023
12 1025
13 1056
14 1267
15 2048
16 2101
17 2882
18 3093
19 3124
20 3126
21 3157
22 3368
23 4149
24 4651
25 6250
26 6752
27 7533
28 7744
29 7775
30 7777
31 7808
32 8019
33 8800
34 9031
35 10901
36 13682
37 15552
38 15783
39 15961
40 16564
41 16775
42 16806
43 16808
44 16839
45 17050
46 17831
47 19932
48 24583
49 24992
50 26281
51 29643
52 31744
53 32525
54 32736
55 32767
56 32769
57 32800
58 33011
59 33614
60 33792
61 35893
62 40544
63 40951
64 42242
65 49575
66 51273
67 55924
68 58025
69 58806
70 59017
71 59048
72 59050
73 59081
74 59292
75 60073
76 61051
77 62174
78 65536
79 66825
80 67232
81 75856
82 83193
83 87781
84 91817
85 92224
86 96875
87 98976
88 99757
89 99968
90 99999
91 100001
92 100032
93 100243
94 101024
95 102002
96 103125
97 107776
98 116807
99 118098
100 122461
101 128283
102 132768
103 144244
104 148832
105 153275
106 157926
107 159049
108 160027
109 160808
110 161019
111 161050
112 161052
113 161083
114 161294
115 162075
116 164176
117 166531
118 168827
119 177858
120 189783
121 193819
122 200000
123 210242
124 216064
125 220100
126 221551
127 232025
128 241056
129 245707
130 247808
131 248589
132 248800
133 248831
134 248833
135 248864
136 249075
137 249856
138 251957
139 256608
140 261051
141 265639
142 271293
143 281600
144 288992
145 289201
146 307881
147 312244
148 322102
149 338525
150 348832
151 354486
152 363517
153 368168
154 370269
155 371050
156 371261
157 371281
158 371292
159 371294
160 371325
161 371536
162 372317
163 374418
164 376773
165 379069
166 388082
167 388100
168 404061
169 409883
170 430342
171 437824
172 469711
173 471293
174 478775
175 497664
176 505056
177 510543
178 510752
179 521017
180 530048
181 532344
182 534699
183 536800
184 537581
185 537792
186 537823
187 537825
188 537856
189 538067
190 538848
191 540949
192 545600
193 554631
194 570592
195 586531
196 596873
197 598324
198 620125
199 637824
200 659375
201 660482
202 677283
203 698875
204 700326
205 723901
206 726607
207 742568
208 742586
209 751599
210 756250
211 758351
212 759132
213 759343
214 759374
215 759376
216 759407
217 759618
218 760399
219 762500
220 767151
221 776182
222 786656
223 792143
224 799744
225 818424
226 840992
227 859375
228 882033
229 884101
230 887525
231 909117
232 920426
233 948576
234 989527
235 1008207
236 1015808
237 1031769
238 1040800
239 1045451
240 1047552
241 1048333
242 1048544
243 1048564
244 1048575
245 1048577
246 1048608
247 1048819
248 1049600
249 1051701
250 1056242
251 1056352
252 1065383
253 1069531
254 1075648
255 1081344
256 1107625
257 1130193
258 1130668
259 1148576
260 1171025
261 1209627
262 1258806
263 1282711
264 1297199
265 1297408
266 1310432
267 1319857
268 1351744
269 1360808
270 1387089
271 1403050
272 1412081
273 1416732
274 1418833
275 1419614
276 1419825
277 1419856
278 1419858
279 1419869
280 1419889
281 1420100
282 1420881
283 1422982
284 1427523
285 1427633
286 1436664
287 1452625
288 1478906
289 1518275
290 1518750
291 1519857
292 1526281
293 1580908
294 1586400
295 1608002
296 1640736
297 1668689
298 1716724
299 1728517
300 1780143
301 1789568
302 1791150
303 1803001
304 1807951
305 1830519
306 1856800
307 1872761
308 1881792
309 1886443
310 1888544
311 1889325
312 1889536
313 1889567
314 1889569
315 1889600
316 1889811
317 1890592
318 1892693
319 1897344
320 1906375
321 1922336
322 1938275
323 1948617
324 1953632
325 1957681
326 1989568
327 2050619
328 2097152
329 2104806
330 2115751
331 2138400
332 2151424
333 2179232
334 2194533
335 2227267
336 2260861
337 2315048
338 2352242
339 2376099
340 2417050
341 2427392
342 2440625
343 2443331
344 2459292
345 2467531
346 2468323
347 2468433
348 2472974
349 2475075
350 2475856
351 2476067
352 2476098
353 2476100
354 2476131
355 2476342
356 2477123
357 2479224
358 2483875
359 2492906
360 2508867
361 2535148
362 2576099
363 2637150
364 2648943
365 2662176
366 2664244
367 2677533
368 2724931
369 2808992
370 2828707
371 2839714
372 2847392
373 2861461
374 2938144
375 2951168
376 3013923
377 3035525
378 3038949
379 3100000
380 3140951
381 3167232
382 3183193
383 3192224
384 3196875
385 3198976
386 3199757
387 3199968
388 3199999
389 3200001
390 3200032
391 3200243
392 3201024
393 3203125
394 3207776
395 3216807
396 3232768
397 3235474
398 3236343
399 3259049
400 3264064
401 3300000
402 3300781
403 3309425
404 3324726
405 3329282
406 3361051
407 3448832
408 3524675
409 3546277
410 3571293
411 3712808
412 3733775
413 3737824
414 3779136
415 3788851
416 3835269
417 3878523
418 3895956
419 3918752
420 3923050
421 3959375
422 3960244
423 3984101
424 4025052
425 4051333
426 4067294
427 4076325
428 4080976
429 4083077
430 4083858
431 4084069
432 4084100
433 4084102
434 4084133
435 4084344
436 4085125
437 4087226
438 4091877
439 4100908
440 4105056
441 4116869
442 4143150
443 4184101
444 4245152
445 4248576
446 4329151
447 4332933
448 4365667
449 4394257
450 4455394
451 4546775
452 4583282
453 4611993
454 4615808
455 4619857
456 4621925
457 4762624
458 4782339
459 4843476
460 4904800
461 4925281
462 4952198
463 4992581
464 5016486
465 5053632
466 5089568
467 5094583
468 5120864
469 5132677
470 5136825
471 5145856
472 5150507
473 5152608
474 5153389
475 5153600
476 5153631
477 5153633
478 5153664
479 5153875
480 5154656
481 5156757
482 5161408
483 5170439
484 5186400
485 5212681
486 5253632
487 5314683
488 5328992
489 5387767
490 5402464
491 5445033
492 5486525
493 5503958
494 5524925
495 5580961
496 5676099
497 5676968
498 5681524
499 5691456
500 5898519
501 5913007
502 5973669
503 6065050
504 6073056
505 6162242
506 6187511
507 6202208
508 6275292
509 6300031
510 6336343
511 6377294
512 6386283
513 6400000
514 6403575
515 6419536
516 6428567
517 6433218
518 6435319
519 6436100
520 6436311
521 6436342
522 6436344
523 6436375
524 6436586
525 6437367
526 6439468
527 6444119
528 6453150
529 6469111
530 6495392
531 6536343
532 6542767
533 6560200
534 6565625
535 6573489
536 6597394
537 6685175
538 6727744
539 6807636
540 6914048
541 6974167
542 7043200
543 7086451
544 7089632
545 7195718
546 7203249
547 7284101
548 7289526
549 7424800
550 7444743
551 7484919
552 7591331
553 7629731
554 7713792
555 7797275
556 7801573
557 7856200
558 7862624
559 7876057
560 7903575
561 7912564
562 7929856
563 7944301
564 7945817
565 7954848
566 7959499
567 7961600
568 7962381
569 7962592
570 7962623
571 7962625
572 7962656
573 7962867
574 7963648
575 7965749
576 7970400
577 7979431
578 7995392
579 8021673
580 8062624
581 8118002
582 8123675
583 8168202
584 8211456
585 8325911
586 8333917
587 8345768
588 8353632
589 8500448
590 8629773
591 8681376
592 8717049
593 8721999
594 8877781
595 8912442
596 9006250
597 9011200
598 9195275
599 9227801
600 9237733
601 9247744
602 9254432
603 9382481
604 9394332
605 9405277
606 9516793
607 9604574
608 9636343
609 9665625
610 9706576
611 9732857
612 9748818
613 9757849
614 9762500
615 9764601
616 9765382
617 9765593
618 9765624
619 9765626
620 9765657
621 9765868
622 9766649
623 9768750
624 9773401
625 9782432
626 9798393
627 9824674
628 9852192
629 9865625
630 9891211
631 9926676
632 9951093
633 9991808
634 10014457
635 10136918
636 10264806
637 10303449
638 10307264
639 10438723
640 10461519
641 10506242
642 10520444
643 10525000
644 10745524
645 10774025
646 10814201
647 10832800
648 10989031
649 11122001
650 11148907
651 11162624
652 11185482
653 11343552
654 11418783
655 11510083
656 11589975
657 11632544
658 11655193
659 11720325
660 11781376
661 11822327
662 11848608
663 11864569
664 11872808
665 11873600
666 11878251
667 11880352
668 11880992
669 11881133
670 11881344
671 11881375
672 11881377
673 11881408
674 11881619
675 11882400
676 11884501
677 11889152
678 11898183
679 11914144
680 11940425
681 11981376
682 12042427
683 12046725
684 12056736
685 12130208
686 12175801
687 12241724
688 12252669
689 12418624
690 12419200
691 12459339
692 12548525
693 12640751
694 12872686
695 12929050
696 12929952
697 12965625
698 13043283
699 13116256
700 13126267
701 13300331
702 13301233
703 13386482
704 13456201
705 13589532
706 13770944
707 13811083
708 13849726
709 13977614
710 14010368
711 14074806
712 14100075
713 14187856
714 14248907
715 14280244
716 14289858
717 14316139
718 14332100
719 14341131
720 14345782
721 14347883
722 14348664
723 14348875
724 14348906
725 14348908
726 14348939
727 14349150
728 14349931
729 14352032
730 14356683
731 14357475
732 14365714
733 14381675
734 14398967
735 14407956
736 14448907
737 14509958
738 14534375
739 14597739
740 14720200
741 14734269
742 14835031
743 14835393
744 14886731
745 14919257
746 15030752
747 15081376
748 15108282
749 15320800
750 15357517
751 15397483
752 15768764
753 15790511
754 15925248
755 15965477
756 16161792
757 16201968
758 16238475
759 16317211
760 16337376
761 16344064
762 16427048
763 16450993
764 16672544
765 16747775
766 16806273
767 16822082
768 16825006
769 16839075
770 16961536
771 17035008
772 17049317
773 17110368
774 17151319
775 17177600
776 17193561
777 17202592
778 17207243
779 17209344
780 17210125
781 17210336
782 17210367
783 17210369
784 17210400
785 17210611
786 17211392
787 17213493
788 17218144
789 17227175
790 17243136
791 17269417
792 17310368
793 17311149
794 17371419
795 17459200
796 17548907
797 17581661
798 17728249
799 17748192
800 17863657
801 17907781
802 17969743
803 18035050
804 18258944
805 18317719
806 18433008
807 18621581
808 18624244
809 18630225
810 18768992
811 18863526
812 18967443
813 19091292
814 19099936
815 19146368
816 19205525
817 19462573
818 19502539
819 19531250
820 19611901
821 19686467
822 19751774
823 19844000
824 19973325
825 20139856
826 20215899
827 20262317
828 20350098
829 20410368
830 20411149
831 20452100
832 20478381
833 20494342
834 20503373
835 20508024
836 20510125
837 20510906
838 20511117
839 20511148
840 20511150
841 20511181
842 20511392
843 20512173
844 20514274
845 20518925
846 20527956
847 20543917
848 20570198
849 20611149
850 20666527
851 20672200
852 20759981
853 20785250
854 20880242
855 20882442
856 21048973
857 21100000
858 21135424
859 21270524
860 21294469
861 21330783
862 21434851
863 21559725
864 21647001
865 21673056
866 21823901
867 21925025
868 21931006
869 22192808
870 22311531
871 22364000
872 22400717
873 22410432
874 22880143
875 22987248
876 23164832
877 23251424
878 23382031
879 23475519
880 23540625
881 23646711
882 23711149
883 23762176
884 23762752
885 23788807
886 23892724
887 23908533
888 23928707
889 24051168
890 24114532
891 24138949
892 24200000
893 24240951
894 24267232
895 24283193
896 24292224
897 24296875
898 24298976
899 24299757
900 24299968
901 24299999
902 24300001
903 24300032
904 24300243
905 24301024
906 24303125
907 24307776
908 24316807
909 24332768
910 24359049
911 24400000
912 24461051
913 24545050
914 24548832
915 24595250
916 24671293
917 24786486
918 24837824
919 24924275
920 25059375
921 25172992
922 25348576
923 25429151
924 25458961
925 25591808
926 25632002
927 25664781
928 25719857
929 26153052
930 26189568
931 26230283
932 26713293
933 26739583
934 26776099
935 26911744
936 26947492
937 26975993
938 27118089
939 27209294
940 27254017
941 27500000
942 27580575
943 27671281
944 27869776
945 28091327
946 28221875
947 28225056
948 28257858
949 28291232
950 28380319
951 28384101
952 28400800
953 28468100
954 28473773
955 28529151
956 28570102
957 28596383
958 28612344
959 28621375
960 28626026
961 28628127
962 28628908
963 28629119
964 28629150
965 28629152
966 28629183
967 28629394
968 28630175
969 28632276
970 28636927
971 28645958
972 28661919
973 28688200
974 28697814
975 28729151
976 28790202
977 28877983
978 29000444
979 29091744
980 29166975
981 29369768
982 29388526
983 29453632
984 29470331
985 29677727
986 29758023
987 30024751
988 30049008
989 30208564
990 30276774
991 30354432
992 30518719
993 30736343
994 31078333
995 31086517
996 31105250
997 31152242
998 31172769
999 31559275
1000 31664864
1001 31829151
1002 31837025
1003 32010726
1004 32134575
1005 32262624
1006 32392525
1007 32505856
1008 32525251
1009 32699050
1010 32713252
1011 32795057
1012 33016608
1013 33056043
1014 33183139
1015 33305600
1016 33393381
1017 33454432
1018 33495383
1019 33521664
1020 33537625
1021 33546656
1022 33551307
1023 33553408
1024 33554048
1025 33554189
1026 33554400
1027 33554431
1028 33554433
1029 33554464
1030 33554675
1031 33555456
1032 33557557
1033 33562208
1034 33571239
1035 33587200
1036 33613481
1037 33654432
1038 33715483
1039 33782783
1040 33799744
1041 33803264
1042 33925725
1043 33981761
1044 34065625
1045 34092256
1046 34224992
1047 34313807
1048 34420736
1049 34603008
1050 34860056
1051 34974289
1052 35051292
1053 35065494
1054 35178781
1055 35311507
1056 35444000
1057 35669799
1058 35789525
1059 35935393
1060 36030531
1061 36166176
1062 36181376
1063 36591775
1064 36621033
1065 36659294
1066 36754432
1067 37245825
1068 37472800
1069 37519682
1070 37638533
1071 37702324
1072 37715536
1073 37721517
1074 37991461
1075 38086817
1076 38172968
1077 38376018
1078 38394776
1079 38597569
1080 38648907
1081 38708064
1082 38764100
1083 38886561
1084 38974342
1085 38999081
1086 39035393
1087 39076344
1088 39102625
1089 39118586
1090 39127617
1091 39132268
1092 39134369
1093 39135150
1094 39135361
1095 39135392
1096 39135394
1097 39135425
1098 39135636
1099 39136417
1100 39138518
1101 39143169
1102 39152200
1103 39168161
1104 39194442
1105 39235393
1106 39296444
1107 39384225
1108 39506686
1109 39673217
1110 39894768
1111 39955027
1112 39990775
1113 40099775
1114 40183969
1115 40281792
1116 40467033
1117 40510527
1118 40555250
1119 40640499
1120 40714806
1121 40969531
1122 41022298
1123 41024961
1124 41046752
1125 41351323
1126 41510368
1127 41517056
1128 41611492
1129 41933824
1130 42235424
1131 42335393
1132 42756250
1133 42959325
1134 42978058
1135 43219494
1136 43255808
1137 43320057
1138 43545856
1139 44015567
1140 44119351
1141 44289025
1142 44386848
1143 44559251
1144 44608443
1145 44676049
1146 44788775
1147 44811149
1148 44816882
1149 44897600
1150 45043957
1151 45064131
1152 45186592
1153 45274373
1154 45335424
1155 45376375
1156 45402656
1157 45418617
1158 45427648
1159 45432299
1160 45434400
1161 45435181
1162 45435392
1163 45435423
1164 45435425
1165 45435456
1166 45435667
1167 45435808
1168 45436448
1169 45438549
1170 45443200
1171 45452231
1172 45468192
1173 45494473
1174 45535424
1175 45571736
1176 45596475
1177 45680736
1178 45684256
1179 45806717
1180 45839519
1181 45973248
1182 46085532
1183 46117269
1184 46194799
1185 46484000
1186 46512244
1187 46855281
1188 47098017
1189 47324992
1190 47368243
1191 47447401
1192 47903339
1193 47911523
1194 48437774
1195 48584800
1196 48600000
1197 48635424
1198 48832808
1199 48840992
1200 48901018
1201 49060023
1202 49140300
1203 49321875
1204 49519525
1205 49878125
1206 50045776
1207 50589056
1208 50606017
1209 50632307
1210 50700551
1211 50764800
1212 50960281
1213 51016769
1214 51088806
1215 51102018
1216 51456064
1217 51473299
1218 51762500
1219 51871767
1220 51984051
1221 52133589
1222 52150582
1223 52273043
1224 52360824
1225 52421875
1226 52462826
1227 52489107
1228 52503552
1229 52505068
1230 52514099
1231 52518750
1232 52520851
1233 52521632
1234 52521843
1235 52521874
1236 52521876
1237 52521907
1238 52522118
1239 52522899
1240 52525000
1241 52529651
1242 52538682
1243 52554643
1244 52580924
1245 52621875
1246 52682926
1247 52770707
1248 52893168
1249 52929151
1250 53059699
1251 53130242
1252 53281250
1253 53398048
1254 53484300
1255 53570451
1256 53836893
1257 53941732
1258 54029833
1259 54065581
1260 54411443
1261 54664711
1262 54935168
1263 54995050
1264 54997974
1265 55201049
1266 55312544
1267 55390025
1268 55721875
1269 56345761
1270 56382075
1271 56605976
1272 56669767
1273 56784244
1274 56964576
1275 57258302
1276 57266176
1277 57316800
1278 57462581
1279 57675507
1280 57696032
1281 57854432
1282 57990077
1283 58567531
1284 58576608
1285 58724019
1286 58954533
1287 58958218
1288 59046319
1289 59417600
1290 59578332
1291 59646542
1292 59706801
1293 59784331
1294 59928352
1295 60094883
1296 60217344
1297 60305125
1298 60366176
1299 60407127
1300 60433408
1301 60449369
1302 60458400
1303 60463051
1304 60465152
1305 60465933
1306 60466144
1307 60466175
1308 60466177
1309 60466208
1310 60466419
1311 60467200
1312 60469301
1313 60473952
1314 60482983
1315 60484499
1316 60498944
1317 60525225
1318 60566176
1319 60627227
1320 60715008
1321 60837469
1322 61004000
1323 61225551
1324 61347275
1325 61381333
1326 61514752
1327 61595048
1328 61886033
1329 62024800
1330 62183583
1331 62287500
1332 62355744
1333 62516224
1334 62550002
1335 62645792
1336 62675701
1337 62907614
1338 62942275
1339 63264607
1340 63334326
1341 63435393
1342 63666176
1343 64190325
1344 64403251
1345 64428783
1346 64550277
1347 64886261
1348 65259856
1349 65619808
1350 65924199
1351 65946573
1352 66143957
1353 66867858
1354 66870782
1355 66902519
1356 66996301
1357 67108864
1358 67353792
1359 67454389
1360 67704032
1361 67764544
1362 67773275
1363 67924100
1364 68295381
1365 68428800
1366 68584582
1367 68671924
1368 68806133
1369 68845568
1370 68972664
1371 69095125
1372 69182906
1373 69243957
1374 69284908
1375 69311189
1376 69327150
1377 69336181
1378 69340832
1379 69342933
1380 69343714
1381 69343925
1382 69343956
1383 69343958
1384 69343989
1385 69344200
1386 69344981
1387 69347082
1388 69351733
1389 69360764
1390 69376725
1391 69403006
1392 69443957
1393 69469543
1394 69505008
1395 69592789
1396 69713050
1397 69715250
1398 69732243
1399 69735424
1400 69881781
1401 70103332
1402 70225056
1403 70231801
1404 70275843
1405 70392533
1406 70420777
1407 70763814
1408 71233525
1409 71272544
1410 71536531
1411 71820056
1412 72347552
1413 72543957
1414 72689825
1415 72798825
1416 73013831
1417 73033024
1418 73170242
1419 73428058
1420 73770849
1421 74064575
1422 74081536
1423 74497589
1424 74692025
1425 74815083
1426 75151067
1427 75271744
1428 75780300
1429 75875292
1430 76035168
1431 76303711
1432 76512273
1433 76720808
1434 76759069
1435 76821875
1436 77306581
1437 77345600
1438 77664486
1439 77676544
1440 77815311
1441 78100000
1442 78169357
1443 78186592
1444 78270786
1445 78342823
1446 78475793
1447 78697344
1448 78863875
1449 78960992
1450 78986336
1451 78989856
1452 79074117
1453 79109582
1454 79135168
1455 79176119
1456 79202400
1457 79218361
1458 79227392
1459 79232043
1460 79234144
1461 79234925
1462 79235136
1463 79235167
1464 79235169
1465 79235200
1466 79235411
1467 79236192
1468 79238293
1469 79242944
1470 79251975
1471 79267936
1472 79294217
1473 79335168
1474 79396219
1475 79484000
1476 79606461
1477 79772992
1478 79994543
1479 80283744
1480 80458574
1481 80655025
1482 80977325
1483 81124736
1484 81151026
1485 81225333
1486 81305281
1487 81711267
1488 81888851
1489 82128125
1490 82261575
1491 82301769
1492 82336564
1493 82435168
1494 83154993
1495 83319269
1496 83692864
1497 83787856
1498 84388800
1499 84570817
1500 84766176
1501 85070567
1502 85088882
1503 85189632
1504 85255808
1505 85671511
1506 85681056
1507 86076307
1508 86140098
1509 86542267
1510 86548801
1511 86554325
1512 87024199
1513 87197792
1514 87227050
1515 87748100
1516 88051093
1517 88334631
1518 88804342
1519 89000793
1520 89095327
1521 89175623
1522 89464824
1523 89686375
1524 89852906
1525 89855106
1526 89887744
1527 89975367
1528 90063148
1529 90106775
1530 90124199
1531 90165150
1532 90191431
1533 90207392
1534 90216423
1535 90221074
1536 90221283
1537 90223175
1538 90223956
1539 90224167
1540 90224198
1541 90224200
1542 90224231
1543 90224442
1544 90225223
1545 90227324
1546 90231975
1547 90241006
1548 90256967
1549 90283248
1550 90324199
1551 90385250
1552 90473031
1553 90518624
1554 90595492
1555 90762023
1556 90870848
1557 90983574
1558 91116544
1559 91272775
1560 91555839
1561 91556201
1562 91566752
1563 91644056
1564 91657268
1565 92041951
1566 92113767
1567 92634375
1568 92700298
1569 93424199
1570 93584075
1571 93643957
1572 94020608
1573 94303926
1574 94308300
1575 94437376
1576 94486568
1577 95345052
1578 95377831
1579 95572267
1580 95963657
1581 96445536
1582 96660542
1583 97136800
1584 97246368
1585 97728783
1586 97792531
1587 97947124
1588 97957299
1589 97973108
1590 98186823
1591 98315899
1592 98407682
1593 98645833
1594 98653775
1595 99200000
1596 99601569
1597 99746317
1598 99923901
1599 99989824
1600 100510432
1601 100980143
1602 101351424
1603 101507294
1604 101573019
1605 101640625
1606 101862176
1607 102028707
1608 102062081
1609 102105575
1610 102151168
1611 102238949
1612 102300000
1613 102340951
1614 102367232
1615 102383193
1616 102392224
1617 102396875
1618 102398976
1619 102399757
1620 102399968
1621 102399999
1622 102400001
1623 102400032
1624 102400243
1625 102401024
1626 102403125
1627 102407776
1628 102416807
1629 102432768
1630 102459049
1631 102500000
1632 102561051
1633 102648832
1634 102771293
1635 102898389
1636 102937824
1637 103159375
1638 103448576
1639 103535168
1640 103562976
1641 103808461
1642 103819857
1643 103974825
1644 104289568
1645 104450048
1646 104573106
1647 104876099
1648 105043750
1649 105292957
1650 105600000
1651 105624992
1652 105695493
1653 105901600
1654 106090576
1655 106391232
1656 106484101
1657 106537024
1658 107434567
1659 107553632
1660 107795525
1661 107864319
1662 107873050
1663 107893577
1664 108479350
1665 108836343
1666 109419858
1667 110097781
1668 110180083
1669 110362624
1670 110702569
1671 110735348
1672 111772100
1673 112165625
1674 112394349
1675 112656201
1676 112789600
1677 112988051
1678 113232242
1679 113380102
1680 113454011
1681 113480864
1682 113488806
1683 113966633
1684 114139773
1685 114281376
1686 114436344
1687 114524199
1688 114779381
1689 114807625
1690 115096826
1691 115184168
1692 115318377
1693 115484908
1694 115607369
1695 115680244
1696 115695150
1697 115738777
1698 115756201
1699 115797152
1700 115823433
1701 115839394
1702 115848425
1703 115853076
1704 115855177
1705 115855958
1706 115856169
1707 115856200
1708 115856202
1709 115856233
1710 115856444
1711 115857225
1712 115859326
1713 115863977
1714 115873008
1715 115888969
1716 115915250
1717 115956201
1718 116017252
1719 116105033
1720 116227494
1721 116342325
1722 116394025
1723 116615576
1724 116668651
1725 116748907
1726 116904777
1727 117276058
1728 117559025
1729 117745769
1730 118332300
1731 118370561
1732 118379292
1733 118809856
1734 118853350
1735 119056201
1736 119480800
1737 119610368
1738 119940302
1739 120925607
1740 120932352
1741 121009833
1742 121243232
1743 121865832
1744 122292544
1745 122708443
1746 122728608
1747 122911149
1748 123080343
1749 123529351
1750 123778631
1751 123818825
1752 124061949
1753 124112736
1754 124254889
1755 124670592
1756 125400064
1757 125537600
1758 125621826
1759 125780831
1760 126497294
1761 126607131
1762 126700000
1763 126727808
1764 126945007
1765 127491232
1766 127737577
1767 127971875
1768 128215133
1769 128801664
1770 129271375
1771 129359592
1772 129642656
1773 129672002
1774 129798075
1775 129810133
1776 129931857
1777 130153408
1778 130205108
1779 130319939
1780 130442400
1781 130530181
1782 130591232
1783 130632183
1784 130658464
1785 130674425
1786 130683456
1787 130688107
1788 130688281
1789 130690208
1790 130690989
1791 130691200
1792 130691231
1793 130691233
1794 130691264
1795 130691475
1796 130692256
1797 130694357
1798 130699008
1799 130708039
1800 130724000
1801 130750281
1802 130791232
1803 130852283
1804 130940064
1805 131029151
1806 131062525
1807 131229056
1808 131361792
1809 131450607
1810 131739808
1811 131757043
1812 132006250
1813 132111089
1814 132536283
1815 132580800
1816 132659536
1817 133066569
1818 133167331
1819 133891232
1820 134775333
1821 135127067
1822 135466806
1823 135659623
1824 135720244
1825 135844864
1826 135954432
1827 136287073
1828 136367350
1829 136619019
1830 137127575
1831 137242818
1832 138153961
1833 138532832
1834 138653856
1835 138687914
1836 138947767
1837 139045819
1838 139062275
1839 139092701
1840 139120808
1841 139701344
1842 140156201
1843 140456857
1844 140572100
1845 140616224
1846 141535393
1847 141854811
1848 142527033
1849 142572608
1850 142746074
1851 142924342
1852 143808443
1853 144405075
1854 144485352
1855 144532344
1856 145040139
1857 145118875
1858 145392732
1859 145496800
1860 145588586
1861 145935031
1862 145959867
1863 146249068
1864 146470619
1865 146637150
1866 146665024
1867 146759611
1868 146847392
1869 146908443
1870 146949394
1871 146975675
1872 146991636
1873 147000667
1874 147005318
1875 147007419
1876 147008200
1877 147008411
1878 147008442
1879 147008444
1880 147008475
1881 147008686
1882 147009467
1883 147011568
1884 147016219
1885 147025250
1886 147041211
1887 147067492
1888 147108443
1889 147169494
1890 147257275
1891 147379736
1892 147546267
1893 147583776
1894 147705856
1895 147767818
1896 147835424
1897 147840242
1898 147901600
1899 148057019
1900 148428300
1901 148579125
1902 148898011
1903 149410633
1904 149484542
1905 150109839
1906 150208443
1907 150567317
1908 150690375
1909 150859025
1910 150973693
1911 151092544
1912 151202381
1913 151784017
1914 152162075
1915 152403968
1916 153034848
1917 153072393
1918 153441101
1919 153444786
1920 154040251
1921 154921875
1922 154971067
1923 154991232
1924 154991594
1925 155150599
1926 155898974
1927 156774068
1928 156953600
1929 157608992
1930 158259124
1931 158470336
1932 158479881
1933 158889819
1934 159320383
1935 159568156
1936 159762592
1937 160001050
1938 160228125
1939 160497126
1940 160527552
1941 160832123
1942 161291625
1943 161357350
1944 161716224
1945 162440125
1946 162866176
1947 163026656
1948 163391525
1949 163496367
1950 163867648
1951 164016976
1952 164156849
1953 164192523
1954 164218811
1955 164245664
1956 164378400
1957 164544931
1958 164579769
1959 164667392
1960 164755173
1961 164816224
1962 164857175
1963 164883456
1964 164899417
1965 164908448
1966 164913099
1967 164915200
1968 164915981
1969 164916192
1970 164916223
1971 164916225
1972 164916256
1973 164916467
1974 164917248
1975 164919349
1976 164924000
1977 164933031
1978 164948992
1979 164975273
1980 165016224
1981 165077275
1982 165165056
1983 165287517
1984 165454048
1985 165491557
1986 165675599
1987 165964800
1988 166336081
1989 166619048
1990 166805792
1991 166827583
1992 167317757
1993 167392323
1994 167519592
1995 167854082
1996 168116224
1997 168378076
1998 168878831
1999 169000325
2000 169459367
2001 169826625
2002 170069856
2003 170179218
2004 170527744
2005 171308443
2006 171352567
2007 171743957
2008 172408544
2009 172646749
2010 172878848
2011 174241056
2012 174681849
2013 174762500
2014 175568800
2015 175637594
2016 175907943
2017 176126656
2018 176322377
2019 176565501
2020 176689775
2021 176797600
2022 176823132
2023 177333825
2024 178091782
2025 178590752
2026 179265131
2027 179374493
2028 180075249
2029 180109027
2030 180444024
2031 180448398
2032 180562875
2033 181328125
2034 181635168
2035 181662976
2036 181808768
2037 182052026
2038 182126592
2039 182638557
2040 183108268
2041 183213107
2042 183479549
2043 183496564
2044 183768750
2045 183909583
2046 183990301
2047 184156832
2048 184279293
2049 184367074
2050 184428125
2051 184469076
2052 184495357
2053 184511318
2054 184520349
2055 184525000
2056 184527101
2057 184527882
2058 184528093
2059 184528124
2060 184528126
2061 184528157
2062 184528368
2063 184529149
2064 184531250
2065 184535901
2066 184544932
2067 184560893
2068 184587174
2069 184628125
2070 184689176
2071 184776957
2072 184899418
2073 185065949
2074 185200158
2075 185287500
2076 185427373
2077 185451827
2078 185460011
2079 185576701
2080 185947982
2081 186143836
2082 186417693
2083 187004224
2084 187728125
2085 188239533
2086 188612226
2087 188752608
2088 188850486
2089 189216224
2090 189681757
2091 189834482
2092 190209614
2093 190784375
2094 190964468
2095 191157408
2096 191614069
2097 192251050
2098 192443867
2099 192490749
2100 192624199
2101 193545375
2102 194081600
2103 194293750
2104 194337792
2105 195091369
2106 195675907
2107 195790575
2108 196197351
2109 196409501
2110 196643799
2111 197191744
2112 198000352
2113 198016808
2114 198470656
2115 198877032
2116 199526633
2117 199530318
2118 200035189
2119 200715856
2120 200809344
2121 201208533
2122 201600992
2123 201738493
2124 201878875
2125 202282093
2126 202762976
2127 203240081
2128 203486877
2129 204051617
2130 204073408
2131 204361056
2132 204543119
2133 204800000
2134 204914400
2135 205039274
2136 205045007
2137 205203601
2138 205425152
2139 205591683
2140 205706525
2141 205714144
2142 205801925
2143 205862976
2144 205903927
2145 205930208
2146 205946169
2147 205955200
2148 205959851
2149 205961952
2150 205962733
2151 205962944
2152 205962975
2153 205962977
2154 205963008
2155 205963219
2156 205964000
2157 205966101
2158 205970752
2159 205979783
2160 205995744
2161 206022025
2162 206062976
2163 206080400
2164 206124027
2165 206211808
2166 206334269
2167 206500800
2168 206722351
2169 207011552
2170 207382833
2171 207474619
2172 207852544
2173 208439075
2174 208828125
2175 208833858
2176 209162976
2177 209368544
2178 209926400
2179 210047077
2180 210100000
2181 210351648
2182 211116608
2183 211639924
2184 212134639
2185 212232517
2186 212399319
2187 213131292
2188 213157276
2189 213906242
2190 213925600
2191 214334019
2192 214836543
2193 214996100
2194 215287808
2195 215668575
2196 215728601
2197 216352400
2198 217438099
2199 217463631
2200 217844352
2201 218082557
2202 218256201
2203 219579382
2204 220311883
2205 220809126
2206 220915431
2207 221249536
2208 221382383
2209 221488025
2210 222009073
2211 222275801
2212 222908664
2213 223173344
2214 223663518
2215 224191375
2216 225260906
2217 225382400
2218 226145007
2219 226174817
2220 226243611
2221 226474125
2222 226766432
2223 226868224
2224 226868908
2225 227455439
2226 227925150
2227 228296431
2228 228585632
2229 228807183
2230 228973714
2231 229096175
2232 229145523
2233 229169050
2234 229183956
2235 229245007
2236 229285958
2237 229312239
2238 229328200
2239 229337231
2240 229341882
2241 229343983
2242 229344764
2243 229344975
2244 229345006
2245 229345008
2246 229345039
2247 229345250
2248 229346031
2249 229348132
2250 229352783
2251 229361814
2252 229377775
2253 229404056
2254 229445007
2255 229506058
2256 229593839
2257 229716300
2258 229820017
2259 229882831
2260 229953374
2261 229963549
2262 230104382
2263 230262976
2264 230393583
2265 230503968
2266 230764864
2267 231234575
2268 231712402
2269 231821106
2270 232545007
2271 233091232
2272 233195589
2273 233264832
2274 233429108
2275 233667368
2276 234260181
2277 234292819
2278 234498639
2279 234592127
2280 235781350
2281 237039825
2282 237050000
2283 237232642
2284 237307631
2285 237593600
2286 238161275
2287 238231776
2288 239110632
2289 239517408
2290 240198002
2291 240455061
2292 241226383
2293 242625251
2294 242904244
2295 242922592
2296 243156043
2297 243339856
2298 243693914
2299 244151392
2300 244157793
2301 244994301
2302 245038343
2303 245098369
2304 246547433
2305 246555375
2306 246841344
2307 248367625
2308 248480407
2309 248920817
2310 249408443
2311 249512800
2312 249650336
2313 249856156
2314 250719867
2315 251398400
2316 251603968
2317 252033824
2318 252327869
2319 252914400
2320 253202048
2321 253279269
2322 253384111
2323 253645007
2324 253755392
2325 253846098
2326 253872082
2327 254044593
2328 254217632
2329 254266144
2330 254432675
2331 254555136
2332 254642917
2333 254703968
2334 254744919
2335 254771200
2336 254787161
2337 254796192
2338 254800843
2339 254801052
2340 254802944
2341 254803725
2342 254803936
2343 254803967
2344 254803969
2345 254804000
2346 254804211
2347 254804992
2348 254807093
2349 254811744
2350 254820775
2351 254836736
2352 254863017
2353 254903968
2354 254965019
2355 255052800
2356 255140423
2357 255175261
2358 255341792
2359 255563343
2360 255759275
2361 255852544
2362 256223825
2363 256666806
2364 256693536
2365 257280067
2366 257974158
2367 258003968
2368 258175249
2369 258484851
2370 258888069
2371 259776064
2372 259896033
2373 259957600
2374 259978125
2375 261240311
2376 261382464
2377 261964100
2378 262766592
2379 262864644
2380 262899439
2381 263763293
2382 264347831
2383 264569593
2384 265264881
2385 265790083
2386 266429152
2387 266685344
2388 267064576
2389 267316224
2390 268126342
2391 268256527
2392 268480400
2393 268842242
2394 269152875
2395 270593873
2396 271187050
2397 272014336
2398 272709624
2399 273364607
2400 273939368
2401 274315625
2402 274512625
2403 274636899
2404 274752324
2405 274780431
2406 275306933
2407 275315117
2408 275681294
2409 276038906
2410 276152736
2411 276383283
2412 277321617
2413 277512244
2414 277699675
2415 277804032
2416 278391148
2417 278945568
2418 279103968
2419 279275249
2420 279999150
2421 280585681
2422 280772425
2423 281055392
2424 281426673
2425 281715874
2426 281866882
2427 281937425
2428 282103956
2429 282226417
2430 282314198
2431 282375249
2432 282416200
2433 282442481
2434 282458442
2435 282467473
2436 282472124
2437 282474225
2438 282475006
2439 282475217
2440 282475248
2441 282475250
2442 282475281
2443 282475492
2444 282476273
2445 282478374
2446 282483025
2447 282492056
2448 282508017
2449 282534298
2450 282575249
2451 282636300
2452 282724081
2453 282846542
2454 283013073
2455 283234624
2456 283433119
2457 283523825
2458 283870849
2459 283895106
2460 284088992
2461 284364817
2462 284559075
2463 284951348
2464 285198144
2465 285675249
2466 286559350
2467 286928125
2468 287504261
2469 287628881
2470 288200000
2471 288358400
2472 288911592
2473 289192057
2474 289811183
2475 289979833
2476 290437873
2477 291988851
2478 292240874
2479 292503376
2480 293642943
2481 293864525
2482 293939361
2483 294016886
2484 294248800
2485 294356625
2486 295289632
2487 295607456
2488 295927808
2489 296141824
2490 296187175
2491 296728806
2492 296824156
2493 297321399
2494 298151093
2495 298688964
2496 299589827
2497 299685617
2498 299975282
2499 300239392
2500 300384326
2501 300618624
2502 300968864
2503 302339292
2504 302734375
2505 302986398
2506 304537376
2507 305889858
2508 306063657
2509 306775249
2510 307325843
2511 307346368
2512 308362976
2513 308415899
2514 308580175
2515 309300000
2516 310023901
2517 310610432
2518 310860075
2519 311080143
2520 311104400
2521 311331517
2522 311451424
2523 311470819
2524 311698773
2525 311740625
2526 311924667
2527 311962176
2528 312128707
2529 312156581
2530 312251168
2531 312338949
2532 312400000
2533 312440951
2534 312467232
2535 312483193
2536 312492224
2537 312496875
2538 312498976
2539 312499757
2540 312499968
2541 312499999
2542 312500001
2543 312500032
2544 312500243
2545 312501024
2546 312503125
2547 312507776
2548 312516807
2549 312532768
2550 312559049
2551 312600000
2552 312661051
2553 312748832
2554 312871293
2555 313037824
2556 313259375
2557 313548576
2558 313919857
2559 314389568
2560 314440775
2561 314976099
2562 315219357
2563 315270144
2564 315694324
2565 315700000
2566 315795493
2567 316029681
2568 316396100
2569 316584101
2570 317653632
2571 318434976
2572 318756250
2573 318936343
2574 319216808
2575 319569206
2576 319737856
2577 320462624
2578 320725251
2579 321386769
2580 321610642
2581 321819177
2582 322265625
2583 324147925
2584 324381376
2585 324514102
2586 326848907
2587 327682157
2588 327814883
2589 327910673
2590 327971294
2591 328473792
2592 329710368
2593 329832448
2594 330574893
2595 330676344
2596 331536568
2597 331745007
2598 333011149
2599 333143875
2600 334039136
2601 334720267
2602 334768608
2603 334997124
2604 335259626
2605 336079775
2606 336199744
2607 336654208
2608 336800000
2609 337062627
2610 338368151
2611 338588908
2612 338960325
2613 339871619
2614 340941150
2615 341068639
2616 341129151
2617 341311926
2618 341825251
2619 342549152
2620 342941425
2621 343135683
2622 343308823
2623 343605394
2624 343856768
2625 343976675
2626 344265876
2627 344487427
2628 344653958
2629 344768800
2630 344776419
2631 344864200
2632 344925251
2633 344966202
2634 344992483
2635 345008444
2636 345017475
2637 345022126
2638 345024227
2639 345025008
2640 345025219
2641 345025250
2642 345025252
2643 345025283
2644 345025494
2645 345026275
2646 345028167
2647 345028376
2648 345033027
2649 345042058
2650 345058019
2651 345084300
2652 345125251
2653 345186302
2654 345201208
2655 345274083
2656 345396544
2657 345563075
2658 345784626
2659 346054432
2660 346073827
2661 346445108
2662 346649600
2663 346888089
2664 346914819
2665 347501350
2666 348225251
2667 348851536
2668 349109352
2669 349444349
2670 350178883
2671 350295783
2672 351461594
2673 351574881
2674 351635393
2675 351819206
2676 352971419
2677 352987875
2678 354790876
2679 355904032
2680 356275932
2681 356765024
2682 356906627
2683 357203968
2684 357688564
2685 357729317
2686 357935424
2687 358817525
2688 359374158
2689 359404507
2690 359692883
2691 360036239
2692 361710417
2693 362235619
2694 362993664
2695 365021875
2696 365401056
2697 365536400
2698 365673618
2699 365855125
2700 366203651
2701 368322656
2702 368940825
2703 369056250
2704 369325251
2705 369899048
2706 370438407
2707 370660169
2708 370879200
2709 370886283
2710 372241408
2711 372347050
2712 372593143
2713 372699448
2714 372760069
2715 372966176
2716 373654402
2717 373767689
2718 373881519
2719 375050400
2720 376119931
2721 376353450
2722 377004032
2723 377727933
2724 378314464
2725 378579683
2726 378784175
2727 379060100
2728 379155456
2729 379444657
2730 379666208
2731 379832739
2732 379929856
2733 379955200
2734 380042981
2735 380104032
2736 380144983
2737 380171264
2738 380187225
2739 380191744
2740 380196256
2741 380200907
2742 380203008
2743 380203789
2744 380204000
2745 380204031
2746 380204033
2747 380204064
2748 380204275
2749 380205056
2750 380207157
2751 380211808
2752 380220839
2753 380236800
2754 380263081
2755 380304032
2756 380365083
2757 380452864
2758 380575325
2759 380741856
2760 380963407
2761 381252608
2762 381623889
2763 381843957
2764 382093600
2765 382680131
2766 382690625
2767 383404032
2768 384160644
2769 384288133
2770 384641061
2771 384875249
2772 385357664
2773 385431277
2774 385495200
2775 385815552
2776 386640375
2777 387428174
2778 388166656
2779 389566342
2780 389821067
2781 389969657
2782 390460675
2783 390491101
2784 390744486
2785 391735168
2786 392085408
2787 392371593
2788 393895493
2789 394261231
2790 394552939
2791 395729081
2792 397395968
2793 397414400
2794 397547126
2795 397684344
2796 398331450
2797 398698848
2798 400715181
2799 400884375
2800 400985125
2801 401552800
2802 401812411
2803 402424299
2804 402724199
2805 403723333
2806 403740724
2807 403846586
2808 404504032
2809 405491427
2810 406314117
2811 406643149
2812 407736275
2813 408429868
2814 408833183
2815 410232869
2816 411759150
2817 411925952
2818 412848457
2819 413041861
2820 413060176
2821 413166481
2822 413729600
2823 413758464
2824 413873132
2825 414111392
2826 414369208
2827 414777273
2828 414900000
2829 414995493
2830 415719394
2831 416305925
2832 416775636
2833 417146917
2834 417163932
2835 417385056
2836 417436118
2837 417657669
2838 417824200
2839 417946661
2840 418034442
2841 418095493
2842 418136444
2843 418162725
2844 418178686
2845 418187717
2846 418192368
2847 418194469
2848 418195250
2849 418195461
2850 418195492
2851 418195494
2852 418195525
2853 418195736
2854 418196517
2855 418198618
2856 418203269
2857 418212300
2858 418228261
2859 418254542
2860 418295493
2861 418356544
2862 418444325
2863 418566786
2864 418733317
2865 418954868
2866 419244069
2867 419339425
2868 419615350
2869 419720192
2870 420029631
2871 420040544
2872 420085061
2873 420671592
2874 421395493
2875 422279594
2876 423349125
2877 424049207
2878 424260419
2879 424631836
2880 425610592
2881 425639456
2882 426158117
2883 426400808
2884 427011761
2885 427961118
2886 428356201
2887 428367424
2888 429483692
2889 430076869
2890 430535873
2891 432449050
2892 432544400
2893 432574749
2894 432725907
2895 433940418
2896 433992275
2897 434865024
2898 434875575
2899 435249450
2900 435307983
2901 435405861
2902 436775833
2903 438129243
2904 438653875
2905 438706642
2906 439332093
2907 440670208
2908 441704767
2909 441954656
2910 442495493
2911 442818199
2912 443191232
2913 444816117
2914 445366326
2915 446824644
2916 447283648
2917 447391473
2918 447425251
2919 448331776
2920 449399399
2921 449547989
2922 450393792
2923 450762500
2924 451202400
2925 451749925
2926 452728681
2927 454011392
2928 454104244
2929 454683614
2930 455080923
2931 455965024
2932 456688925
2933 456967808
2934 457275456
2935 457330886
2936 457745167
2937 457848951
2938 458116448
2939 458405649
2940 458627200
2941 458690014
2942 458793731
2943 458916192
2944 459003973
2945 459065024
2946 459105975
2947 459132256
2948 459148217
2949 459157248
2950 459161899
2951 459164000
2952 459164781
2953 459164992
2954 459165023
2955 459165025
2956 459165056
2957 459165267
2958 459166048
2959 459168149
2960 459172800
2961 459181831
2962 459197792
2963 459224073
2964 459265024
2965 459326075
2966 459413856
2967 459439200
2968 459508443
2969 459536317
2970 459702848
2971 459924399
2972 460120331
2973 460213600
2974 460507577
2975 460584881
2976 460766944
2977 460881452
2978 461054592
2979 461497025
2980 461641123
2981 462365024
2982 463249125
2983 463630917
2984 464148982
2985 464318656
2986 464392269
2987 465100000
2988 465601367
2989 467003374
2990 467127648
2991 468930649
2992 469729943
2993 470428231
2994 470717368
2995 471000825
2996 471046400
2997 471496608
2998 471828643
2999 472049767
3000 473513931
3001 474655224
3002 474732576
3003 475716483
3004 476375392
3005 477416224
3006 478661669
3007 478984375
3008 479676173
3009 480984064
3010 481387819
3011 482604032
3012 482773226
3013 483465024
3014 484148975
3015 485579292
3016 485835856
3017 486074007
3018 487539450
3019 487794175
3020 488438225
3021 488935468
3022 489152168
3023 490265600
3024 490289525
3025 491402999
3026 491440544
3027 492033694
3028 492719456
3029 493518750
3030 495124751
3031 495321751
3032 496060233
3033 496848032
3034 497028125
3035 497430661
3036 497937339
3037 498130743
3038 498209901
3039 498300417
3040 499200274
3041 499292057
3042 499571050
3043 500084375
3044 500808276
3045 501394807
3046 501864518
3047 502235799
3048 502525000
3049 502746551
3050 502913082
3051 503035543
3052 503123324
3053 503184375
3054 503225326
3055 503251607
3056 503267568
3057 503276599
3058 503281250
3059 503283351
3060 503284132
3061 503284343
3062 503284374
3063 503284376
3064 503284407
3065 503284618
3066 503285399
3067 503287500
3068 503292151
3069 503301182
3070 503317143
3071 503343424
3072 503384375
3073 503445426
3074 503533207
3075 503655668
3076 503822199
3077 503933857
3078 504043750
3079 504332951
3080 504600448
3081 504704232
3082 505173943
3083 505296352
3084 505528806
3085 505760474
3086 506484375
3087 507368476
3088 508419692
3089 508438007
3090 508961323
3091 509040244
3092 509348325
3093 509607936
3094 509720718
3095 509941475
3096 510895264
3097 511246999
3098 511467858
3099 511596383
3100 511686899
3101 511820256
3102 513050000
3103 515165751
3104 517177344
3105 517633282
3106 518462976
3107 519631200
3108 520409375
3109 520494743
3110 520595493
3111 522102625
3112 522456889
3113 522796032
3114 523010048
3115 523795524
3116 525665536
3117 526431776
3118 527212475
3119 527584375
3120 528508981
3121 529553376
3122 530220627
3123 530396174
3124 531913526
3125 532096301
3126 532348100
3127 533271519
3128 533521408
3129 534051694
3130 535928800
3131 536382869
3132 536838807
3133 537279217
3134 537408277
3135 537800736
3136 538306624
3137 538400192
3138 538850400
3139 540500567
3140 540966151
3141 541225881
3142 541845007
3143 542419768
3144 542769152
3145 544295433
3146 545120256
3147 545578144
3148 546647675
3149 547531776
3150 548254993
3151 548255677
3152 548719799
3153 548842208
3154 548886725
3155 549170182
3156 549311919
3157 549389223
3158 549683200
3159 549972401
3160 550008075
3161 550193952
3162 550360483
3163 550482944
3164 550570725
3165 550631776
3166 550672727
3167 550699008
3168 550714969
3169 550724000
3170 550728651
3171 550730752
3172 550731533
3173 550731744
3174 550731775
3175 550731777
3176 550731808
3177 550732019
3178 550732800
3179 550734901
3180 550739552
3181 550748583
3182 550764544
3183 550790825
3184 550831776
3185 550892827
3186 550980608
3187 550988227
3188 551103069
3189 551269600
3190 551491151
3191 551780352
3192 551896775
3193 552151633
3194 552621344
3195 553207875
3196 553931776
3197 553956768
3198 554815877
3199 555806250
3200 555885408
3201 556256633
3202 557168119
3203 558598568
3204 558694400
3205 560497401
3206 561565024
3207 562121052
3208 562556664
3209 562613152
3210 563750551
3211 564732157
3212 564950498
3213 565080683
3214 565203936
3215 566132569
3216 567303968
3217 567915856
3218 567942144
3219 568137625
3220 568817524
3221 570457449
3222 571107581
3223 571242925
3224 571594806
3225 571637024
3226 572525107
3227 572628332
3228 573062906
3229 574241050
3230 574370258
3231 575021225
3232 575031776
3233 577121600
3234 577392057
3235 579360927
3236 581180908
3237 582519543
3238 583111717
3239 584233067
3240 584286208
3241 584481689
3242 584792525
3243 586167008
3244 587012811
3245 587343150
3246 589792333
3247 589810681
3248 589856256
3249 589867169
3250 591926432
3251 593071875
3252 593508574
3253 593729433
3254 594975249
3255 595255714
3256 595890592
3257 595975808
3258 596167200
3259 596538425
3260 597607956
3261 598492057
3262 599068098
3263 599215958
3264 599802489
3265 599829219
3266 600272200
3267 600643481
3268 600932682
3269 601154233
3270 601320764
3271 601443225
3272 601531006
3273 601592057
3274 601633008
3275 601659289
3276 601675250
3277 601684281
3278 601688932
3279 601691033
3280 601691814
3281 601692025
3282 601692056
3283 601692058
3284 601692089
3285 601692300
3286 601693081
3287 601695182
3288 601699833
3289 601708864
3290 601724825
3291 601751106
3292 601792057
3293 601853108
3294 601940889
3295 602063350
3296 602229881
3297 602451432
3298 602723618
3299 602740633
3300 603111914
3301 603253651
3302 603581625
3303 603632832
3304 603834893
3305 604168156
3306 604892057
3307 605684375
3308 605776158
3309 606173467
3310 606845689
3311 606958176
3312 608128400
3313 609337267
3314 609549039
3315 609558849
3316 609654681
3317 610921344
3318 611197952
3319 611457682
3320 612232511
3321 612524299
3322 612683776
3323 613573433
3324 614576800
3325 615251294
3326 616040964
3327 617221375
3328 618902425
3329 619138025
3330 619140576
3331 620075733
3332 622203206
3333 622802336
3334 624081248
3335 624158469
3336 624700100
3337 625000000
3338 625992057
3339 627500500
3340 627727617
3341 629966944
3342 630321208
3343 630591557
3344 632056768
3345 633657583
3346 633975607
3347 635008000
3348 635200808
3349 635246489
3350 635689131
3351 635845619
3352 638633325
3353 639146400
3354 640827450
3355 640955975
3356 642007861
3357 643693149
3358 643938726
3359 644475392
3360 645580342
3361 646591143
3362 646908768
3363 647127481
3364 647411292
3365 647540500
3366 647898517
3367 648394144
3368 649920425
3369 650292818
3370 650640519
3371 651203136
3372 652272667
3373 653131776
3374 653156768
3375 653880669
3376 654213932
3377 654458123
3378 654467200
3379 654936911
3380 654975275
3381 655308192
3382 655546331
3383 655597393
3384 655818944
3385 655985475
3386 656107936
3387 656195717
3388 656256768
3389 656297719
3390 656324000
3391 656339961
3392 656348992
3393 656353643
3394 656355744
3395 656356525
3396 656356736
3397 656356767
3398 656356769
3399 656356800
3400 656357011
3401 656357792
3402 656359893
3403 656364544
3404 656373575
3405 656389536
3406 656415817
3407 656456768
3408 656517819
3409 656605600
3410 656728061
3411 656894592
3412 657006250
3413 657116143
3414 657405344
3415 657525251
3416 657776625
3417 658246336
3418 658832867
3419 659556768
3420 660068176
3421 660440869
3422 661328864
3423 661510400
3424 661743799
3425 662158233
3426 662402424
3427 662679281
3428 662793111
3429 664319392
3430 665128000
3431 666122393
3432 666587977
3433 668200599
3434 668238144
3435 669488875
3436 670705675
3437 671036014
3438 672999461
3439 673567136
3440 675200000
3441 675788906
3442 676333568
3443 676867917
3444 679680077
3445 679936543
3446 680656768
3447 680927225
3448 681369867
3449 681423008
3450 682585056
3451 684985919
3452 686295148
3453 686787825
3454 687375801
3455 687812500
3456 688263457
3457 688510031
3458 689911200
3459 690050502
3460 690624299
3461 691916256
3462 692346875
3463 692704032
3464 693537792
3465 693768339
3466 694413150
3467 695492161
3468 697587858
3469 697713931
3470 697740219
3471 698364832
3472 700575392
3473 700670742
3474 701125601
3475 701600800
3476 701792192
3477 703042923
3478 704092057
3479 705158674
3480 706961675
3481 708256043
3482 708487956
3483 708878643
3484 709247351
3485 709770667
3486 709961294
3487 710169856
3488 710840198
3489 711724299
3490 712448200
3491 713034731
3492 713504442
3493 713875723
3494 713905069
3495 713968992
3496 714164924
3497 714386475
3498 714553006
3499 714675467
3500 714763248
3501 714824299
3502 714865250
3503 714891531
3504 714907492
3505 714916523
3506 714921174
3507 714923275
3508 714924056
3509 714924267
3510 714924298
3511 714924300
3512 714924331
3513 714924542
3514 714925323
3515 714927424
3516 714932075
3517 714941106
3518 714957067
3519 714983348
3520 715024299
3521 715085350
3522 715173131
3523 715295592
3524 715462123
3525 715648000
3526 715683674
3527 715972875
3528 716344156
3529 716813867
3530 716822944
3531 717133824
3532 717400398
3533 717548258
3534 718124299
3535 719008400
3536 719435048
3537 720077931
3538 721360642
3539 722886923
3540 722946486
3541 724689924
3542 725078125
3543 725229283
3544 725700725
3545 726805675
3546 728716573
3547 728740100
3548 729273206
3549 730487527
3550 730695493
3551 731604707
3552 732134667
3553 732164576
3554 732383289
3555 732629382
3556 735259901
3557 735435448
3558 735591936
3559 737632575
3560 738464607
3561 739009269
3562 739224299
3563 741640273
3564 742095132
3565 742196301
3566 743553450
3567 744045568
3568 746580967
3569 748433050
3570 748478731
3571 748700500
3572 748970849
3573 749048201
3574 751216608
3575 753300000
3576 754059692
3577 754372102
3578 756694752
3579 757088851
3580 758088343
3581 758756768
3582 760359723
3583 760389632
3584 760408064
3585 761241824
3586 763091536
3587 763220744
3588 763251093
3589 764567168
3590 765073056
3591 765361133
3592 765718624
3593 766608281
3594 767446174
3595 767834375
3596 769124389
3597 769637376
3598 771163657
3599 771665024
3600 772212969
3601 772446368
3602 773515899
3603 774400000
3604 774627007
3605 775123901
3606 775252344
3607 775390475
3608 775710432
3609 776180143
3610 776551424
3611 776840625
3612 777062176
3613 777228707
3614 777351168
3615 777438949
3616 777500000
3617 777540951
3618 777567232
3619 777583193
3620 777592224
3621 777596875
3622 777598976
3623 777599757
3624 777599968
3625 777599999
3626 777600001
3627 777600032
3628 777600243
3629 777601024
3630 777603125
3631 777607776
3632 777616807
3633 777632768
3634 777659049
3635 777700000
3636 777761051
3637 777848832
3638 777971293
3639 778137824
3640 778359375
3641 778648576
3642 779019857
3643 779489568
3644 780076099
3645 780076783
3646 780086593
3647 780800000
3648 781684101
3649 782753632
3650 784036343
3651 784130125
3652 784268256
3653 785441600
3654 785562624
3655 785759624
3656 786220182
3657 786431349
3658 786473567
3659 787048000
3660 787365625
3661 789481376
3662 791266575
3663 791948907
3664 792074426
3665 793167552
3666 794159467
3667 794810368
3668 797576800
3669 798111149
3670 798399525
3671 799160877
3672 799393331
3673 800276631
3674 801900000
3675 803365211
3676 804190275
3677 805148498
3678 805460908
3679 805535744
3680 806229151
3681 807655033
3682 807908418
3683 809015526
3684 811041869
3685 811154432
3686 811792808
3687 813732832
3688 815265374
3689 815784375
3690 815967150
3691 816735393
3692 817324299
3693 818937856
3694 820296301
3695 820739017
3696 821272992
3697 823035424
3698 824085152
3699 825908633
3700 827385933
3701 827520319
3702 830121875
3703 830247394
3704 830780500
3705 831037064
3706 832714925
3707 833207025
3708 834137083
3709 834830676
3710 836103699
3711 836390986
3712 836633677
3713 836897664
3714 838066176
3715 838159958
3716 839369056
3717 839442669
3718 840512200
3719 840884893
3720 841396301
3721 842120202
3722 842706733
3723 843176444
3724 843547725
3725 843836926
3726 844058477
3727 844225008
3728 844347469
3729 844396817
3730 844435250
3731 844496301
3732 844537252
3733 844563533
3734 844579494
3735 844588525
3736 844593176
3737 844595277
3738 844596058
3739 844596269
3740 844596300
3741 844596302
3742 844596333
3743 844596544
3744 844597325
3745 844599426
3746 844604077
3747 844613108
3748 844629069
3749 844655350
3750 844696301
3751 844757352
3752 844845133
3753 844967594
3754 845134125
3755 845355676
3756 845428100
3757 845615531
3758 845644877
3759 846016158
3760 846485869
3761 846788875
3762 846840732
3763 846943957
3764 847072400
3765 847790625
3766 847796301
3767 848309626
3768 848680402
3769 849107050
3770 849749933
3771 851032644
3772 852241511
3773 852558925
3774 854361926
3775 855666656
3776 856477677
3777 856496025
3778 856835168
3779 858945208
3780 861175808
3781 861745311
3782 861806669
3783 861932742
3784 862319744
3785 863231776
3786 863610957
3787 865107450
3788 867778848
3789 867824199
3790 868881517
3791 868896301
3792 870697408
3793 872128544
3794 873225452
3795 876580342
3796 876997439
3797 877360517
3798 877815376
3799 878150733
3800 879840523
3801 880000000
3802 882578400
3803 883488407
3804 883731694
3805 884167306
3806 885701775
3807 887503681
3808 888096519
3809 889213699
3810 890031725
3811 890036543
3812 890960083
3813 891832832
3814 893456201
3815 895621683
3816 895757027
3817 897118176
3818 898922464
3819 899452424
3820 901783925
3821 902212344
3822 903100000
3823 903201792
3824 904251456
3825 905062477
3826 905486657
3827 906367207
3828 907307325
3829 907674581
3830 908170208
3831 908291232
3832 908825600
3833 909696489
3834 910979200
3835 911160736
3836 912048731
3837 912780968
3838 912932832
3839 913201375
3840 913656733
3841 913940258
3842 914192057
3843 914243264
3844 914712975
3845 915084256
3846 915373457
3847 915595008
3848 915761539
3849 915884000
3850 915971781
3851 916032832
3852 916073783
3853 916100064
3854 916116025
3855 916125056
3856 916129707
3857 916131808
3858 916132589
3859 916132800
3860 916132831
3861 916132833
3862 916132864
3863 916133075
3864 916133856
3865 916135957
3866 916140608
3867 916149639
3868 916165600
3869 916191881
3870 916232832
3871 916293883
3872 916381664
3873 916504125
3874 916670656
3875 916892207
3876 917181408
3877 917552689
3878 918022400
3879 918330048
3880 918608931
3881 919113307
3882 919332832
3883 920216933
3884 920887275
3885 921286464
3886 921479868
3887 922569175
3888 923092586
3889 923831469
3890 924095456
3891 924608443
3892 925898457
3893 926733381
3894 928014208
3895 930481739
3896 930935808
3897 930945618
3898 931929614
3899 931970367
3900 933343200
3901 934820500
3902 936643981
3903 938832017
3904 939832576
3905 939914668
3906 940432832
3907 942481089
3908 942516224
3909 943050592
3910 944269306
3911 944761983
3912 946717308
3913 946996301
3914 947001119
3915 949687264
3916 950649193
3917 953301150
3918 954327649
3919 955268225
3920 957885623
3921 958882111
3922 959633050
3923 960452502
3924 961568256
3925 962128125
3926 962339292
3927 962449399
3928 963807392
3929 965775701
3930 966674048
3931 968136543
3932 968654707
3933 968856768
3934 968927269
3935 969728267
3936 969857327
3937 969921075
3938 971341824
3939 971925394
3940 975226175
3941 975287533
3942 975762500
3943 976599008
3944 978087636
3945 980555167
3946 981896089
3947 982670918
3948 983517625
3949 983562976
3950 984473919
3951 985476789
3952 986000200
3953 987282911
3954 988352442
3955 989236543
3956 989960444
3957 990546975
3958 991016686
3959 991387967
3960 991604744
3961 991677168
3962 991898719
3963 992065250
3964 992187711
3965 992275492
3966 992336543
3967 992377494
3968 992403775
3969 992419736
3970 992428767
3971 992433418
3972 992435519
3973 992436300
3974 992436511
3975 992436542
3976 992436544
3977 992436575
3978 992436786
3979 992437567
3980 992439668
3981 992444319
3982 992453350
3983 992469311
3984 992495592
3985 992536543
3986 992597594
3987 992685375
3988 992807836
3989 992974367
3990 993195918
3991 993485119
3992 993856400
3993 994326111
3994 994506656
3995 994768544
3996 994912642
3997 995368000
3998 995374401
3999 995636543
4000 996520644
4001 997399548
4002 997528608
4003 997590175
4004 998872886
4005 999329769
4006 1000399167
4007 1001382019
4008 1002202168
4009 1004317919
4010 1004397867
4011 1005099856
4012 1006357031
4013 1006568750
4014 1006785450
4015 1006945007
4016 1009512525
4017 1009646911
4018 1009896800
4019 1012947692
4020 1013275648
4021 1013282182
4022 1013299573
4023 1016736543
4024 1018532832
4025 1018784800
4026 1019887550
4027 1021065694
4028 1021219949
4029 1022921768
4030 1022987569
4031 1024343232
4032 1025990975
4033 1026629351
4034 1027424299
4035 1028306400
4036 1029124426
4037 1029599393
4038 1031571936
4039 1031989033
4040 1032403968
4041 1034606431
4042 1035738075
4043 1036560800
4044 1037625107
4045 1037871967
4046 1040187392
4047 1044434424
4048 1044958418
4049 1045112673
4050 1046369600
4051 1046824064
4052 1049441824
4053 1050559277
4054 1052902719
4055 1053230675
4056 1054016151
4057 1056531456
4058 1057890625
4059 1058715999
4060 1059392917
4061 1059949550
4062 1060075249
4063 1060746974
4064 1060857081
4065 1061780500
4066 1061860448
4067 1063141275
4068 1063976199
4069 1065779200
4070 1067305481
4071 1067649858
4072 1067804451
4073 1068588192
4074 1069657723
4075 1070066426
4076 1070541824
4077 1071265725
4078 1071671711
4079 1071852256
4080 1072321967
4081 1072693248
4082 1072982449
4083 1073204000
4084 1073370531
4085 1073492992
4086 1073580773
4087 1073641824
4088 1073682775
4089 1073709056
4090 1073725017
4091 1073729536
4092 1073734048
4093 1073738699
4094 1073740800
4095 1073741581
4096 1073741792
4097 1073741823
4098 1073741825
4099 1073741856
4100 1073742067
4101 1073742848
4102 1073744949
4103 1073749600
4104 1073758631
4105 1073774592
4106 1073800873
4107 1073841824
4108 1073902875
4109 1073941308
4110 1073990656
4111 1074113117
4112 1074279648
4113 1074501199
4114 1074552261
4115 1074790400
4116 1075161681
4117 1075631392
4118 1076217923
4119 1076941824
4120 1077825925
4121 1078895456
4122 1079007943
4123 1080178167
4124 1080635050
4125 1081049056
4126 1081055457
4127 1081704448
4128 1082660742
4129 1083507449
4130 1085623200
4131 1087416352
4132 1088090731
4133 1089305052
4134 1090100000
4135 1090321331
4136 1090946668
4137 1090952192
4138 1094252973
4139 1094836543
4140 1095128331
4141 1095321139
4142 1098041824
4143 1099400269
4144 1099824449
4145 1100660957
4146 1101463552
4147 1102370975
4148 1104866325
4149 1104976432
4150 1105324133
4151 1107296256
4152 1107768750
4153 1108292744
4154 1108908317
4155 1112877217
4156 1114855201
4157 1115521792
4158 1119177248
4159 1120714299
4160 1120780100
4161 1121155232
4162 1121641344
4163 1122095808
4164 1122625251
4165 1123127775
4166 1126263699
4167 1126736193
4168 1127071550
4169 1129968224
4170 1131661474
4171 1133119792
4172 1134208000
4173 1135990625
4174 1136476375
4175 1139444986
4176 1139779476
4177 1141433568
4178 1143080257
4179 1143085781
4180 1144162131
4181 1145264800
4182 1145477839
4183 1145835856
4184 1145941718
4185 1147872583
4186 1148409249
4187 1149932576
4188 1150525000
4189 1152328001
4190 1152423833
4191 1152976992
4192 1153854282
4193 1155136993
4194 1156206524
4195 1156938761
4196 1157090625
4197 1157096301
4198 1157317632
4199 1157352767
4200 1157804032
4201 1157814526
4202 1158401057
4203 1158870768
4204 1159242049
4205 1159531250
4206 1159641143
4207 1159752801
4208 1159919332
4209 1160041793
4210 1160129574
4211 1160190625
4212 1160231576
4213 1160257857
4214 1160273818
4215 1160282849
4216 1160287500
4217 1160289601
4218 1160290382
4219 1160290593
4220 1160290624
4221 1160290626
4222 1160290657
4223 1160290868
4224 1160291649
4225 1160293750
4226 1160298401
4227 1160307432
4228 1160323393
4229 1160349674
4230 1160390625
4231 1160451676
4232 1160539457
4233 1160661918
4234 1160828449
4235 1161050000
4236 1161339201
4237 1161710482
4238 1162108377
4239 1162180193
4240 1162766724
4241 1163490625
4242 1163966023
4243 1164374726
4244 1165444257
4245 1165596982
4246 1166726968
4247 1168253249
4248 1170056250
4249 1170936800
4250 1171458319
4251 1172172001
4252 1173097408
4253 1174089323
4254 1174639532
4255 1176141824
4256 1176964668
4257 1177415625
4258 1177500993
4259 1180801774
4260 1182988619
4261 1183827317
4262 1184590625
4263 1185208883
4264 1188919776
4265 1189598025
4266 1189621552
4267 1191866400
4268 1193845057
4269 1195795493
4270 1198399519
4271 1198608081
4272 1199129600
4273 1199426018
4274 1199810701
4275 1202537294
4276 1203116664
4277 1203384114
4278 1204433056
4279 1205726049
4280 1206897152
4281 1207088544
4282 1212756250
4283 1212812500
4284 1213197183
4285 1218208674
4286 1218778144
4287 1219006098
4288 1219433875
4289 1219993333
4290 1220750267
4291 1220756801
4292 1221534976
4293 1221781550
4294 1223703425
4295 1224588561
4296 1224800333
4297 1226570081
4298 1228032576
4299 1228475292
4300 1228632832
4301 1229634582
4302 1231821427
4303 1234268906
4304 1235122208
4305 1236765024
4306 1237983669
4307 1238658048
4308 1239525793
4309 1240451200
4310 1242566951
4311 1244369952
4312 1245896233
4313 1247178944
4314 1247240511
4315 1247725107
4316 1247970592
4317 1248248475
4318 1249132576
4319 1249856477
4320 1250443008
4321 1250514824
4322 1250912719
4323 1251284000
4324 1251531349
4325 1251573201
4326 1251794752
4327 1251961283
4328 1252083744
4329 1252171525
4330 1252232576
4331 1252273527
4332 1252299808
4333 1252315769
4334 1252324800
4335 1252329451
4336 1252331552
4337 1252332333
4338 1252332544
4339 1252332575
4340 1252332577
4341 1252332608
4342 1252332819
4343 1252333600
4344 1252335701
4345 1252340352
4346 1252349383
4347 1252365344
4348 1252391625
4349 1252432576
4350 1252493627
4351 1252581408
4352 1252703869
4353 1252870400
4354 1253091951
4355 1253381152
4356 1253497575
4357 1253752433
4358 1254222144
4359 1254808675
4360 1255532576
4361 1256416677
4362 1257486208
4363 1258048825
4364 1258269949
4365 1258768919
4366 1259900908
4367 1260295200
4368 1261158083
4369 1262098201
4370 1262504507
4371 1262690625
4372 1262791794
4373 1264213952
4374 1265656075
4375 1266681483
4376 1269405443
4377 1269542944
4378 1270889939
4379 1272843725
4380 1274911792
4381 1276146826
4382 1276632576
4383 1278560864
4384 1279704800
4385 1280781150
4386 1280884375
4387 1280961727
4388 1281556100
4389 1285887008
4390 1289017344
4391 1289658931
4392 1290981857
4393 1291467969
4394 1295471593
4395 1296336864
4396 1297603232
4397 1297768000
4398 1299305051
4399 1300495968
4400 1300944976
4401 1302873792
4402 1303086831
4403 1303761325
4404 1304689683
4405 1304854451
4406 1304936543
4407 1306925125
4408 1307299068
4409 1309227381
4410 1310989714
4411 1312713536
4412 1312798752
4413 1316570675
4414 1316616356
4415 1321495956
4416 1321676533
4417 1323242336
4418 1325206849
4419 1325825107
4420 1328331776
4421 1328545792
4422 1329613958
4423 1331567744
4424 1332914739
4425 1333225575
4426 1334328325
4427 1334686342
4428 1335674749
4429 1335776200
4430 1337461794
4431 1338077367
4432 1338243731
4433 1340359482
4434 1342162483
4435 1342556775
4436 1343688764
4437 1344818750
4438 1344971475
4439 1345064327
4440 1346041006
4441 1346925107
4442 1347649008
4443 1347880676
4444 1348235539
4445 1348705250
4446 1349076531
4447 1349365732
4448 1349587283
4449 1349753814
4450 1349876275
4451 1349964056
4452 1350025107
4453 1350066058
4454 1350092339
4455 1350108300
4456 1350117331
4457 1350121982
4458 1350124083
4459 1350124864
4460 1350125075
4461 1350125106
4462 1350125108
4463 1350125139
4464 1350125350
4465 1350126131
4466 1350128232
4467 1350132883
4468 1350141914
4469 1350157875
4470 1350184156
4471 1350225107
4472 1350286158
4473 1350373939
4474 1350496400
4475 1350662931
4476 1350884482
4477 1351173683
4478 1351533568
4479 1351544964
4480 1352014675
4481 1352601206
4482 1353325107
4483 1354209208
4484 1354732576
4485 1355278739
4486 1356217073
4487 1356561450
4488 1358068373
4489 1358087731
4490 1358147294
4491 1359890732
4492 1362006483
4493 1363709369
4494 1364474014
4495 1366253601
4496 1367335475
4497 1368188777
4498 1368200000
4499 1370636256
4500 1371281067
4501 1372640575
4502 1374410323
4503 1374425107
4504 1374698400
4505 1375297856
4506 1378754258
4507 1379292057
4508 1379503224
4509 1380610332
4510 1383023808
4511 1383679539
4512 1384185856
4513 1384589611
4514 1386033858
4515 1386241824
4516 1389260500
4517 1389635632
4518 1393467392
4519 1395328077
4520 1395560531
4521 1398224751
4522 1399115125
4523 1399341019
4524 1401411693
4525 1402646982
4526 1408498144
4527 1410591283
4528 1410632036
4529 1414798175
4530 1415094593
4531 1416714825
4532 1417022906
4533 1417248800
4534 1418767075
4535 1419417207
4536 1419469064
4537 1420379136
4538 1424025319
4539 1425304417
4540 1425896032
4541 1429360275
4542 1429633568
4543 1429848598
4544 1431633257
4545 1433340117
4546 1433422419
4547 1433956768
4548 1436723200
4549 1436860701
4550 1439584661
4551 1440349306
4552 1441406624
4553 1442052192
4554 1442765874
4555 1444167943
4556 1445970944
4557 1446288358
4558 1447497225
4559 1448175148
4560 1448779936
4561 1449849467
4562 1450733568
4563 1451354993
4564 1451457469
4565 1451601567
4566 1452044000
4567 1452513711
4568 1452525107
4569 1452884992
4570 1453174193
4571 1453395744
4572 1453562275
4573 1453684736
4574 1453772517
4575 1453833568
4576 1453874519
4577 1453900800
4578 1453916761
4579 1453925792
4580 1453930443
4581 1453932544
4582 1453933325
4583 1453933536
4584 1453933567
4585 1453933569
4586 1453933600
4587 1453933811
4588 1453934592
4589 1453936693
4590 1453941344
4591 1453945856
4592 1453950375
4593 1453966336
4594 1453992617
4595 1454033568
4596 1454094619
4597 1454182400
4598 1454304861
4599 1454471392
4600 1454692943
4601 1454982144
4602 1455353425
4603 1455823136
4604 1456409667
4605 1456914043
4606 1457133568
4607 1458017669
4608 1458295552
4609 1459087200
4610 1459204100
4611 1460369911
4612 1461631349
4613 1461896192
4614 1463699193
4615 1465814944
4616 1465981308
4617 1466864608
4618 1468282475
4619 1471143936
4620 1471379536
4621 1472790625
4622 1473807150
4623 1474444717
4624 1474737024
4625 1475752608
4626 1478233568
4627 1480816339
4628 1481677583
4629 1482562719
4630 1484796181
4631 1487488000
4632 1491729351
4633 1491937317
4634 1492524299
4635 1493068961
4636 1494687392
4637 1495720918
4638 1496171875
4639 1497133550
4640 1499368992
4641 1500953069
4642 1503565173
4643 1504082325
4644 1505315876
4645 1506455443
4646 1507136544
4647 1511509474
4648 1514399744
4649 1515041331
4650 1515783776
4651 1516722139
4652 1517824889
4653 1518595925
4654 1521754102
4655 1522339817
4656 1523277525
4657 1524895956
4658 1528450574
4659 1530476917
4660 1532906848
4661 1533168736
4662 1533691557
4663 1534653232
4664 1534807825
4665 1535402198
4666 1539731349
4667 1540494657
4668 1543168319
4669 1543520200
4670 1544157767
4671 1546820981
4672 1549425383
4673 1549682442
4674 1550008768
4675 1552149973
4676 1554265724
4677 1554713600
4678 1555200000
4679 1556068725
4680 1556088083
4681 1556333568
4682 1557595006
4683 1558877717
4684 1559520600
4685 1559947248
4686 1560831349
4687 1561555250
4688 1562141781
4689 1562611492
4690 1562649856
4691 1562982773
4692 1563271974
4693 1563493525
4694 1563660056
4695 1563782517
4696 1563870298
4697 1563931349
4698 1563972300
4699 1563998581
4700 1564014542
4701 1564023573
4702 1564028224
4703 1564030325
4704 1564031106
4705 1564031317
4706 1564031348
4707 1564031350
4708 1564031381
4709 1564031592
4710 1564032373
4711 1564034474
4712 1564039125
4713 1564048156
4714 1564064117
4715 1564090398
4716 1564131349
4717 1564192400
4718 1564280181
4719 1564402642
4720 1564569173
4721 1564790724
4722 1564832576
4723 1564843799
4724 1565079925
4725 1565451206
4726 1565920917
4727 1566507448
4728 1567231349
4729 1568115450
4730 1569184981
4731 1569787218
4732 1569789769
4733 1570467692
4734 1571993973
4735 1572489600
4736 1573796974
4737 1574884344
4738 1575912725
4739 1577026199
4740 1578300000
4741 1578380256
4742 1578486118
4743 1579470114
4744 1581241717
4745 1584542498
4746 1584624800
4747 1588331349
4748 1589892381
4749 1590475801
4750 1592660500
4751 1594128600
4752 1595446875
4753 1597357827
4754 1597585781
4755 1598266375
4756 1600942011
4757 1601464832
4758 1603166742
4759 1604929075
4760 1609466773
4761 1611356043
4762 1613906569
4763 1616553224
4764 1617314567
4765 1618849792
4766 1619455649
4767 1619701226
4768 1620233824
4769 1622196301
4770 1622417632
4771 1624473600
4772 1624497525
4773 1628178125
4774 1631057131
4775 1632536608
4776 1632600356
4777 1633375306
4778 1635264576
4779 1638461693
4780 1639313127
4781 1641564607
4782 1643266517
4783 1647145568
4784 1648793311
4785 1652070849
4786 1652442383
4787 1654255548
4788 1654876100
4789 1656400000
4790 1657220908
4791 1658122576
4792 1659896544
4793 1660188851
4794 1662625107
4795 1663489632
4796 1663575000
4797 1666351093
4798 1666431349
4799 1668274848
4800 1668818624
4801 1670528069
4802 1670934375
4803 1672737376
4804 1673538119
4805 1674263657
4806 1675433881
4807 1675546368
4808 1676615899
4809 1677500000
4810 1678223901
4811 1678810432
4812 1679280143
4813 1679651424
4814 1679887550
4815 1679940625
4816 1680113664
4817 1680162176
4818 1680328707
4819 1680451168
4820 1680538949
4821 1680600000
4822 1680640951
4823 1680667232
4824 1680683193
4825 1680692224
4826 1680696875
4827 1680698976
4828 1680699757
4829 1680699968
4830 1680699999
4831 1680700001
4832 1680700032
4833 1680700243
4834 1680701024
4835 1680703125
4836 1680707776
4837 1680716807
4838 1680732768
4839 1680759049
4840 1680800000
4841 1680861051
4842 1680948832
4843 1681071293
4844 1681237824
4845 1681459375
4846 1681748576
4847 1682119857
4848 1682589568
4849 1683176099
4850 1683278575
4851 1683900000
4852 1684784101
4853 1685853632
4854 1687136343
4855 1688373150
4856 1688662624
4857 1689192602
4858 1690465625
4859 1692581376
4860 1692867561
4861 1693732832
4862 1694722581
4863 1695048907
4864 1695150358
4865 1697910368
4866 1701211149
4867 1701829351
4868 1705000000
4869 1705572625
4870 1707360842
4871 1708737536
4872 1709329151
4873 1711022401
4874 1711039792
4875 1711497600
4876 1714005152
4877 1714254432
4878 1715722249
4879 1716690107
4880 1719835393
4881 1724994183
4882 1726135424
4883 1728046342
4884 1728947573
4885 1728954656
4886 1730098592
4887 1730329139
4888 1733221875
4889 1734885394
4890 1736408817
4891 1741166176
4892 1743763175
4893 1748559474
4894 1750043957
4895 1750389507
4896 1751707476
4897 1755616951
4898 1758793927
4899 1759841600
4900 1759935168
4901 1760571593
4902 1760729133
4903 1761982682
4904 1765093958
4905 1766433568
4906 1768320600
4907 1769994325
4908 1770001408
4909 1770036543
4910 1770674919
4911 1770924199
4912 1771354818
4913 1775600200
4914 1779929351
4915 1783100000
4916 1783718202
4917 1787018983
4918 1787909189
4919 1788666123
4920 1789880444
4921 1790596344
4922 1792347975
4923 1793376356
4924 1794463726
4925 1796266727
4926 1796556201
4927 1797793008
4928 1798958819
4929 1799075719
4930 1800145250
4931 1800811131
4932 1801029351
4933 1801753252
4934 1802339783
4935 1802809494
4936 1803064352
4937 1803180775
4938 1803469976
4939 1803691527
4940 1803858058
4941 1803980519
4942 1804068300
4943 1804129351
4944 1804170302
4945 1804196583
4946 1804212544
4947 1804221575
4948 1804226226
4949 1804226400
4950 1804228327
4951 1804229108
4952 1804229319
4953 1804229350
4954 1804229352
4955 1804229383
4956 1804229594
4957 1804230375
4958 1804232476
4959 1804237127
4960 1804246158
4961 1804262119
4962 1804288400
4963 1804329351
4964 1804390402
4965 1804478183
4966 1804600644
4967 1804767175
4968 1804988726
4969 1805277927
4970 1805649208
4971 1806118919
4972 1806705450
4973 1807429351
4974 1808313452
4975 1809290131
4976 1809382983
4977 1810665694
4978 1811391232
4979 1812191975
4980 1813994976
4981 1816110727
4982 1816647393
4983 1818267625
4984 1818578258
4985 1818835317
4986 1819061431
4987 1821439719
4988 1822315099
4989 1824740500
4990 1827708443
4991 1828529351
4992 1832265664
4993 1832517632
4994 1832858502
4995 1834137600
4996 1837032844
4997 1837783783
4998 1838802592
4999 1843364744
5000 1843726586